01112	103.8552	1.30009
01129	103.85865	1.3035
01619	103.85504	1.29429
05271	103.84382	1.27975
10041	103.83519	1.27606
10359	103.82259	1.28724
11229	103.80523	1.3106
11539	103.80786	1.29117
12091	103.77715	1.32918
14199	103.81275	1.28132
17059	103.7617	1.31694
18021	103.78892	1.29645
18249	103.78713	1.29072
18269	103.78919	1.2901
19031	103.77838	1.31123
20031	103.75465	1.32056
20051	103.74754	1.32259
21409	103.71207	1.34339
21759	103.72491	1.33032
22011	103.70776	1.3213
22551	103.70066	1.33498
23051	103.68928	1.33169
23059	103.68814	1.33071
23209	103.68578	1.3195
24671	103.66123	1.30958
25359	103.65292	1.32365
25561	103.63771	1.31836
26099	103.636	1.32464
27051	103.67666	1.34845
27211	103.6805	1.34793
27219	103.68025	1.34793
28051	103.74574	1.33229
28499	103.73046	1.34963
28551	103.71994	1.35309
28649	103.74603	1.33901
29159	103.73751	1.32532
33039	103.70408	1.4233
34041	103.70791	1.43887
40251	103.82231	1.34054
40321	103.73947	1.35174
41111	103.81185	1.32081
42091	103.77539	1.34279
42241	103.76708	1.33712
43452	103.73858	1.34853
43531	103.74378	1.35155
43831	103.74789	1.36513
44049	103.76086	1.38104
44169	103.75017	1.37047
44249	103.76649	1.3805
44611	103.76758	1.38712
45071	103.75568	1.40955
45139	103.76178	1.42526
46049	103.76476	1.43709
46111	103.77372	1.44132
46249	103.77875	1.44211
46399	103.79424	1.43896
46441	103.78974	1.44219
46671	103.79462	1.43689
47021	103.78327	1.45113
48131	103.78936	1.40462
49049	103.75075	1.42004
52361	103.85298	1.33974
52369	103.85273	1.34002
52499	103.85537	1.32604
52509	103.85018	1.33116
53279	103.85391	1.3497
54291	103.85886	1.36919
54419	103.85489	1.37206
54439	103.85715	1.37328
55129	103.8355	1.37955
55229	103.84592	1.38851
57129	103.82641	1.43419
58059	103.82866	1.45079
58149	103.81789	1.4619
58219	103.81993	1.44953
58359	103.81465	1.45619
59551	103.82822	1.42539
59759	103.84631	1.41755
59779	103.85252	1.42408
61021	103.87019	1.33628
62039	103.88091	1.34677
63301	103.88531	1.35149
64081	103.88009	1.37603
64331	103.88806	1.37144
65389	103.91007	1.40226
65411	103.91385	1.39945
66509	103.87015	1.37528
67129	103.90499	1.38937
67201	103.89629	1.3867
67209	103.89618	1.38691
67211	103.89766	1.38394
67251	103.90031	1.39443
67551	103.87927	1.39601
68239	103.87287	1.4136
70039	103.87976	1.3293
74011	103.92045	1.37329
76161	103.94758	1.35259
77101	103.94818	1.38064
77351	103.95009	1.3679
77381	103.94712	1.37082
78241	103.95765	1.37211
80219	103.87526	1.30674
82091	103.89411	1.31265
82109	103.89332	1.31519
83249	103.92175	1.31787
91111	103.89253	1.29534
92189	103.90592	1.30476
92309	103.91268	1.30828
96099	103.95786	1.33667
96429	103.99538	1.31372
