363
375
377
385
392
394
395
396
400
408
409
414
421
422
425
427
432
435
436
439
441
448
450
453
457
458
463
465
488
490
492
494
500
501
505
507
508
512
513
516
517
520
529
531
536
541
542
543
549
554
558
564
566
568
570
578
593
596
597
606
607
610
615
623
624
629
630
637
652
654
663
667
672
673
684
692
694
701
710
718
720
726
727
729
735
736
739
740
745
749
750
751
756
757
759
760
761
765
768
770
771
772
773
774
775
778
779
783
784
791
798
801
804
808
809
810
819
834
840
847
853
859
863
871
876
887
889
893
895
901
908
918
920
922
923
924
926
932
933
936
937
940
941
943
944
950
952
953
965
967
972
986
987
989
992
1000
1006
1007
1008
1010
1013
1014
1016
1019
1023
1026
1028
1033
1037
1040
1042
1048
1049
1051
1053
1057
1059
1063
1064
1067
1069
1071
1074
1075
1090
1093
1099
1103
1105
1108
1112
1119
1127
1130
1132
1136
1140
1146
1149
1153
1154
1157
1164
1168
1181
1183
1188
1190
1200
1200
1205
1209
1210
1214
1228
1239
1240
1243
1248
1252
1255
1256
1257
1264
1265
1267
1275
1278
1279
1280
1284
1289
1295
1296
1301
1306
1308
1312
1319
