363	12	412	SEA
363	63	419	SEA
363	7	833	SEA
363	80	667	SEA
363	851	422	SEA
363	980	599	SEA
375	12	372	SEA
375	197	624	SEA
375	63	480	SEA
375	7	988	SEA
375	80	761	SEA
375	851	743	SEA
375	960	600	SEA
375	980	691	SEA
385	12	562	SEA
385	197	471	SEA
385	63	474	SEA
385	7	1050	SEA
385	80	755	SEA
385	851	809	SEA
385	960	600	SEA
385	980	755	SEA
392	12	411	SEA
392	197	209	SEA
392	63	342	SEA
392	7	1111	SEA
392	80	714	SEA
392	851	790	SEA
392	960	499	SEA
392	980	367	SEA
400	12	641	SEA
400	175	709	SEA
400	197	205	SEA
400	63	596	SEA
400	7	1114	SEA
400	80	464	SEA
400	851	752	SEA
400	960	443	SEA
400	980	156	SEA
408	12	499	SEA
408	175	783	SEA
408	197	483	SEA
408	63	650	SEA
408	7	1149	SEA
408	80	672	SEA
408	851	661	SEA
408	960	642	SEA
408	980	591	SEA
409	12	534	SEA
409	175	746	SEA
409	197	510	SEA
409	63	680	SEA
409	7	1182	SEA
409	80	662	SEA
409	851	587	SEA
409	960	596	SEA
409	980	589	SEA
414	12	809	SEA
414	175	542	SEA
414	197	515	SEA
414	63	523	SEA
414	7	755	SEA
414	80	981	SEA
414	851	582	SEA
414	960	652	SEA
414	980	682	SEA
421	12	642	SEA
421	175	622	SEA
421	197	743	SEA
421	63	496	SEA
421	7	904	SEA
421	80	847	SEA
421	851	1038	SEA
421	960	539	SEA
421	980	419	SEA
422	12	849	SEA
422	175	600	SEA
422	197	442	SEA
422	63	554	SEA
422	7	942	SEA
422	80	836	SEA
422	851	1009	SEA
422	960	479	SEA
422	980	83	SEA
425	12	857	SEA
425	175	634	SEA
425	197	492	SEA
425	63	534	SEA
425	7	1050	SEA
425	80	937	SEA
425	851	1020	SEA
425	960	359	SEA
425	980	144	SEA
435	12	1343	SEA
435	175	849	SEA
435	197	487	SEA
435	63	640	SEA
435	7	393	SEA
435	80	822	SEA
435	851	814	SEA
435	960	612	SEA
435	980	286	SEA
439	12	1223	SEA
439	175	854	SEA
439	197	878	SEA
439	63	734	SEA
439	7	438	SEA
439	80	815	SEA
439	851	833	SEA
439	960	597	SEA
439	980	251	SEA
448	12	953	SEA
448	175	711	SEA
448	197	688	SDA
448	63	599	SEA
448	7	728	SEA
448	80	677	SEA
448	851	793	SEA
448	960	601	SEA
448	980	364	SEA
450	12	957	SEA
450	175	775	SEA
450	197	702	SDA
450	63	572	SEA
450	7	773	SEA
450	80	608	SEA
450	851	718	SEA
450	960	1200	SEA
450	980	398	SEA
453	12	964	SEA
453	175	747	SEA
453	197	648	SEA
453	63	661	SEA
453	7	700	SEA
453	80	620	SEA
453	851	729	SEA
453	960	1245	SEA
453	980	538	SEA
457	12	757	SEA
457	175	587	SEA
457	197	687	SEA
457	63	647	SEA
457	7	859	SEA
457	80	902	SEA
457	851	497	SEA
457	960	680	SEA
457	980	332	SEA
458	12	875	SEA
458	175	569	SEA
458	197	727	SEA
458	63	636	SEA
458	7	790	SEA
458	80	953	SEA
458	851	466	SEA
458	960	660	SEA
458	980	469	SEA
463	12	900	SEA
463	175	488	SEA
463	197	659	SEA
463	63	531	SEA
463	7	747	SEA
463	80	1014	SEA
463	851	425	SEA
463	960	665	SEA
463	980	677	SEA
465	12	932	SEA
465	175	593	SEA
465	197	651	SDA
465	63	352	SEA
465	7	800	SEA
465	80	1043	SEA
465	851	396	SEA
465	960	760	SEA
465	980	641	SEA
488	12	576	SEA
488	175	998	SEA
488	197	1420	SEA
488	63	891	SEA
488	7	695	SEA
488	80	1140	SEA
488	851	482	SEA
488	980	135	SEA
490	12	606	SEA
490	175	893	SEA
490	197	1447	SEA
490	63	892	SEA
490	7	718	SEA
490	80	1179	SEA
490	851	465	SEA
490	960	540	SEA
490	980	224	SEA
492	12	693	SEA
492	175	1016	SEA
492	197	1442	SEA
492	63	611	SEA
492	7	682	SEA
492	80	1525	SEA
492	851	517	SEA
492	960	540	SEA
492	980	298	SEA
494	12	572	SEA
494	175	924	SEA
494	197	1398	SEA
494	63	634	SEA
494	7	745	SEA
494	80	1528	SEA
494	851	506	SEA
494	960	1343	SEA
494	980	499	SEA
500	12	612	SEA
500	175	971	SEA
500	197	1304	SEA
500	63	562	SEA
500	7	839	SEA
500	80	539	SEA
500	851	486	SEA
500	960	540	SEA
500	980	528	SEA
501	12	495	SEA
501	175	988	SEA
501	197	1249	SEA
501	63	539	SEA
501	7	756	SEA
501	80	442	SEA
501	851	342	SEA
501	960	540	SEA
501	980	328	SEA
505	12	547	SEA
505	175	1003	SEA
505	197	1026	SDA
505	63	614	SEA
505	7	706	SEA
505	80	373	SEA
505	851	259	SEA
505	960	540	SEA
505	980	590	SEA
507	12	586	SEA
507	175	1133	SEA
507	197	1097	SDA
507	63	549	SEA
507	7	841	SEA
507	80	376	SEA
507	851	381	SEA
507	960	540	SEA
507	980	644	SEA
508	12	550	SEA
508	175	1102	SEA
508	197	1111	SDA
508	63	551	SEA
508	7	803	SEA
508	80	411	SEA
508	851	375	SEA
508	960	540	SEA
508	980	634	SEA
512	12	424	SEA
512	175	1056	SEA
512	197	1106	SEA
512	63	646	SEA
512	7	809	SEA
512	80	792	SEA
512	851	969	SEA
512	960	854	SEA
512	980	360	SEA
516	12	397	SEA
516	175	1069	SEA
516	197	1198	SEA
516	63	543	SEA
516	7	814	SEA
516	80	687	SEA
516	851	981	SEA
516	960	909	SEA
516	980	486	SEA
517	12	428	SEA
517	175	1058	SEA
517	197	1132	SEA
517	63	572	SEA
517	7	840	SEA
517	80	737	SEA
517	851	418	SEA
517	960	846	SEA
517	980	542	SEA
520	12	454	SEA
520	175	1026	SEA
520	197	1224	SEA
520	63	725	SEA
520	7	620	SEA
520	80	758	SEA
520	851	433	SEA
520	960	360	SEA
520	980	246	SEA
529	12	621	SEA
529	175	1129	SEA
529	197	715	SDA
529	63	183	SDA
529	7	704	SEA
529	80	839	SEA
529	851	412	SEA
529	960	402	SEA
529	980	382	SEA
531	12	672	SEA
531	175	1102	SEA
531	197	695	SDA
531	63	230	SDA
531	7	746	SEA
531	80	841	SEA
531	851	475	SEA
531	960	401	SEA
531	980	515	SEA
536	12	661	SEA
536	12e	826	SEA
536	175	1179	SEA
536	197	695	SDA
536	63	160	SEA
536	7	871	SEA
536	80	763	SEA
536	851	129	SEA
536	960	519	SEA
536	980	660	SEA
541	12	60	SEA
541	12e	492	SEA
541	175	397	SDA
541	197	800	SEA
541	63	181	SEA
541	7	687	SEA
541	80	824	SEA
541	851	156	SEA
541	960	230	SEA
541	980	351	SEA
542	12	204	SEA
542	12e	461	SEA
542	175	378	SDA
542	197	782	SEA
542	63	218	SEA
542	7	706	SEA
542	80	824	SEA
542	851	132	SEA
542	960	200	SEA
542	980	429	SEA
543	12	204	SEA
543	12e	461	SEA
543	175	378	SDA
543	197	782	SEA
543	63	218	SEA
543	7	706	SEA
543	80	824	SEA
543	851	132	SEA
543	960	200	SEA
543	980	429	SEA
549	12	251	SEA
549	12e	56	SEA
549	175	247	SEA
549	197	744	SEA
549	63	458	SDA
549	7	356	SEA
549	80	601	SEA
549	851	239	SEA
549	960	371	SEA
549	980	446	SEA
554	12	270	SEA
554	175	293	SEA
554	197	325	SEA
554	63	448	SEA
554	7	173	SEA
554	80	508	SEA
554	851	320	SEA
554	960	284	SEA
554	980	202	SEA
558	12	221	SEA
558	175	264	SEA
558	197	355	SEA
558	63	472	SEA
558	7	952	SEA
558	80	486	SEA
558	851	339	SEA
558	960	485	SEA
558	980	419	SEA
564	12	660	SEA
564	175	1160	SEA
564	197	483	SEA
564	63	362	SEA
564	7	469	SEA
564	80	1062	SEA
564	851	629	SEA
564	960	154	SEA
564	980	608	SEA
566	12	660	SEA
566	175	1032	SEA
566	197	359	SEA
566	63	326	SEA
566	7	443	SEA
566	80	1090	SEA
566	851	558	SEA
566	960	232	SEA
566	980	193	SEA
568	12	708	SEA
568	175	438	SEA
568	197	364	SEA
568	63	549	SEA
568	7	436	SEA
568	80	667	SEA
568	851	1174	SEA
568	960	479	SEA
568	980	357	SEA
578	12	602	SEA
578	175	584	SEA
578	197	985	SEA
578	63	760	SEA
578	7	516	SEA
578	80	900	SEA
578	851	525	SEA
578	960	538	SEA
578	980	784	SEA
593	12	477	SEA
593	175	682	SEA
593	197	484	SEA
593	63	134	SEA
593	7	1271	SEA
593	80	766	SEA
593	851	355	SEA
593	960	282	SEA
593	980	436	SEA
596	12	711	SEA
596	175	1260	SEA
596	197	448	SEA
596	63	181	SEA
596	7	1224	SEA
596	80	821	SEA
596	851	306	SEA
596	960	210	SEA
596	980	714	SEA
606	12	566	SEA
606	175	1166	SEA
606	197	735	SEA
606	63	319	SEA
606	7	241	SEA
606	80	836	SEA
606	851	280	SEA
606	960	711	SEA
606	980	361	SEA
607	12	535	SEA
607	175	888	SEA
607	197	671	SEA
607	63	283	SEA
607	7	225	SEA
607	80	936	SEA
607	851	266	SEA
607	960	877	SEA
607	980	486	SEA
610	12	553	SEA
610	175	763	SEA
610	197	1841	SEA
610	63	384	SEA
610	7	267	SEA
610	80	894	SEA
610	851	291	SEA
610	960	808	SEA
610	980	722	SEA
615	12	830	SEA
615	175	692	SEA
615	197	1761	SEA
615	63	356	SEA
615	7	268	SEA
615	80	721	SEA
615	851	228	SEA
615	960	964	SEA
615	980	1231	SEA
624	12	883	SEA
624	175	1124	SEA
624	197	278	SEA
624	63	597	SEA
624	7	696	SEA
624	80	778	SEA
624	851	795	SEA
624	960	770	SEA
624	980	1065	SEA
637	12	898	SEA
637	175	714	SEA
637	197	321	SEA
637	63	838	SEA
637	7	271	SEA
637	80	1359	SEA
637	851	533	SEA
637	960	174	SEA
637	980	77	SEA
652	12	414	SEA
652	175	839	SEA
652	197	249	SEA
652	63	1113	SEA
652	7	168	SEA
652	80	485	SEA
652	851	527	SEA
652	960	383	SEA
652	980	1060	SEA
654	12	513	SEA
654	175	774	SEA
654	197	1703	SEA
654	63	709	SEA
654	7	471	SEA
654	80	484	SEA
654	851	569	SEA
654	960	171	SEA
654	980	1115	SEA
663	12	812	SEA
663	175	598	SEA
663	197	169	SEA
663	63	853	SEA
663	7	540	SEA
663	80	523	SEA
663	851	527	SEA
663	960	632	SEA
663	980	563	SEA
684	12	406	SEA
684	175	718	SEA
684	197	229	SEA
684	63	1056	SEA
684	7	893	SEA
684	80	1179	SEA
684	851	798	SEA
684	960	456	SEA
684	980	141	SEA
692	12	849	SEA
692	175	678	SEA
692	197	699	SEA
692	63	1316	SEA
692	7	800	SEA
692	80	698	SEA
692	851	928	SEA
692	960	32	SEA
692	980	826	SEA
694	12	797	SEA
694	175	646	SEA
694	197	730	SEA
694	63	1392	SEA
694	7	852	SEA
694	80	1076	SEA
694	851	852	SEA
694	960	27	SEA
694	980	719	SEA
710	12	406	SEA
710	175	1067	SEA
710	197	233	SEA
710	63	453	SDA
710	7	568	SEA
710	80	940	SEA
710	851	577	SDA
710	960	1172	SEA
710	980	597	SEA
720	12	779	SEA
720	175	1388	SEA
720	197	285	SEA
720	63	538	SEA
720	7	548	SEA
720	80	1022	SEA
720	851	503	SEA
720	960	616	SEA
720	980	650	SEA
727	12	730	SEA
727	175	1225	SEA
727	197	361	SEA
727	63	534	SEA
727	7	708	SEA
727	80	231	SEA
727	851	765	SEA
727	960	594	SEA
727	980	314	SEA
729	12	301	SEA
729	175	1246	SEA
729	197	643	SEA
729	63	475	SEA
729	7	704	SEA
729	80	504	SEA
729	851	776	SEA
729	960	626	SEA
729	980	413	SEA
739	12	1812	SEA
739	175	1073	SEA
739	197	976	SEA
739	63	611	SEA
739	7	60	SEA
739	80	574	SEA
739	851	726	SEA
739	960	625	SEA
739	980	238	SEA
740	12	1787	SEA
740	175	1031	SEA
740	197	1021	SEA
740	63	642	SEA
740	7	90	SEA
740	80	613	SEA
740	851	748	SEA
740	960	595	SEA
740	980	277	SEA
749	12	1084	SEA
749	175	809	SEA
749	197	1042	SEA
749	63	234	SEA
749	7	64	SEA
749	80	537	SEA
749	851	826	SEA
749	960	479	SEA
749	980	13	SEA
750	12	666	SEA
750	175	790	SEA
750	197	1134	SEA
750	63	312	SEA
750	7	81	SEA
750	80	588	SEA
750	851	873	SEA
750	960	419	SEA
750	980	3	SEA
751	12	666	SEA
751	175	790	SEA
751	197	1134	SEA
751	63	312	SEA
751	7	81	SEA
751	80	588	SEA
751	851	873	SEA
751	960	419	SEA
751	980	3	SEA
756	12	600	SEA
756	175	1078	SEA
756	197	1198	SEA
756	63	730	SEA
756	7	1962	SEA
756	80	822	SEA
756	851	900	SEA
756	960	720	SEA
756	980	479	SEA
757	12	591	SEA
757	175	1031	SEA
757	197	1094	SEA
757	63	735	SEA
757	7	448	SEA
757	80	785	SEA
757	851	806	SEA
757	960	719	SEA
757	980	528	SEA
759	12	591	SEA
759	175	1011	SEA
759	197	1159	SEA
759	63	797	SEA
759	7	445	SEA
759	80	833	SEA
759	851	916	SEA
759	960	679	SEA
759	980	563	SEA
760	12	559	SEA
760	175	1090	SEA
760	197	1146	SEA
760	63	791	SEA
760	7	492	SEA
760	80	843	SEA
760	851	560	SDA
760	960	599	SEA
760	980	627	SEA
761	12	613	SEA
761	175	1102	SEA
761	197	1151	SEA
761	63	835	SEA
761	7	936	SEA
761	80	878	SEA
761	851	593	SDA
761	960	564	SEA
761	980	757	SEA
765	12	541	SEA
765	175	886	SEA
765	197	798	SEA
765	63	456	SEA
765	7	1367	SEA
765	80	810	SEA
765	851	543	SDA
765	960	725	SEA
765	980	176	SEA
768	12	500	SEA
768	175	834	SEA
768	197	804	SEA
768	63	497	SEA
768	7	1072	SEA
768	80	947	SEA
768	851	581	SEA
768	960	720	SEA
768	980	582	SEA
770	12	878	SEA
770	175	1137	SEA
770	197	703	SEA
770	63	471	SEA
770	7	1040	SEA
770	80	841	SEA
770	851	616	SEA
770	960	759	SEA
770	980	517	SEA
771	12	946	SEA
771	175	1073	SEA
771	197	599	SEA
771	63	393	SEA
771	7	1057	SEA
771	80	867	SEA
771	851	553	SEA
771	960	819	SEA
771	980	487	SEA
772	12	946	SEA
772	175	1073	SEA
772	197	599	SEA
772	63	393	SEA
772	7	1057	SEA
772	80	867	SEA
772	851	553	SEA
772	960	819	SEA
772	980	487	SEA
773	12	869	SEA
773	175	1072	SEA
773	197	627	SEA
773	63	387	SEA
773	7	1038	SEA
773	80	850	SEA
773	851	610	SEA
773	960	741	SEA
773	980	557	SEA
774	12	831	SEA
774	175	1060	SEA
774	197	585	SEA
774	63	331	SEA
774	7	1121	SEA
774	80	853	SEA
774	851	515	SEA
774	960	822	SEA
774	980	654	SEA
775	12	831	SEA
775	175	1060	SEA
775	197	585	SEA
775	63	331	SEA
775	7	1121	SEA
775	80	853	SEA
775	851	515	SEA
775	960	822	SEA
775	980	654	SEA
778	12	829	SEA
778	175	1024	SEA
778	197	485	SEA
778	63	453	SEA
778	7	1087	SEA
778	80	868	SEA
778	851	303	SEA
778	960	728	SEA
778	980	351	SEA
779	12	1352	SEA
779	175	988	SEA
779	197	582	SEA
779	63	491	SEA
779	7	1096	SEA
779	80	840	SEA
779	851	410	SEA
779	960	720	SEA
779	980	468	SEA
783	12	1295	SEA
783	175	1006	SEA
783	197	554	SEA
783	63	573	SEA
783	7	1071	SEA
783	80	880	SEA
783	851	589	SEA
783	960	797	SEA
783	980	780	SEA
791	12	1348	SEA
791	175	1137	SEA
791	197	1794	SEA
791	63	85	SEA
791	7	870	SEA
791	80	730	SEA
791	851	665	SEA
791	960	1112	SEA
791	980	264	SEA
798	12	664	SEA
798	175	1284	SEA
798	197	640	SEA
798	63	716	SEA
798	7	834	SEA
798	80	466	SEA
798	851	640	SEA
798	960	651	SEA
798	980	719	SEA
801	12	686	SEA
801	175	1296	SEA
801	197	744	SEA
801	63	518	SEA
801	7	875	SEA
801	80	1201	SEA
801	851	682	SEA
801	960	683	SEA
801	980	578	SEA
804	12	764	SEA
804	175	754	SEA
804	197	685	SEA
804	63	540	SEA
804	7	840	SEA
804	80	1192	SEA
804	851	657	SEA
804	960	610	SEA
804	980	502	SEA
808	12	713	SEA
808	175	810	SEA
808	197	593	SEA
808	63	391	SDA
808	7	801	SEA
808	80	1417	SEA
808	851	846	SEA
808	960	539	SEA
808	980	434	SEA
810	12	712	SEA
810	175	760	SEA
810	197	571	SEA
810	63	418	SEA
810	7	737	SEA
810	80	1393	SEA
810	851	952	SEA
810	960	419	SEA
810	980	410	SEA
819	12	811	SEA
819	175	765	SEA
819	197	502	SEA
819	63	773	SDA
819	7	775	SEA
819	80	1373	SEA
819	851	642	SEA
819	960	726	SEA
819	980	635	SEA
834	12	730	SEA
834	175	997	SEA
834	197	1120	SEA
834	63	396	SEA
834	7	464	SEA
834	80	617	SEA
834	851	655	SEA
834	960	1348	SEA
834	980	577	SEA
840	12	540	SEA
840	175	1002	SEA
840	197	377	SEA
840	63	448	SEA
840	7	598	SEA
840	80	685	SEA
840	851	732	SEA
840	960	601	SEA
840	960e	1799	SEA
840	980	467	SEA
847	12	546	SEA
847	175	943	SEA
847	197	284	SEA
847	63	927	SDA
847	7	467	SEA
847	80	889	SEA
847	851	1192	SEA
847	960	784	SEA
847	960e	1701	SEA
847	980	438	SEA
853	12	472	SEA
853	175	1034	SEA
853	197	257	SEA
853	63	632	SDA
853	7	932	SEA
853	80	1024	SEA
853	851	1217	SEA
853	960	1062	SEA
853	960e	1671	SEA
853	980	39	SEA
859	12	1054	SEA
859	175	1078	SEA
859	197	122	SEA
859	63	631	SDA
859	7	875	SEA
859	80	1039	SEA
859	851	650	SEA
859	960	636	SEA
859	980	282	SEA
863	12	590	SEA
863	175	1051	SEA
863	197	1116	SEA
863	63	604	SDA
863	7	843	SEA
863	80	736	SEA
863	851	741	SEA
863	960	604	SEA
863	980	654	SEA
871	12	810	SEA
871	175	1038	SEA
871	197	1256	SEA
871	63	638	SEA
871	7	528	SEA
871	80	636	SEA
871	851	1109	SEA
871	960	330	SEA
871	960e	1739	SEA
871	980	306	SEA
876	12	671	SEA
876	175	1358	SEA
876	197	1285	SEA
876	63	639	SEA
876	7	463	SEA
876	80	1003	SDA
876	851	356	SEA
876	960	845	SEA
876	960e	1585	SEA
876	980	692	SEA
887	12	640	SEA
887	175	1140	SEA
887	197	496	SDA
887	63	621	SEA
887	7	363	SEA
887	80	675	SEA
887	851	253	SEA
887	960	493	SEA
887	980	777	SEA
889	12	677	SEA
889	175	1124	SEA
889	197	476	SDA
889	63	946	SEA
889	7	389	SEA
889	80	724	SEA
889	851	365	SEA
889	960	441	SEA
889	980	798	SEA
893	12	859	SEA
893	175	1138	SEA
893	197	663	SEA
893	63	973	SEA
893	7	338	SEA
893	80	770	SEA
893	851	833	SEA
893	960	330	SEA
893	980	88	SEA
895	12	833	SEA
895	175	1302	SEA
895	197	649	SEA
895	63	951	SEA
895	7	349	SEA
895	80	711	SEA
895	851	765	SEA
895	960	190	SEA
895	980	16	SEA
901	12	611	SEA
901	175	1091	SEA
901	197	1301	SEA
901	63	715	SEA
901	7	689	SEA
901	80	882	SEA
901	851	423	SEA
901	960	1156	SEA
901	960e	1739	SEA
901	980	326	SEA
908	12	699	SEA
908	175	1232	SDA
908	197	1390	SEA
908	63	563	SDA
908	7	826	SEA
908	80	869	SEA
908	851	483	SEA
908	960	50	SEA
908	960e	1655	SEA
908	980	551	SEA
918	12	650	SEA
918	175	1559	SDA
918	197	325	SEA
918	63	530	SDA
918	7	800	SEA
918	80	801	SEA
918	851	569	SEA
918	960	402	SEA
918	980	849	SEA
920	12	547	SEA
920	175	1488	SEA
920	197	309	SEA
920	63	583	SDA
920	7	810	SEA
920	80	898	SDA
920	851	493	SEA
920	960	392	SEA
920	980	839	SEA
922	12	508	SEA
922	175	1595	SEA
922	197	321	SEA
922	63	539	SDA
922	7	779	SEA
922	80	885	SDA
922	851	562	SEA
922	960	453	SEA
922	980	757	SEA
923	12	503	SEA
923	175	1581	SDA
923	197	340	SEA
923	63	509	SDA
923	7	844	SEA
923	80	910	SDA
923	851	508	SEA
923	960	466	SEA
923	980	729	SEA
924	12	609	SEA
924	175	1515	SDA
924	197	403	SEA
924	63	529	SEA
924	7	840	SEA
924	80	979	SDA
924	851	671	SEA
924	960	398	SEA
924	980	738	SEA
926	12	597	SEA
926	175	1402	SDA
926	197	361	SEA
926	63	513	SEA
926	7	863	SEA
926	80	945	SDA
926	851	611	SEA
926	960	678	SEA
926	980	730	SEA
932	12	1086	SEA
932	175	1391	SDA
932	197	1301	SEA
932	63	381	SEA
932	7	678	SEA
932	80	884	SEA
932	851	582	SEA
932	851e	1739	SEA
932	960	662	SEA
932	960e	1739	SEA
932	980	735	SEA
933	12	1102	SEA
933	175	1418	SDA
933	197	1277	SEA
933	63	287	SEA
933	7	725	SEA
933	80	851	SEA
933	851	532	SEA
933	851e	1679	SEA
933	960	592	SEA
933	960e	1468	SEA
933	980	700	SEA
936	12	746	SEA
936	175	836	SDA
936	197	1143	SEA
936	63	451	SEA
936	7	791	SEA
936	80	881	SEA
936	851	589	SEA
936	851e	1608	SEA
936	960	539	SEA
936	960e	1444	SEA
936	980	832	SEA
937	12	519	SEA
937	175	712	SEA
937	197	523	SEA
937	63	463	SEA
937	7	819	SEA
937	80	885	SEA
937	851	526	SEA
937	851e	1579	SEA
937	960	419	SEA
937	960e	1573	SEA
937	980	700	SEA
940	12	523	SEA
940	175	786	SEA
940	197	629	SEA
940	63	380	SEA
940	7	722	SEA
940	80	1066	SEA
940	851	588	SEA
940	851e	1612	SEA
940	960	899	SEA
940	960e	1662	SEA
940	980	681	SEA
941	12	553	SEA
941	175	781	SEA
941	197	565	SEA
941	63	405	SEA
941	7	369	SEA
941	80	1046	SEA
941	851	472	SEA
941	851e	1604	SEA
941	960	28	SEA
941	960e	1635	SEA
941	980	685	SEA
943	12	609	SEA
943	175	736	SEA
943	197	500	SEA
943	63	376	SEA
943	7	390	SEA
943	80	1006	SEA
943	851	492	SEA
943	851e	1567	SEA
943	960	108	SEA
943	960e	1624	SEA
943	980	654	SEA
944	12	637	SEA
944	175	781	SEA
944	197	474	SEA
944	63	419	SEA
944	7	399	SEA
944	80	1042	SEA
944	851	357	SEA
944	851e	1618	SEA
944	960	887	SEA
944	960e	1645	SEA
944	980	674	SEA
950	12	659	SEA
950	175	817	SEA
950	197	499	SEA
950	63	563	SEA
950	7	507	SEA
950	80	809	SEA
950	851	775	SEA
950	960	516	SEA
950	980	1	SEA
952	12	616	SEA
952	175	905	SEA
952	197	465	SEA
952	63	462	SEA
952	7	863	SEA
952	80	760	SEA
952	851	853	SEA
952	960	558	SEA
952	980	80	SEA
953	12	635	SEA
953	175	1376	SEA
953	197	561	SEA
953	63	552	SEA
953	7	863	SEA
953	80	744	SEA
953	851	863	SEA
953	960	510	SEA
953	980	146	SEA
965	12	778	SEA
965	175	1072	SEA
965	197	702	SEA
965	63	670	SEA
965	7	1113	SEA
965	80	797	SEA
965	851	598	SEA
965	851e	1735	SEA
965	960	515	SEA
965	960e	1594	SEA
965	980	1599	SEA
967	12	775	SEA
967	12e	1757	SEA
967	175	1145	SEA
967	197	1747	SEA
967	63	670	SEA
967	7	1100	SEA
967	80	826	SDA
967	851	566	SEA
967	851e	1659	SEA
967	960	502	SEA
967	960e	1663	SEA
967	980	705	SEA
972	12	427	SEA
972	12e	1740	SEA
972	175	480	SDA
972	197	1474	SEA
972	63	436	SEA
972	7	1219	SEA
972	80	817	SDA
972	851	591	SEA
972	851e	1718	SEA
972	960	753	SEA
972	960e	1695	SEA
972	980	648	SEA
986	12	698	SEA
986	175	653	SEA
986	197	887	SEA
986	63	535	SEA
986	7	1451	SEA
986	80	518	SEA
986	851	585	SEA
986	960	726	SEA
986	980	531	SEA
987	12	423	SEA
987	175	611	SEA
987	197	872	SEA
987	63	512	SEA
987	7	1449	SEA
987	80	1240	SEA
987	851	599	SEA
987	960	623	SEA
987	960e	1800	SEA
987	980	595	SEA
989	12	444	SEA
989	175	535	SEA
989	197	864	SEA
989	63	466	SEA
989	7	1444	SEA
989	80	1268	SEA
989	851	548	SEA
989	960	623	SEA
989	960e	1800	SEA
989	980	633	SEA
992	12	510	SEA
992	175	542	SEA
992	197	872	SEA
992	63	777	SEA
992	7	2	SEA
992	80	1408	SEA
992	851	522	SEA
992	851e	1739	SEA
992	960	562	SEA
992	960e	1739	SEA
992	980	658	SEA
1000	12	554	SEA
1000	12e	1744	SEA
1000	175	683	SDA
1000	197	896	SEA
1000	63	781	SEA
1000	7	7	SEA
1000	80	710	SEA
1000	851	635	SEA
1000	851e	1632	SEA
1000	960	482	SEA
1000	980	530	SEA
1006	12	703	SEA
1006	12e	1754	SEA
1006	175	673	SDA
1006	197	340	SDA
1006	63	864	SEA
1006	7	57	SEA
1006	80	752	SEA
1006	851	791	SEA
1006	960	179	SEA
1006	980	199	SEA
1007	12	703	SEA
1007	12e	1754	SEA
1007	175	673	SDA
1007	197	340	SDA
1007	63	864	SEA
1007	7	57	SEA
1007	80	752	SEA
1007	851	791	SEA
1007	960	179	SEA
1007	980	199	SEA
1008	12	572	SEA
1008	12e	1734	SEA
1008	175	750	SDA
1008	197	315	SDA
1008	63	935	SEA
1008	7	81	SEA
1008	80	1010	SEA
1008	851	744	SEA
1008	960	119	SEA
1008	980	295	SEA
1010	12	599	SEA
1010	12e	1752	SEA
1010	175	364	SEA
1010	197	295	SDA
1010	63	960	SDA
1010	7	87	SEA
1010	80	1085	SEA
1010	851	768	SEA
1010	960	19	SEA
1010	980	472	SEA
1013	12	778	SEA
1013	175	341	SEA
1013	197	13	SDA
1013	63	1060	SDA
1013	7	108	SEA
1013	80	1071	SEA
1013	851	756	SEA
1013	960	378	SEA
1013	980	630	SEA
1014	12	716	SEA
1014	175	461	SEA
1014	197	137	SEA
1014	63	1106	SDA
1014	7	122	SEA
1014	80	1033	SEA
1014	851	881	SEA
1014	960	422	SEA
1014	980	644	SEA
1016	12	731	SEA
1016	175	383	SEA
1016	197	97	SEA
1016	63	989	SDA
1016	7	508	SEA
1016	80	1001	SEA
1016	851	805	SEA
1016	960	425	SEA
1016	980	553	SEA
1019	12	751	SEA
1019	175	431	SEA
1019	197	126	SEA
1019	63	1070	SDA
1019	7	520	SEA
1019	80	986	SEA
1019	851	822	SEA
1019	960	459	SEA
1019	960e	1800	SEA
1019	980	523	SEA
1023	12	479	SEA
1023	175	448	SEA
1023	197	240	SDA
1023	63	1045	SDA
1023	7	674	SEA
1023	80	753	SEA
1023	851	762	SEA
1023	851e	1745	SEA
1023	960	510	SEA
1023	960e	1679	SEA
1023	980	753	SEA
1026	12	438	SEA
1026	12e	1819	SEA
1026	175	645	SEA
1026	197	2126	SEA
1026	63	657	SEA
1026	7	132	SEA
1026	80	875	SEA
1026	851	629	SEA
1026	851e	1660	SEA
1026	960	433	SEA
1026	960e	1604	SEA
1026	980	191	SEA
1028	12	428	SEA
1028	12e	1883	SEA
1028	175	542	SEA
1028	197	2110	SEA
1028	63	638	SEA
1028	7	50	SEA
1028	80	942	SEA
1028	851	596	SEA
1028	851e	1628	SEA
1028	960	599	SEA
1028	960e	1609	SEA
1028	980	278	SEA
1033	12	585	SEA
1033	12e	1855	SEA
1033	175	591	SEA
1033	197	2	SEA
1033	63	536	SEA
1033	7	125	SEA
1033	80	1016	SEA
1033	851	471	SEA
1033	851e	1636	SEA
1033	960	584	SEA
1033	960e	1528	SEA
1033	980	658	SEA
1037	12	677	SEA
1037	12e	1959	SEA
1037	175	574	SEA
1037	197	145	SEA
1037	63	586	SEA
1037	7	127	SEA
1037	80	930	SEA
1037	851	466	SEA
1037	960	504	SEA
1037	980	477	SEA
1040	12	667	SEA
1040	12e	1850	SEA
1040	175	775	SEA
1040	197	162	SEA
1040	63	602	SEA
1040	7	85	SEA
1040	80	817	SEA
1040	851	483	SEA
1040	960	581	SEA
1040	980	553	SEA
1042	12	444	SEA
1042	12e	1813	SEA
1042	175	758	SEA
1042	197	128	SEA
1042	63	1276	SEA
1042	7	122	SEA
1042	80	771	SEA
1042	851	459	SEA
1042	960	643	SEA
1042	980	631	SEA
1048	12	654	SEA
1048	175	1205	SEA
1048	197	82	SEA
1048	63	1285	SEA
1048	7	578	SDA
1048	80	734	SEA
1048	851	321	SEA
1048	960	379	SEA
1048	960e	1800	SEA
1048	980	403	SEA
1049	12	605	SEA
1049	175	1217	SDA
1049	197	181	SEA
1049	63	1262	SEA
1049	7	487	SDA
1049	80	685	SEA
1049	851	235	SEA
1049	851e	1800	SEA
1049	960	399	SEA
1049	960e	1800	SEA
1049	980	384	SEA
1051	12	476	SEA
1051	175	1210	SDA
1051	197	113	SEA
1051	63	46	SEA
1051	7	525	SDA
1051	80	614	SEA
1051	851	584	SEA
1051	851e	1631	SEA
1051	960	411	SEA
1051	960e	1739	SEA
1051	980	497	SEA
1053	12	442	SEA
1053	175	1229	SDA
1053	197	116	SEA
1053	63	4	SEA
1053	7	555	SDA
1053	80	578	SEA
1053	851	610	SEA
1053	851e	1611	SEA
1053	960	385	SEA
1053	960e	1699	SEA
1053	980	507	SEA
1057	12	412	SEA
1057	12e	1770	SEA
1057	175	1245	SEA
1057	197	109	SEA
1057	63	62	SEA
1057	7	523	SEA
1057	80	528	SEA
1057	851	855	SEA
1057	851e	1610	SEA
1057	960	554	SEA
1057	960e	1682	SEA
1057	980	109	SEA
1059	12	338	SEA
1059	12e	1727	SEA
1059	175	1236	SEA
1059	197	2	SEA
1059	63	113	SEA
1059	7	627	SEA
1059	80	1155	SDA
1059	851	873	SEA
1059	851e	1595	SEA
1059	960	174	SEA
1059	960e	1622	SEA
1059	980	298	SEA
1063	12	559	SEA
1063	12e	1703	SEA
1063	175	1650	SDA
1063	197	610	SDA
1063	63	160	SEA
1063	7	548	SEA
1063	80	1273	SDA
1063	851	922	SEA
1063	851e	1599	SEA
1063	960	392	SEA
1063	960e	1168	SEA
1063	980	658	SEA
1064	12	432	SEA
1064	12e	1739	SEA
1064	175	1576	SDA
1064	197	561	SDA
1064	63	27	SEA
1064	7	562	SEA
1064	80	1225	SDA
1064	851	547	SEA
1064	851e	1556	SEA
1064	960	421	SEA
1064	960e	1119	SEA
1064	980	583	SEA
1067	12	501	SEA
1067	12e	1759	SEA
1067	175	1591	SDA
1067	197	622	SDA
1067	63	80	SEA
1067	7	547	SEA
1067	80	1136	SEA
1067	851	543	SEA
1067	851e	1572	SEA
1067	960	535	SEA
1067	960e	388	SEA
1067	980	516	SEA
1069	12	446	SEA
1069	12e	1719	SEA
1069	175	1605	SDA
1069	197	530	SDA
1069	63	95	SEA
1069	7	574	SEA
1069	80	1193	SEA
1069	851	586	SEA
1069	960	278	SEA
1069	960e	297	SEA
1069	980	543	SEA
1071	12	714	SEA
1071	12e	1643	SEA
1071	175	1557	SDA
1071	197	947	SEA
1071	63	135	SEA
1071	7	536	SEA
1071	80	653	SEA
1071	851	572	SEA
1071	960	340	SEA
1071	960e	176	SEA
1071	980	610	SEA
1074	12	974	SEA
1074	175	1508	SDA
1074	197	917	SEA
1074	63	797	SEA
1074	7	1378	SDA
1074	80	514	SEA
1074	851	646	SEA
1074	960	539	SEA
1074	960e	151	SEA
1074	980	704	SEA
1075	12	965	SEA
1075	12e	1140	SEA
1075	175	1506	SDA
1075	197	1002	SEA
1075	63	858	SEA
1075	7	1360	SDA
1075	80	558	SEA
1075	851	714	SEA
1075	960	573	SEA
1075	960e	212	SEA
1075	980	753	SEA
1090	12	433	SEA
1090	12e	970	SEA
1090	175	736	SDA
1090	197	589	SEA
1090	63	720	SEA
1090	7	1	SEA
1090	80	340	SEA
1090	851	544	SDA
1090	851e	1380	SEA
1090	960	491	SEA
1090	960e	231	SEA
1090	980	85	SEA
1093	12	456	SEA
1093	12e	952	SEA
1093	175	717	SDA
1093	197	570	SEA
1093	63	863	SDA
1093	7	24	SEA
1093	80	305	SEA
1093	851	593	SEA
1093	851e	1336	SEA
1093	960	551	SEA
1093	960e	451	SEA
1093	980	112	SEA
1099	12	873	SEA
1099	12e	993	SEA
1099	175	578	SDA
1099	197	852	SEA
1099	63	278	SDA
1099	7	68	SDA
1099	80	1184	SDA
1099	851	521	SEA
1099	851e	1263	SEA
1099	960	540	SEA
1099	980	779	SEA
1103	12	364	SEA
1103	12e	1207	SEA
1103	175	679	SDA
1103	197	768	SEA
1103	63	331	SDA
1103	7	104	SDA
1103	80	1300	SEA
1103	851	473	SEA
1103	960	414	SEA
1103	980	357	SEA
1105	12	253	SEA
1105	12e	299	SEA
1105	175	739	SDA
1105	197	612	SDA
1105	63	422	SDA
1105	7	113	SEA
1105	80	1314	SEA
1105	851	414	SEA
1105	960	530	SEA
1105	980	351	SEA
1108	12	313	SEA
1108	12e	119	SEA
1108	175	1007	SDA
1108	197	447	SDA
1108	63	467	SDA
1108	7	808	SEA
1108	80	1203	SEA
1108	851	557	SDA
1108	960	450	SEA
1108	960e	1894	SEA
1108	980	470	SEA
1112	12	383	SEA
1112	175	954	SDA
1112	197	498	SDA
1112	63	391	SEA
1112	7	681	SDA
1112	80	1088	SEA
1112	851	332	SEA
1112	851e	1597	SEA
1112	960	530	SEA
1112	960e	1747	SEA
1112	980	591	SEA
1119	12	595	SEA
1119	12e	1655	SEA
1119	175	915	SDA
1119	197	1021	SDA
1119	63	934	SEA
1119	7	640	SDA
1119	80	1120	SEA
1119	851	378	SEA
1119	851e	1483	SEA
1119	960	516	SEA
1119	960e	1550	SEA
1119	980	732	SEA
1127	12	850	SEA
1127	12e	1666	SEA
1127	175	1012	SDA
1127	197	829	SDA
1127	63	630	SDA
1127	7	263	SEA
1127	80	1383	SEA
1127	851	410	SDA
1127	851e	1446	SEA
1127	960	392	SEA
1127	980	566	SEA
1130	12	907	SEA
1130	12e	1734	SEA
1130	175	987	SDA
1130	197	752	SEA
1130	63	624	SDA
1130	7	360	SEA
1130	80	1338	SEA
1130	851	454	SDA
1130	960	359	SEA
1130	980	390	SEA
1132	12	1350	SEA
1132	12e	1698	SEA
1132	175	923	SDA
1132	197	598	SEA
1132	63	590	SEA
1132	7	361	SDA
1132	80	1398	SEA
1132	851	341	SDA
1132	960	76	SEA
1132	980	590	SEA
1136	12	1377	SEA
1136	175	979	SDA
1136	197	556	SEA
1136	63	549	SEA
1136	7	395	SEA
1136	80	1287	SEA
1136	851	161	SDA
1136	960	124	SEA
1136	980	111	SEA
1140	12	776	SEA
1140	175	562	SDA
1140	197	463	SEA
1140	63	582	SEA
1140	7	599	SEA
1140	80	250	SEA
1140	851	181	SDA
1140	851e	1800	SEA
1140	960	11	SEA
1140	960e	1800	SEA
1140	980	114	SEA
1146	12	713	SEA
1146	175	302	SDA
1146	197	839	SEA
1146	63	649	SEA
1146	7	86	SEA
1146	80	809	SEA
1146	851	654	SEA
1146	851e	1596	SEA
1146	960	212	SEA
1146	960e	1539	SEA
1146	980	501	SEA
1149	12	784	SEA
1149	12e	1041	SEA
1149	175	256	SEA
1149	197	903	SEA
1149	63	830	SDA
1149	7	217	SEA
1149	80	711	SEA
1149	851	380	SEA
1149	851e	1615	SEA
1149	960	534	SEA
1149	960e	1641	SEA
1149	980	713	SEA
1153	12	820	SEA
1153	12e	1176	SEA
1153	175	313	SEA
1153	197	649	SDA
1153	63	829	SDA
1153	7	320	SEA
1153	80	606	SEA
1153	851	418	SEA
1153	851e	1620	SEA
1153	960	352	SEA
1153	960e	1708	SEA
1153	980	599	SEA
1154	12	851	SEA
1154	12e	1259	SEA
1154	175	385	SEA
1154	197	674	SDA
1154	63	820	SDA
1154	7	807	SEA
1154	80	650	SEA
1154	851	811	SEA
1154	851e	1577	SEA
1154	960	399	SEA
1154	980	570	SEA
1157	12	230	SEA
1157	12e	1397	SEA
1157	175	728	SEA
1157	197	614	SDA
1157	63	776	SEA
1157	7	776	SEA
1157	80	573	SEA
1157	851	828	SEA
1157	851e	1625	SEA
1157	960	403	SEA
1157	980	644	SEA
1164	12	884	SEA
1164	12e	1378	SEA
1164	175	665	SEA
1164	197	550	SDA
1164	63	267	SEA
1164	7	407	SDA
1164	80	536	SEA
1164	851	5	SEA
1164	960	806	SEA
1164	980	857	SEA
1168	12	519	SEA
1168	12e	14	SEA
1168	175	645	SEA
1168	197	860	SEA
1168	63	357	SEA
1168	7	479	SDA
1168	80	1494	SEA
1168	851	97	SEA
1168	960	459	SEA
1168	980	890	SEA
1181	12	480	SEA
1181	12e	666	SEA
1181	175	751	SEA
1181	197	449	SEA
1181	63	891	SEA
1181	7	403	SEA
1181	80	602	SEA
1181	851	814	SEA
1181	851e	1486	SEA
1181	960	383	SEA
1181	980	687	SEA
1183	12	447	SEA
1183	12e	762	SEA
1183	175	749	SEA
1183	197	556	SEA
1183	63	121	SEA
1183	7	372	SDA
1183	80	555	SEA
1183	851	805	SEA
1183	851e	1460	SEA
1183	960	310	SEA
1183	980	697	SEA
1188	12	702	SEA
1188	12e	988	SEA
1188	175	833	SEA
1188	197	523	SEA
1188	63	203	SEA
1188	7	323	SDA
1188	80	704	SEA
1188	851	29	SEA
1188	851e	1452	SEA
1188	960	900	SEA
1188	980	693	SEA
1190	12	821	SEA
1190	12e	1056	SEA
1190	175	874	SEA
1190	197	853	SEA
1190	63	58	SEA
1190	7	297	SDA
1190	80	1043	SEA
1190	851	41	SEA
1190	960	939	SEA
1190	980	678	SEA
1200	12	507	SEA
1200	175	834	SEA
1200	197	791	SEA
1200	63	838	SEA
1200	7	218	SDA
1200	80	995	SEA
1200	851	81	SEA
1200	960	647	SEA
1200	960e	1800	SEA
1200	980	205	SEA
1205	12	893	SEA
1205	175	1062	SEA
1205	197	1031	SEA
1205	63	465	SEA
1205	7	911	SEA
1205	80	928	SEA
1205	851	514	SEA
1205	851e	1673	SEA
1205	960	464	SEA
1205	960e	1667	SEA
1205	980	627	SEA
1209	12	1078	SEA
1209	12e	1785	SEA
1209	175	1039	SEA
1209	197	1025	SEA
1209	63	403	SDA
1209	7	988	SEA
1209	80	1104	SEA
1209	851	510	SEA
1209	851e	1643	SEA
1209	960	640	SEA
1209	960e	1705	SEA
1209	980	22	SEA
1210	12	1081	SEA
1210	12e	1744	SEA
1210	175	1022	SEA
1210	197	1062	SEA
1210	63	461	SDA
1210	7	966	SEA
1210	80	1069	SEA
1210	851	535	SEA
1210	851e	1649	SEA
1210	960	654	SEA
1210	960e	1662	SEA
1210	980	2	SEA
1214	12	279	SEA
1214	12e	1730	SEA
1214	175	903	SEA
1214	197	876	SEA
1214	63	384	SDA
1214	7	986	SDA
1214	80	1159	SEA
1214	851	569	SEA
1214	851e	1561	SEA
1214	960	710	SEA
1214	960e	1668	SEA
1214	980	165	SEA
1228	12	521	SEA
1228	175	925	SEA
1228	197	799	SEA
1228	63	873	SDA
1228	7	38	SEA
1228	80	1016	SEA
1228	851	758	SEA
1228	960	535	SEA
1228	960e	1800	SEA
1228	980	719	SEA
1239	12	726	SEA
1239	12e	1897	SEA
1239	175	1091	SDA
1239	197	742	SEA
1239	63	387	SEA
1239	7	30	SEA
1239	80	777	SEA
1239	851	679	SEA
1239	851e	1586	SEA
1239	960	467	SEA
1239	960e	1571	SEA
1239	980	2096	SEA
1240	12	422	SEA
1240	12e	1922	SEA
1240	175	1069	SDA
1240	197	775	SEA
1240	63	424	SEA
1240	7	1124	SDA
1240	80	789	SEA
1240	851	739	SEA
1240	851e	1602	SEA
1240	960	452	SEA
1240	960e	1614	SEA
1240	980	714	SEA
1243	12	604	SEA
1243	12e	1804	SEA
1243	175	1107	SDA
1243	197	834	SEA
1243	63	382	SEA
1243	7	1093	SEA
1243	80	885	SEA
1243	851	676	SEA
1243	851e	1594	SEA
1243	960	750	SEA
1243	960e	1553	SEA
1243	980	673	SEA
1248	12	673	SEA
1248	12e	1780	SEA
1248	175	951	SEA
1248	197	1454	SEA
1248	63	389	SDA
1248	7	1103	SEA
1248	80	920	SEA
1248	851	617	SEA
1248	960	686	SEA
1248	980	1325	SEA
1252	12	748	SEA
1252	175	795	SEA
1252	197	1442	SEA
1252	63	589	SEA
1252	7	1073	SEA
1252	80	879	SEA
1252	851	892	SEA
1252	960	720	SEA
1252	980	585	SEA
1255	12	503	SEA
1255	175	720	SEA
1255	197	1501	SEA
1255	63	544	SEA
1255	7	1118	SDA
1255	80	687	SEA
1255	851	957	SEA
1255	960	735	SEA
1255	980	628	SEA
1256	12	541	SEA
1256	175	779	SEA
1256	197	1475	SEA
1256	63	530	SEA
1256	7	1088	SDA
1256	80	699	SEA
1256	851	970	SEA
1256	960	703	SEA
1256	980	763	SEA
1257	12	541	SEA
1257	175	779	SEA
1257	197	1475	SEA
1257	63	530	SEA
1257	7	1088	SDA
1257	80	699	SEA
1257	851	970	SEA
1257	960	703	SEA
1257	980	763	SEA
1264	12	664	SEA
1264	175	820	SEA
1264	197	336	SEA
1264	63	713	SDA
1264	7	383	SEA
1264	80	1146	SEA
1264	851	947	SEA
1264	851e	1761	SEA
1264	960	720	SEA
1264	960e	1639	SEA
1264	980	604	SEA
1265	12	608	SDA
1265	175	821	SEA
1265	197	289	SEA
1265	63	696	SDA
1265	7	343	SEA
1265	80	1179	SEA
1265	851	994	SEA
1265	851e	1695	SEA
1265	960	684	SEA
1265	960e	1545	SEA
1265	980	681	SEA
1275	12	177	SEA
1275	12e	1955	SEA
1275	175	1231	SEA
1275	197	57	SEA
1275	63	667	SEA
1275	7	450	SDA
1275	80	805	SEA
1275	851	556	SEA
1275	960	780	SEA
1275	960e	1566	SEA
1275	980	772	SEA
1278	12	424	SEA
1278	12e	1918	SEA
1278	175	1316	SEA
1278	197	86	SEA
1278	63	706	SDA
1278	7	173	SEA
1278	80	821	SEA
1278	851	535	SDA
1278	960	659	SEA
1278	980	756	SEA
1279	12	424	SEA
1279	12e	1918	SEA
1279	175	1316	SEA
1279	197	86	SEA
1279	63	706	SDA
1279	7	173	SEA
1279	80	821	SEA
1279	851	535	SDA
1279	960	659	SEA
1279	980	756	SEA
1280	12	422	SEA
1280	12e	1921	SEA
1280	175	1281	SEA
1280	197	201	SEA
1280	63	707	SDA
1280	7	170	SEA
1280	80	824	SEA
1280	851	523	SDA
1280	960	620	SEA
1280	980	619	SEA
1284	12	684	SEA
1284	12e	494	SEA
1284	175	538	SEA
1284	197	114	SEA
1284	63	746	SEA
1284	7	538	SEA
1284	80	885	SEA
1284	851	527	SEA
1284	960	798	SEA
1284	980	534	SEA
1289	12	742	SEA
1289	12e	267	SEA
1289	175	647	SEA
1289	197	954	SEA
1289	63	742	SEA
1289	7	928	SEA
1289	80	941	SEA
1289	851	485	SEA
1289	851e	1800	SEA
1289	960	839	SEA
1289	960e	1800	SEA
1289	980	532	SEA
1295	12	582	SEA
1295	12e	374	SEA
1295	175	738	SEA
1295	197	1034	SEA
1295	63	1020	SEA
1295	7	869	SEA
1295	80	1040	SEA
1295	851	621	SEA
1295	851e	1713	SEA
1295	960	674	SEA
1295	960e	1754	SEA
1295	980	131	SEA
1296	12	582	SEA
1296	12e	374	SEA
1296	175	738	SEA
1296	197	1034	SEA
1296	63	1020	SEA
1296	7	869	SEA
1296	80	1040	SEA
1296	851	621	SEA
1296	851e	1713	SEA
1296	960	674	SEA
1296	960e	1754	SEA
1296	980	131	SEA
1301	12	680	SEA
1301	12e	1946	SEA
1301	175	817	SDA
1301	197	871	SEA
1301	63	1019	SEA
1301	7	858	SEA
1301	80	862	SEA
1301	851	866	SEA
1301	851e	1659	SEA
1301	960	682	SEA
1301	960e	1762	SEA
1301	980	524	SEA
1306	12	526	SEA
1306	12e	1853	SEA
1306	175	1054	SEA
1306	197	755	SEA
1306	63	418	SEA
1306	7	898	SDA
1306	80	913	SEA
1306	851	760	SEA
1306	960	809	SEA
1306	980	545	SEA
1308	12	783	SEA
1308	12e	1926	SEA
1308	175	1068	SEA
1308	197	839	SEA
1308	63	360	SEA
1308	7	872	SDA
1308	80	942	SEA
1308	851	931	SEA
1308	960	801	SEA
1308	980	644	SEA
1312	12	650	SEA
1312	175	1113	SEA
1312	197	729	SEA
1312	63	363	SEA
1312	7	569	SDA
1312	80	941	SEA
1312	851	836	SEA
1312	960	775	SEA
1312	980	769	SEA
1319	12	585	SEA
1319	12e	1080	SEA
1319	175	1035	SEA
1319	197	726	SEA
1319	63	356	SEA
1319	7	748	SDA
1319	80	833	SEA
1319	851	963	SEA
1319	960	739	SEA
1319	960e	1800	SEA
1319	980	113	SEA
