363	133	581	SEA
363	2	812	SEA
363	33	416	SEA
408	12	634	SEA
408	133	714	SEA
408	2	648	SEA
408	33	578	SDA
409	12	606	SEA
409	133	593	SEA
409	2	658	SEA
409	33	550	SEA
421	12	589	SEA
421	133	107	SEA
421	2	981	SEA
421	33	858	SEA
422	12	89	SEA
422	133	137	SEA
422	2	996	SEA
422	33	857	SEA
435	12	684	SEA
435	133	632	SEA
435	2	1358	SEA
435	33	528	SDA
439	12	750	SEA
439	133	692	SEA
439	2	1446	SEA
439	33	522	SDA
448	12	772	SEA
448	133	444	SDA
448	2	1532	SEA
448	33	549	SEA
453	12	251	SDA
453	133	341	SDA
453	2	370	SEA
453	33	611	SEA
463	12	113	SEA
463	133	629	SEA
463	2	477	SEA
463	33	844	SEA
490	12	313	SDA
490	133	313	SDA
490	2	374	SEA
490	33	802	SEA
494	12	339	SDA
494	133	347	SDA
494	2	449	SEA
494	33	826	SEA
512	12	487	SEA
512	133	811	SDA
512	2	93	SEA
512	33	989	SDA
529	12	181	SEA
529	133	233	SDA
529	2	1	SEA
529	33	701	SDA
531	12	167	SEA
531	133	257	SDA
531	2	25	SDA
531	33	765	SDA
549	12	506	SEA
549	133	292	SDA
549	2	596	SEA
549	33	774	SEA
554	12	375	SEA
554	133	371	SDA
554	2	519	SEA
554	33	768	SEA
568	12	425	SEA
568	133	700	SEA
568	2	910	SEA
568	33	1339	SEA
593	12	723	SEA
593	133	606	SEA
593	2	650	SEA
593	33	22	SDA
596	12	630	SEA
596	133	644	SEA
596	2	938	SEA
596	33	8	SEA
606	12	657	SEA
606	133	385	SDA
606	2	890	SEA
606	33	4	SEA
607	12	726	SEA
607	133	255	SDA
607	2	750	SEA
607	33	10	SEA
623	12	707	SEA
623	133	1017	SEA
623	2	357	SEA
623	33	857	SEA
624	12	646	SEA
624	133	700	SEA
624	2	410	SEA
624	33	905	SEA
637	12	335	SEA
637	133	741	SEA
637	2	246	SEA
637	33	678	SEA
654	12	1156	SDA
654	133	891	SDA
654	2	741	SEA
654	33	731	SEA
663	12	368	SEA
663	133	523	SEA
663	2	628	SEA
663	33	1508	SEA
684	12	121	SEA
684	133	867	SEA
684	2	1686	SEA
684	33	1145	SDA
694	12	941	SEA
694	133	596	SEA
694	2	1113	SEA
694	33	1157	SDA
710	12	216	SEA
710	133	767	SEA
710	2	1023	SEA
710	33	874	SEA
718	12	1258	SEA
718	133	647	SEA
718	2	1071	SEA
718	33	1114	SEA
720	12	745	SEA
720	133	673	SEA
720	2	1081	SEA
720	33	1123	SEA
727	12	595	SEA
727	133	940	SEA
727	2	1094	SEA
727	33	1153	SDA
729	12	599	SEA
729	133	976	SEA
729	2	1015	SEA
729	33	922	SEA
740	12	545	SEA
740	133	692	SEA
740	2	1485	SEA
740	33	859	SEA
751	12	148	SEA
751	133	683	SEA
751	2	1160	SEA
751	33	643	SEA
757	12	146	SEA
757	133	754	SEA
757	2	1109	SEA
757	33	701	SDA
760	12	193	SEA
760	133	642	SEA
760	2	1045	SEA
760	33	822	SEA
761	12	179	SEA
761	133	658	SEA
761	2	1048	SEA
761	33	881	SEA
765	12	87	SEA
765	133	989	SEA
765	2	1130	SEA
765	33	922	SEA
768	12	145	SEA
768	133	1201	SDA
768	2	1096	SEA
768	33	907	SEA
770	12	239	SEA
770	133	1159	SDA
770	2	1038	SEA
770	33	770	SEA
771	12	283	SEA
771	133	1185	SDA
771	2	1019	SEA
771	33	746	SEA
774	12	258	SEA
774	133	1121	SDA
774	2	567	SEA
774	33	672	SEA
775	12	258	SEA
775	133	1121	SDA
775	2	567	SEA
775	33	672	SEA
778	12	197	SEA
778	133	402	SEA
778	2	618	SEA
778	33	720	SEA
791	12	517	SEA
791	133	437	SDA
791	2	1591	SEA
791	33	1005	SEA
798	12	424	SEA
798	133	1030	SEA
798	2	1609	SEA
798	33	517	SDA
801	12	418	SEA
801	133	1108	SEA
801	2	1606	SEA
801	33	388	SDA
804	12	429	SEA
804	133	1048	SEA
804	2	1585	SEA
804	33	487	SEA
808	12	1285	SEA
808	133	814	SEA
808	2	808	SEA
808	33	605	SEA
810	12	1298	SEA
810	133	817	SEA
810	2	792	SEA
810	33	573	SEA
819	12	609	SEA
819	133	666	SEA
819	2	596	SEA
819	33	784	SEA
834	12	601	SEA
834	133	758	SEA
834	2	449	SDA
834	33	581	SEA
840	12	947	SEA
840	133	806	SDA
840	2	1428	SEA
840	33	920	SEA
847	12	925	SEA
847	133	906	SEA
847	2	457	SEA
847	33	1075	SEA
853	12	803	SEA
853	133	171	SEA
853	2	371	SEA
853	33	698	SEA
859	12	751	SEA
859	133	251	SEA
859	2	385	SEA
859	33	653	SEA
863	12	806	SEA
863	133	197	SEA
863	2	388	SEA
863	33	761	SEA
871	12	679	SEA
871	133	337	SEA
871	2	471	SEA
871	33	533	SEA
876	12	728	SEA
876	133	145	SEA
876	2	822	SEA
876	33	600	SEA
887	12	722	SEA
887	133	319	SDA
887	2	1047	SEA
887	33	1571	SEA
889	12	692	SEA
889	133	369	SDA
889	2	1095	SEA
889	33	1544	SEA
893	12	816	SEA
893	133	218	SEA
893	2	845	SEA
893	33	732	SEA
895	12	885	SDA
895	133	616	SEA
895	2	839	SEA
895	33	738	SEA
901	12	1067	SEA
901	133	429	SEA
901	2	987	SEA
901	33	850	SDA
908	12	163	SEA
908	133	627	SEA
908	2	960	SEA
908	33	1057	SDA
918	12	45	SEA
918	133	363	SEA
918	2	1015	SEA
918	33	500	SEA
920	12	83	SEA
920	133	378	SEA
920	2	954	SEA
920	33	457	SEA
922	12	129	SEA
922	133	295	SEA
922	2	1025	SEA
922	33	485	SEA
923	12	1072	SEA
923	133	822	SEA
923	2	1128	SEA
923	33	510	SEA
924	12	689	SEA
924	133	817	SEA
924	2	1020	SEA
924	33	428	SEA
926	12	637	SEA
926	133	762	SEA
926	2	1041	SEA
926	33	503	SEA
932	12	454	SEA
932	133	710	SEA
932	2	793	SEA
932	33	443	SEA
933	12	458	SEA
933	133	767	SEA
933	2	780	SEA
933	33	478	SEA
936	12	446	SEA
936	133	856	SEA
936	2	711	SEA
936	33	1090	SEA
937	12	407	SEA
937	133	810	SEA
937	2	729	SEA
937	33	1128	SEA
940	12	568	SEA
940	133	264	SEA
940	2	751	SEA
940	33	1186	SEA
941	12	563	SEA
941	133	299	SEA
941	2	710	SEA
941	33	1160	SEA
943	12	632	SEA
943	133	380	SEA
943	2	785	SEA
943	33	1193	SEA
944	12	615	SEA
944	133	432	SEA
944	2	760	SEA
944	33	1144	SEA
950	12	334	SEA
950	133	440	SEA
950	2	1704	SEA
950	33	481	SEA
952	12	303	SEA
952	133	826	SEA
952	2	1670	SEA
952	33	568	SEA
953	12	338	SEA
953	133	861	SEA
953	2	1648	SEA
953	33	570	SEA
965	12	1421	SEA
965	133	644	SEA
965	2	1176	SEA
965	33	726	SEA
967	12	1348	SEA
967	133	663	SDA
967	2	1326	SEA
967	33	672	SEA
972	12	1194	SEA
972	133	530	SEA
972	2	1335	SEA
972	33	811	SEA
986	12	419	SEA
986	133	392	SEA
986	33	1257	SEA
987	12	433	SEA
987	133	373	SEA
987	33	1253	SEA
989	12	333	SEA
989	133	834	SEA
989	2	1050	SEA
989	33	1288	SEA
992	12	312	SEA
992	133	891	SEA
992	2	1119	SEA
992	33	1213	SEA
1000	12	819	SEA
1000	133	114	SEA
1000	2	1240	SEA
1000	33	578	SDA
1006	12	291	SEA
1006	133	141	SDA
1006	2	1292	SEA
1006	33	616	SEA
1007	12	291	SEA
1007	133	141	SDA
1007	2	1292	SEA
1007	33	616	SEA
1008	12	280	SEA
1008	133	120	SDA
1008	2	1313	SEA
1008	33	529	SEA
1010	12	396	SEA
1010	133	177	SDA
1010	2	1112	SEA
1010	33	512	SEA
1013	12	428	SEA
1013	133	1151	SEA
1013	2	1282	SEA
1013	33	565	SEA
1014	12	496	SEA
1014	133	526	SEA
1014	2	1253	SEA
1014	33	503	SEA
1016	12	926	SEA
1016	133	519	SDA
1016	2	1269	SEA
1016	33	749	SEA
1019	12	965	SEA
1019	133	496	SDA
1019	2	1285	SEA
1019	33	793	SEA
1023	12	1137	SEA
1023	133	434	SDA
1023	2	1258	SEA
1023	33	846	SEA
1026	12	1131	SEA
1026	133	595	SDA
1026	2	1379	SEA
1026	33	877	SEA
1028	12	1068	SEA
1028	133	576	SDA
1028	2	424	SEA
1028	33	936	SEA
1033	12	943	SEA
1033	133	494	SEA
1033	2	353	SEA
1033	33	923	SEA
1037	12	1035	SEA
1037	133	484	SEA
1037	2	390	SEA
1037	33	949	SEA
1040	12	1060	SEA
1040	133	590	SEA
1040	2	401	SEA
1040	33	709	SDA
1042	12	1044	SEA
1042	133	532	SEA
1042	2	459	SEA
1042	33	669	SEA
1048	12	4	SEA
1048	133	589	SEA
1048	2	459	SEA
1048	33	565	SEA
1049	12	4	SEA
1049	133	528	SEA
1049	2	457	SEA
1049	33	575	SEA
1051	12	38	SEA
1051	133	740	SEA
1051	2	404	SEA
1051	33	605	SEA
1053	12	76	SEA
1053	133	743	SEA
1053	2	352	SEA
1053	33	623	SEA
1057	12	165	SEA
1057	133	667	SEA
1057	2	809	SEA
1057	33	888	SEA
1059	12	103	SDA
1059	133	714	SEA
1059	2	1107	SEA
1059	33	765	SEA
1063	12	215	SDA
1063	133	799	SEA
1063	2	987	SEA
1063	33	1180	SEA
1064	12	193	SDA
1064	133	795	SEA
1064	2	1017	SEA
1064	33	1187	SEA
1067	12	81	SDA
1067	133	863	SEA
1067	2	995	SEA
1067	33	1165	SEA
1069	12	126	SDA
1069	133	826	SEA
1069	2	1072	SEA
1069	33	1129	SEA
1071	12	911	SEA
1071	133	418	SEA
1071	2	1044	SEA
1071	33	1038	SEA
1074	12	926	SEA
1074	133	512	SDA
1074	2	905	SEA
1074	33	1040	SEA
1075	12	938	SEA
1075	133	476	SDA
1075	2	861	SEA
1075	33	1004	SEA
1090	12	77	SDA
1090	133	776	SEA
1090	2	1137	SEA
1090	33	924	SEA
1093	12	7	SDA
1093	133	974	SEA
1093	2	537	SEA
1093	33	1095	SEA
1099	12	122	SEA
1099	133	1095	SEA
1099	2	574	SEA
1099	33	1016	SEA
1103	12	625	SEA
1103	133	512	SEA
1103	2	555	SEA
1103	33	1026	SEA
1105	12	545	SEA
1105	133	535	SEA
1105	2	551	SEA
1105	33	1015	SEA
1108	12	445	SEA
1108	133	636	SDA
1108	2	464	SEA
1108	33	982	SEA
1112	12	533	SEA
1112	133	611	SDA
1112	2	740	SEA
1112	33	822	SDA
1119	12	695	SEA
1119	133	556	SEA
1119	2	560	SEA
1119	33	777	SDA
1127	12	678	SDA
1127	133	1245	SEA
1127	2	593	SEA
1127	33	626	SDA
1130	12	716	SDA
1130	133	740	SEA
1130	2	991	SEA
1130	33	596	SDA
1132	12	653	SDA
1132	133	785	SEA
1132	2	985	SEA
1132	33	714	SEA
1136	12	662	SDA
1136	133	675	SEA
1136	2	901	SEA
1136	33	731	SEA
1140	12	651	SEA
1140	133	505	SEA
1140	2	835	SEA
1140	33	806	SEA
1146	12	1067	SEA
1146	133	637	SEA
1146	2	374	SEA
1146	33	1139	SEA
1149	12	1065	SEA
1149	133	641	SEA
1149	2	307	SEA
1149	33	1119	SDA
1153	12	324	SDA
1153	133	720	SEA
1153	2	859	SEA
1153	33	282	SDA
1154	12	335	SDA
1154	133	692	SEA
1154	2	881	SEA
1154	33	255	SDA
1157	12	350	SDA
1157	133	764	SEA
1157	2	900	SEA
1157	33	335	SDA
1164	12	185	SDA
1164	133	559	SEA
1164	2	508	SEA
1164	33	158	SDA
1168	12	151	SDA
1168	133	639	SEA
1168	2	555	SEA
1168	33	192	SEA
1181	12	440	SEA
1181	133	624	SEA
1181	2	715	SEA
1181	33	1200	SEA
1183	12	467	SEA
1183	133	605	SEA
1183	2	670	SEA
1183	33	1142	SEA
1188	12	534	SEA
1188	133	632	SEA
1188	2	806	SEA
1188	33	1126	SEA
1190	12	531	SEA
1190	133	606	SEA
1190	2	678	SEA
1190	33	1066	SEA
1200	12	882	SEA
1200	133	599	SEA
1200	2	852	SEA
1200	33	920	SEA
1205	12	378	SEA
1205	133	518	SEA
1205	2	757	SEA
1205	33	951	SEA
1209	12	593	SEA
1209	133	682	SEA
1209	2	643	SEA
1209	33	771	SEA
1210	12	649	SEA
1210	133	718	SEA
1210	2	631	SEA
1210	33	764	SEA
1214	12	648	SEA
1214	133	675	SEA
1214	2	722	SEA
1214	33	701	SEA
1228	12	668	SEA
1228	133	667	SEA
1228	2	1311	SEA
1228	33	1041	SEA
1239	12	372	SEA
1239	133	717	SEA
1239	2	896	SEA
1239	33	580	SDA
1240	12	338	SEA
1240	133	741	SEA
1240	2	908	SEA
1240	33	561	SDA
1243	12	336	SEA
1243	133	775	SEA
1243	2	872	SEA
1243	33	566	SDA
1248	12	327	SEA
1248	133	627	SEA
1248	2	695	SEA
1248	33	544	SEA
1252	12	234	SEA
1252	133	576	SEA
1252	2	561	SEA
1252	33	509	SEA
1255	12	302	SEA
1255	133	934	SEA
1255	2	1045	SEA
1255	33	1123	SEA
1256	12	746	SEA
1256	133	977	SEA
1256	2	1046	SEA
1256	33	1126	SEA
1257	12	746	SEA
1257	133	977	SEA
1257	2	1046	SEA
1257	33	1126	SEA
1264	12	929	SEA
1264	133	551	SEA
1264	33	868	SEA
1265	12	860	SEA
1265	133	601	SEA
1265	33	912	SEA
1275	12	601	SEA
1275	133	539	SEA
1275	2	1048	SEA
1275	33	766	SEA
1278	12	584	SEA
1278	133	576	SEA
1278	2	1148	SEA
1278	33	746	SEA
1280	12	589	SEA
1280	133	856	SEA
1280	2	1105	SEA
1280	33	708	SEA
1284	12	672	SEA
1284	133	867	SEA
1284	2	1093	SEA
1284	33	785	SEA
1289	12	607	SEA
1289	133	702	SEA
1289	2	1083	SEA
1289	33	819	SEA
1295	12	701	SEA
1295	133	738	SEA
1295	2	984	SEA
1295	33	893	SEA
1296	12	701	SEA
1296	133	738	SEA
1296	2	984	SEA
1296	33	893	SEA
1301	12	733	SEA
1301	133	685	SEA
1301	2	1249	SEA
1301	33	1013	SEA
1306	12	899	SEA
1306	133	851	SEA
1306	2	1127	SEA
1306	33	953	SEA
1308	12	856	SEA
1308	133	782	SEA
1308	2	1160	SEA
1308	33	920	SEA
1312	12	870	SEA
1312	133	704	SEA
1312	2	1288	SEA
1312	33	955	SEA
1319	12	776	SEA
1319	133	560	SEA
1319	2	779	SEA
1319	33	938	SEA
