363	100	556	SEA
363	107	311	SEA
363	56	1248	SEA
363	961	479	SEA
385	100	811	SEA
385	107	969	SEA
385	56	1114	SEA
385	57	935	SEA
385	961	631	SEA
408	100	374	SEA
408	107	690	SEA
408	56	607	SEA
408	57	1114	SEA
408	961	697	SEA
409	100	369	SEA
409	107	737	SEA
409	56	603	SEA
409	57	1086	SEA
409	961	619	SEA
421	100	304	SDA
421	107	1034	SEA
421	56	628	SEA
421	57	1293	SEA
421	961	1199	SEA
422	100	261	SDA
422	107	989	SEA
422	56	683	SEA
422	57	1286	SEA
422	961	1139	SEA
435	100	882	SEA
435	107	489	SDA
435	56	986	SEA
435	57	241	SDA
435	961	1146	SEA
439	100	899	SEA
439	107	621	SDA
439	56	1262	SEA
439	57	328	SEA
439	961	1138	SEA
448	100	758	SDA
448	107	630	SEA
448	56	1313	SEA
448	57	470	SEA
448	961	364	SEA
458	100	459	SEA
458	107	537	SEA
458	56	767	SDA
458	57	853	SEA
458	961	554	SEA
463	100	490	SDA
463	107	469	SEA
463	56	883	SDA
463	57	313	SDA
463	961	683	SEA
494	100	378	SDA
494	107	437	SDA
494	56	1188	SEA
494	57	349	SEA
494	961	474	SEA
507	100	254	SDA
507	107	770	SEA
507	56	388	SEA
507	57	1036	SEA
507	961	407	SEA
512	100	177	SDA
512	107	494	SDA
512	56	595	SEA
512	57	829	SDA
512	961	547	SEA
520	100	128	SDA
520	107	494	SEA
520	56	649	SEA
520	57	1079	SDA
520	961	538	SEA
529	100	369	SDA
529	107	575	SEA
529	56	667	SEA
529	57	136	SDA
529	961	575	SEA
543	100	256	SDA
543	107	653	SEA
543	56	522	SEA
543	57	143	SEA
543	961	564	SEA
549	100	567	SEA
549	107	294	SEA
549	56	908	SEA
549	57	916	SEA
549	961	791	SEA
554	100	490	SEA
554	107	381	SEA
554	56	542	SEA
554	57	817	SEA
554	961	612	SEA
568	100	876	SEA
568	107	522	SEA
568	56	858	SEA
568	57	995	SEA
568	961	482	SEA
593	100	925	SEA
593	107	1223	SEA
593	56	26	SEA
593	57	616	SEA
593	961	560	SEA
606	100	771	SEA
606	107	208	SEA
606	56	723	SEA
606	57	799	SEA
606	961	852	SEA
607	100	693	SEA
607	107	331	SEA
607	56	788	SEA
607	57	751	SEA
607	961	382	SEA
629	100	733	SEA
629	107	444	SEA
629	56	793	SEA
629	57	729	SEA
629	961	917	SEA
637	100	930	SEA
637	107	546	SEA
637	56	833	SEA
637	57	916	SEA
637	961	497	SEA
654	100	977	SDA
654	107	550	SEA
654	56	587	SEA
654	57	877	SEA
654	961	413	SEA
694	100	761	SEA
694	107	110	SEA
694	56	632	SEA
694	57	84	SEA
694	961	725	SEA
710	100	775	SEA
710	107	87	SEA
710	56	1243	SEA
710	57	742	SEA
710	961	971	SEA
720	100	719	SDA
720	107	1029	SEA
720	56	1175	SEA
720	57	891	SEA
720	961	231	SEA
727	100	631	SEA
727	107	837	SEA
727	56	1074	SEA
727	57	480	SEA
727	961	593	SEA
729	100	665	SEA
729	107	817	SEA
729	56	1014	SEA
729	57	505	SEA
729	961	609	SEA
751	100	524	SEA
751	107	877	SEA
751	56	1121	SEA
751	57	1241	SEA
751	961	572	SEA
757	100	920	SEA
757	107	868	SEA
757	56	983	SEA
757	57	1146	SEA
757	961	864	SEA
759	100	933	SEA
759	107	869	SEA
759	56	955	SEA
759	57	1055	SEA
759	961	817	SEA
760	100	935	SEA
760	107	799	SEA
760	56	944	SEA
760	57	1085	SEA
760	961	667	SEA
765	100	315	SEA
765	107	779	SEA
765	56	977	SDA
765	57	866	SEA
765	961	1551	SEA
768	100	342	SEA
768	107	1396	SEA
768	56	1007	SEA
768	57	900	SEA
768	961	728	SEA
770	100	302	SEA
770	107	1414	SEA
770	56	939	SEA
770	57	881	SEA
770	961	651	SEA
772	100	317	SEA
772	107	1393	SEA
772	56	973	SEA
772	57	867	SEA
772	961	678	SEA
774	100	239	SEA
774	107	1414	SEA
774	56	897	SEA
774	57	888	SEA
774	961	774	SEA
778	100	216	SEA
778	107	1467	SEA
778	56	1126	SEA
778	57	844	SEA
778	961	753	SEA
783	100	1070	SEA
783	107	1015	SEA
783	56	1115	SEA
783	57	1004	SEA
783	961	897	SEA
791	100	446	SDA
791	107	1062	SEA
791	56	998	SEA
791	57	1093	SEA
791	961	509	SEA
798	100	453	SDA
798	107	931	SEA
798	56	1681	SEA
798	57	1269	SEA
798	961	562	SEA
801	100	442	SDA
801	107	916	SEA
801	56	1730	SEA
801	57	1271	SEA
801	961	536	SEA
804	100	432	SDA
804	107	991	SEA
804	56	1714	SEA
804	57	1225	SEA
804	961	728	SEA
808	100	873	SEA
808	107	986	SEA
808	56	1555	SEA
808	57	1084	SEA
808	961	711	SEA
810	100	763	SEA
810	107	933	SEA
810	56	1467	SEA
810	57	1037	SEA
810	961	667	SEA
819	100	1993	SEA
819	107	895	SEA
819	56	382	SDA
819	57	726	SEA
819	961	600	SEA
834	100	361	SDA
834	107	875	SEA
834	56	173	SEA
834	57	1165	SEA
834	961	891	SEA
840	100	329	SEA
840	107	930	SEA
840	56	1681	SEA
840	57	1320	SEA
840	961	647	SEA
847	100	292	SEA
847	107	983	SEA
847	56	682	SDA
847	57	759	SEA
847	961	566	SEA
853	100	311	SEA
853	107	1035	SDA
853	56	373	SDA
853	57	841	SEA
853	961	666	SEA
859	100	178	SDA
859	107	923	SEA
859	56	558	SEA
859	57	982	SEA
859	961	602	SEA
863	100	1033	SEA
863	107	993	SEA
863	56	588	SEA
863	57	953	SEA
863	961	716	SEA
871	100	576	SEA
871	107	963	SEA
871	56	669	SEA
871	57	374	SEA
871	961	728	SEA
876	100	550	SEA
876	107	1020	SEA
876	56	521	SEA
876	57	362	SEA
876	961	872	SEA
887	100	677	SEA
887	107	910	SEA
887	56	1413	SEA
887	57	870	SEA
887	961	479	SEA
889	100	759	SEA
889	107	901	SEA
889	56	1400	SEA
889	57	799	SEA
889	961	455	SEA
893	100	447	SEA
893	107	820	SEA
893	56	1335	SEA
893	57	997	SEA
893	961	938	SEA
895	100	447	SEA
895	107	794	SEA
895	56	1304	SEA
895	57	849	SEA
895	961	901	SEA
901	100	304	SEA
901	107	933	SEA
901	56	1219	SEA
901	57	956	SEA
901	961	580	SEA
908	100	424	SEA
908	107	930	SEA
908	56	1097	SEA
908	57	844	SEA
908	961	257	SEA
918	100	317	SEA
918	107	1037	SEA
918	56	917	SEA
918	57	750	SEA
918	961	540	SEA
920	100	304	SEA
920	107	1000	SEA
920	56	945	SEA
920	57	811	SEA
920	961	571	SEA
922	100	4	SEA
922	107	861	SEA
922	56	884	SEA
922	57	770	SEA
922	961	627	SEA
923	100	4	SEA
923	107	886	SEA
923	56	943	SEA
923	57	697	SEA
923	961	433	SEA
924	100	22	SEA
924	107	952	SEA
924	56	978	SEA
924	57	924	SEA
924	961	625	SEA
926	100	19	SEA
926	107	952	SEA
926	56	776	SEA
926	57	941	SEA
926	961	597	SEA
932	100	260	SEA
932	107	902	SEA
932	56	594	SEA
932	57	869	SEA
932	961	658	SEA
933	100	443	SEA
933	107	874	SEA
933	56	584	SEA
933	57	805	SEA
933	961	489	SEA
936	100	397	SEA
936	107	961	SEA
936	56	497	SEA
936	57	830	SEA
936	961	553	SEA
937	100	393	SEA
937	107	804	SEA
937	56	506	SEA
937	57	823	SEA
937	961	576	SEA
940	100	437	SEA
940	107	810	SEA
940	56	388	SEA
940	57	847	SEA
940	961	476	SEA
941	100	461	SEA
941	107	811	SEA
941	56	342	SEA
941	57	888	SEA
941	961	513	SEA
943	100	481	SEA
943	107	846	SEA
943	56	319	SEA
943	57	870	SEA
943	961	567	SEA
944	100	830	SEA
944	107	825	SEA
944	56	251	SEA
944	57	917	SEA
944	961	693	SEA
950	100	661	SEA
950	107	524	SEA
950	56	736	SEA
950	57	1224	SEA
950	961	491	SEA
952	100	273	SEA
952	107	506	SEA
952	56	625	SEA
952	57	1260	SEA
952	961	604	SEA
953	100	367	SEA
953	107	447	SEA
953	56	642	SEA
953	57	1255	SEA
953	961	740	SEA
965	100	673	SEA
965	107	758	SEA
965	56	742	SEA
965	57	84	SEA
965	961	687	SEA
967	100	620	SEA
967	107	690	SEA
967	56	862	SEA
967	57	165	SEA
967	961	735	SEA
972	100	368	SEA
972	107	985	SEA
972	56	699	SEA
972	57	65	SEA
972	961	258	SEA
986	100	589	SEA
986	107	623	SEA
986	56	639	SEA
986	57	996	SEA
986	961	264	SEA
987	100	598	SEA
987	107	706	SEA
987	56	569	SEA
987	57	947	SEA
987	961	274	SEA
989	100	591	SEA
989	107	677	SEA
989	56	593	SEA
989	57	915	SEA
989	961	203	SEA
992	100	409	SEA
992	107	567	SEA
992	56	535	SEA
992	57	1001	SEA
992	961	287	SEA
1000	100	446	SEA
1000	107	697	SEA
1000	56	781	SEA
1000	57	389	SEA
1000	961	573	SEA
1006	100	751	SEA
1006	107	686	SEA
1006	56	815	SEA
1006	57	392	SEA
1006	961	699	SEA
1007	100	751	SEA
1007	107	686	SEA
1007	56	815	SEA
1007	57	392	SEA
1007	961	699	SEA
1008	100	822	SEA
1008	107	815	SEA
1008	56	943	SEA
1008	57	352	SEA
1008	961	652	SEA
1010	100	751	SEA
1010	107	549	SEA
1010	56	794	SEA
1010	57	313	SEA
1010	961	561	SEA
1013	100	725	SEA
1013	107	555	SEA
1013	56	792	SEA
1013	57	341	SEA
1013	961	638	SEA
1014	100	416	SEA
1014	107	588	SEA
1014	56	823	SEA
1014	57	307	SEA
1014	961	615	SEA
1016	100	479	SEA
1016	107	595	SEA
1016	56	882	SEA
1016	57	399	SEA
1016	961	369	SEA
1019	100	435	SEA
1019	107	558	SEA
1019	56	852	SEA
1019	57	744	SEA
1019	961	538	SEA
1023	100	434	SEA
1023	107	644	SEA
1023	56	1086	SEA
1023	57	601	SEA
1023	961	705	SEA
1026	100	407	SEA
1026	107	635	SEA
1026	56	1042	SEA
1026	57	1342	SEA
1026	961	574	SEA
1028	100	507	SEA
1028	107	646	SEA
1028	56	1051	SEA
1028	57	1294	SEA
1028	961	762	SEA
1033	100	263	SEA
1033	107	874	SEA
1033	56	982	SEA
1033	57	1305	SEA
1033	961	552	SEA
1037	100	244	SEA
1037	107	895	SEA
1037	56	976	SEA
1037	57	608	SEA
1037	961	510	SEA
1040	100	142	SEA
1040	107	971	SEA
1040	56	1077	SDA
1040	57	580	SEA
1040	961	736	SEA
1042	100	109	SDA
1042	107	927	SEA
1042	56	1157	SDA
1042	57	553	SEA
1042	961	735	SEA
1048	100	1218	SEA
1048	107	981	SEA
1048	56	1084	SEA
1048	57	325	SEA
1048	961	57	SEA
1049	100	1228	SEA
1049	107	963	SEA
1049	56	1046	SEA
1049	57	355	SEA
1049	961	69	SEA
1051	100	1241	SEA
1051	107	984	SEA
1051	56	971	SEA
1051	57	333	SEA
1051	961	90	SEA
1053	100	1303	SEA
1053	107	1011	SEA
1053	56	982	SEA
1053	57	317	SEA
1053	961	82	SEA
1057	100	1307	SEA
1057	107	989	SEA
1057	56	1482	SEA
1057	57	286	SEA
1057	961	494	SEA
1059	100	412	SDA
1059	107	340	SDA
1059	56	1502	SEA
1059	57	1308	SEA
1059	961	490	SEA
1063	100	387	SDA
1063	107	402	SDA
1063	56	1582	SEA
1063	57	666	SEA
1063	961	492	SEA
1064	100	437	SDA
1064	107	288	SDA
1064	56	1526	SEA
1064	57	590	SEA
1064	961	343	SEA
1067	100	456	SEA
1067	107	362	SDA
1067	56	1601	SEA
1067	57	580	SEA
1067	961	424	SEA
1069	100	534	SEA
1069	107	350	SDA
1069	56	1601	SEA
1069	57	493	SEA
1069	961	455	SEA
1071	100	655	SEA
1071	107	269	SEA
1071	56	938	SDA
1071	57	473	SEA
1071	961	711	SEA
1074	100	634	SEA
1074	107	310	SEA
1074	56	814	SDA
1074	57	651	SEA
1074	961	982	SEA
1075	100	661	SEA
1075	107	265	SEA
1075	56	802	SDA
1075	57	608	SEA
1075	961	959	SEA
1090	100	763	SEA
1090	107	518	SEA
1090	56	785	SEA
1090	57	419	SEA
1090	961	20	SEA
1093	100	668	SDA
1093	107	679	SEA
1093	56	644	SEA
1093	57	455	SEA
1093	961	78	SEA
1099	100	673	SDA
1099	107	758	SEA
1099	56	1118	SEA
1099	57	1062	SEA
1099	961	71	SEA
1103	100	442	SDA
1103	107	988	SEA
1103	56	988	SEA
1103	57	995	SDA
1103	961	676	SEA
1105	100	521	SEA
1105	107	1074	SEA
1105	56	970	SEA
1105	57	1022	SDA
1105	961	633	SEA
1108	100	610	SEA
1108	107	1035	SEA
1108	56	1016	SEA
1108	57	892	SEA
1108	961	636	SEA
1112	100	648	SDA
1112	107	561	SDA
1112	56	1076	SEA
1112	57	890	SEA
1112	961	997	SEA
1119	100	716	SDA
1119	107	342	SEA
1119	56	1166	SEA
1119	57	713	SEA
1119	961	259	SEA
1127	100	476	SDA
1127	107	312	SEA
1127	56	993	SEA
1127	57	1204	SEA
1127	961	749	SEA
1130	100	1084	SDA
1130	107	197	SEA
1130	56	1034	SEA
1130	57	1168	SEA
1130	961	709	SEA
1132	100	1052	SDA
1132	107	232	SEA
1132	56	973	SEA
1132	57	909	SEA
1132	961	497	SEA
1136	100	958	SEA
1136	107	377	SEA
1136	56	964	SEA
1136	57	895	SEA
1136	961	981	SEA
1140	100	807	SEA
1140	107	1118	SEA
1140	56	741	SEA
1140	57	875	SEA
1140	961	374	SEA
1146	100	919	SEA
1146	107	939	SEA
1146	56	754	SEA
1146	57	968	SEA
1146	961	315	SEA
1149	100	805	SEA
1149	107	1085	SEA
1149	56	656	SEA
1149	57	861	SEA
1149	961	488	SEA
1153	100	859	SEA
1153	107	1066	SEA
1153	56	679	SEA
1153	57	714	SEA
1153	961	696	SEA
1154	100	859	SEA
1154	107	1022	SEA
1154	56	619	SEA
1154	57	752	SEA
1154	961	730	SEA
1157	100	606	SEA
1157	107	1119	SEA
1157	56	549	SEA
1157	57	817	SEA
1157	961	547	SEA
1164	100	782	SEA
1164	107	1042	SEA
1164	56	665	SEA
1164	57	754	SEA
1164	961	906	SEA
1168	100	706	SEA
1168	107	1030	SEA
1168	56	1241	SEA
1168	57	1128	SEA
1168	961	820	SEA
1181	100	744	SEA
1181	107	1036	SEA
1181	56	854	SEA
1181	57	902	SDA
1181	961	996	SEA
1183	100	696	SEA
1183	107	1112	SEA
1183	56	842	SEA
1183	57	911	SDA
1183	961	1198	SEA
1188	100	676	SEA
1188	107	1183	SEA
1188	56	809	SEA
1188	57	1055	SEA
1188	961	1298	SEA
1190	100	646	SEA
1190	107	1329	SEA
1190	56	843	SEA
1190	57	1038	SEA
1190	961	1285	SEA
1200	100	673	SEA
1200	107	839	SEA
1200	56	749	SEA
1200	57	465	SEA
1200	961	953	SEA
1205	100	378	SEA
1205	107	774	SEA
1205	56	1196	SEA
1205	57	411	SEA
1205	961	861	SEA
1209	100	272	SEA
1209	107	788	SEA
1209	107M	678	SEA
1209	56	1167	SEA
1209	57	440	SEA
1209	961	920	SEA
1210	100	291	SEA
1210	107	860	SEA
1210	107M	618	SEA
1210	56	1122	SEA
1210	57	432	SEA
1210	961	971	SEA
1214	100	730	SEA
1214	56	1498	SEA
1214	57	1373	SEA
1214	961	960	SEA
1228	100	1100	SEA
1228	107M	920	SEA
1228	56	1061	SEA
1228	57	405	SEA
1228	961	694	SEA
1239	100	1104	SEA
1239	107M	830	SEA
1239	56	1023	SEA
1239	57	412	SEA
1239	961	863	SEA
1240	100	1138	SEA
1240	107M	858	SEA
1240	56	1027	SEA
1240	57	387	SEA
1240	961	860	SEA
1243	100	686	SDA
1243	107M	897	SEA
1243	56	999	SEA
1243	57	376	SEA
1243	961	834	SEA
1248	100	717	SEA
1248	107M	1386	SEA
1248	56	1081	SEA
1248	57	1228	SEA
1248	961	944	SEA
1252	100	742	SEA
1252	107M	1366	SEA
1252	56	1067	SEA
1252	57	720	SEA
1252	961	724	SEA
1255	100	849	SEA
1255	107M	1344	SEA
1255	56	981	SEA
1255	57	776	SEA
1255	961	714	SEA
1257	100	910	SEA
1257	107M	1385	SEA
1257	56	884	SEA
1257	57	766	SEA
1257	961	710	SEA
1264	100	684	SEA
1264	107M	905	SEA
1264	56	1058	SEA
1264	57	750	SEA
1264	961	864	SEA
1265	100	661	SEA
1265	107M	991	SEA
1265	56	998	SEA
1265	57	795	SEA
1265	961	851	SEA
1275	100	915	SEA
1275	107M	990	SEA
1275	56	990	SEA
1275	57	808	SEA
1275	961	887	SEA
1278	100	945	SEA
1278	107M	891	SEA
1278	56	1017	SEA
1278	57	790	SEA
1278	961	883	SEA
1279	100	945	SEA
1279	107M	891	SEA
1279	56	1017	SEA
1279	57	790	SEA
1279	961	883	SEA
1280	100	935	SEA
1280	107M	893	SEA
1280	56	1009	SEA
1280	57	731	SEA
1280	961	819	SEA
1284	100	906	SEA
1284	107M	788	SEA
1284	56	985	SEA
1284	57	766	SEA
1284	961	781	SEA
1289	100	666	SEA
1289	107M	1006	SEA
1289	56	897	SEA
1289	57	853	SEA
1289	961	800	SEA
1295	100	681	SEA
1295	107M	964	SEA
1295	56	1250	SEA
1295	57	922	SEA
1295	961	1099	SEA
1296	100	681	SEA
1296	107M	964	SEA
1296	56	1250	SEA
1296	57	922	SEA
1296	961	1099	SEA
1301	100	953	SEA
1301	107M	881	SEA
1301	56	1299	SEA
1301	57	932	SEA
1301	961	1240	SEA
1306	100	1119	SEA
1306	107M	962	SEA
1306	56	998	SEA
1306	57	861	SEA
1306	961	1197	SEA
1308	100	1076	SEA
1308	107M	1005	SEA
1308	56	989	SEA
1308	57	885	SEA
1308	961	1140	SEA
1312	100	900	SEA
1312	107M	791	SEA
1312	56	929	SEA
1312	57	601	SEA
1312	961	1039	SEA
1319	100	967	SEA
1319	107M	805	SEA
1319	56	954	SEA
1319	57	478	SEA
1319	961	1196	SEA
