363	145	131	SEA
363	80	738	SEA
408	145	625	SEA
408	80	862	SEA
409	145	355	SEA
409	80	870	SEA
414	145	371	SEA
414	80	802	SEA
421	145	1173	SEA
421	80	747	SEA
422	145	847	SEA
422	80	747	SEA
435	145	921	SEA
435	80	811	SEA
439	145	986	SEA
439	80	718	SEA
453	145	332	SEA
453	80	858	SEA
490	145	535	SEA
490	80	299	SEA
494	145	609	SEA
494	80	780	SEA
516	145	482	SEA
516	80	569	SEA
529	145	846	SEA
529	80	340	SEA
531	145	895	SEA
531	80	351	SEA
542	145	85	SEA
542	80	394	SEA
549	145	195	SEA
549	80	628	SEA
554	145	883	SEA
554	80	625	SEA
568	145	16	SEA
568	80	667	SEA
593	145	322	SEA
593	80	607	SEA
606	145	142	SEA
606	80	624	SEA
607	145	243	SEA
607	80	624	SEA
623	145	394	SEA
623	80	743	SEA
624	145	425	SEA
624	80	738	SEA
694	145	327	SEA
694	80	900	SEA
710	145	290	SEA
710	80	864	SEA
718	145	480	SEA
718	80	842	SEA
720	145	345	SEA
720	80	667	SEA
727	145	308	SEA
727	80	375	SEA
729	145	394	SEA
729	80	504	SEA
757	145	335	SEA
757	80	630	SEA
759	145	324	SEA
759	80	621	SEA
760	145	320	SEA
760	80	621	SEA
761	145	334	SEA
761	80	635	SEA
768	145	1047	SEA
768	80	180	SEA
770	145	1091	SEA
770	80	321	SEA
771	145	1043	SEA
771	80	818	SEA
774	145	415	SEA
774	80	803	SEA
778	145	495	SDA
778	80	773	SEA
801	145	776	SEA
801	80	671	SEA
804	145	736	SEA
804	80	627	SEA
808	145	721	SEA
808	80	1514	SEA
810	145	790	SEA
810	80	1490	SEA
819	145	583	SEA
819	80	900	SEA
834	145	180	SEA
834	80	701	SEA
840	145	442	SEA
840	80	719	SEA
847	145	194	SEA
847	80	617	SEA
853	145	351	SEA
853	80	514	SEA
859	145	24	SEA
859	80	682	SEA
863	145	979	SEA
863	80	747	SEA
871	145	636	SEA
871	80	640	SEA
876	145	704	SEA
876	80	42	SEA
887	145	133	SEA
887	80	755	SEA
889	145	139	SEA
889	80	727	SEA
893	145	150	SEA
893	80	690	SEA
895	145	425	SEA
895	80	727	SEA
901	145	533	SEA
901	80	804	SEA
908	145	779	SEA
908	80	747	SEA
918	145	859	SDA
918	80	794	SEA
920	145	895	SEA
920	80	804	SEA
922	145	875	SEA
922	80	773	SEA
923	145	864	SEA
923	80	754	SEA
924	145	848	SEA
924	80	1661	SEA
926	145	949	SEA
926	80	759	SEA
932	145	608	SEA
932	80	749	SEA
933	145	604	SEA
933	80	761	SEA
936	145	621	SEA
936	80	796	SEA
937	145	607	SEA
937	80	803	SEA
940	145	613	SEA
940	80	707	SEA
941	145	607	SEA
941	80	714	SEA
943	145	1040	SEA
943	80	719	SEA
944	145	1091	SEA
944	80	750	SEA
950	145	1213	SEA
950	80	777	SEA
952	145	590	SEA
952	80	1672	SEA
953	145	647	SEA
953	80	1657	SEA
965	145	751	SEA
965	80	639	SEA
967	145	803	SEA
967	80	624	SEA
972	145	688	SEA
972	80	515	SEA
986	145	442	SEA
986	80	900	SEA
987	145	453	SEA
987	80	900	SEA
989	145	446	SEA
989	80	900	SEA
992	145	818	SEA
992	80	719	SEA
1000	145	818	SEA
1000	80	827	SEA
1006	145	762	SEA
1006	80	779	SEA
1007	145	762	SEA
1007	80	779	SEA
1008	145	757	SEA
1008	80	669	SEA
1010	145	720	SEA
1010	80	710	SEA
1013	145	415	SEA
1013	80	708	SEA
1014	145	360	SEA
1014	80	702	SEA
1016	145	372	SEA
1016	80	744	SEA
1019	145	316	SEA
1019	80	673	SEA
1023	145	688	SEA
1023	80	107	SEA
1026	145	638	SEA
1026	80	261	SEA
1028	145	578	SEA
1028	80	327	SEA
1033	145	416	SEA
1033	80	620	SEA
1037	145	477	SEA
1037	80	905	SEA
1040	145	448	SEA
1040	80	610	SEA
1042	145	409	SEA
1042	80	610	SEA
1048	145	276	SEA
1048	80	612	SEA
1049	145	252	SEA
1049	80	616	SEA
1051	145	315	SEA
1051	80	779	SEA
1053	145	344	SEA
1053	80	532	SEA
1057	145	179	SEA
1057	80	528	SEA
1059	145	226	SDA
1059	80	459	SEA
1063	145	623	SEA
1063	80	379	SEA
1064	145	522	SEA
1064	80	337	SEA
1067	145	508	SEA
1067	80	686	SEA
1069	145	475	SEA
1069	80	667	SEA
1071	145	462	SEA
1071	80	568	SEA
1074	145	500	SEA
1074	80	685	SEA
1075	145	510	SEA
1075	80	682	SEA
1090	145	740	SDA
1090	80	663	SEA
1093	145	740	SDA
1093	80	721	SEA
1103	145	298	SEA
1103	80	627	SEA
1105	145	630	SEA
1105	80	634	SEA
1108	145	640	SEA
1108	80	709	SEA
1112	145	332	SEA
1112	80	810	SEA
1119	145	659	SEA
1119	80	796	SEA
1127	145	850	SEA
1127	80	608	SEA
1130	145	894	SEA
1130	80	657	SEA
1132	145	791	SEA
1132	80	612	SEA
1136	145	152	SEA
1136	80	628	SEA
1140	145	120	SEA
1140	80	562	SEA
1146	145	192	SEA
1146	80	911	SEA
1149	145	1126	SEA
1149	80	930	SEA
1153	145	37	SEA
1153	80	931	SEA
1154	145	27	SDA
1154	80	942	SEA
1157	145	20	SEA
1157	80	1440	SEA
1164	145	4	SEA
1164	80	1041	SEA
1168	145	12	SDA
1168	80	1032	SEA
1181	145	494	SEA
1181	80	871	SEA
1183	145	458	SEA
1183	80	1199	SEA
1188	145	848	SEA
1188	80	959	SEA
1190	145	938	SEA
1190	80	798	SEA
1200	145	525	SDA
1200	80	797	SEA
1205	145	539	SEA
1205	80	1072	SEA
1209	145	531	SEA
1209	80	1049	SEA
1210	145	567	SEA
1210	80	1024	SEA
1214	145	358	SEA
1214	80	971	SEA
1228	145	1675	SEA
1228	80	791	SEA
1239	145	472	SEA
1239	80	959	SEA
1240	145	487	SEA
1240	80	919	SEA
1243	145	534	SEA
1243	80	875	SEA
1248	145	549	SEA
1248	80	896	SEA
1252	145	582	SEA
1252	80	889	SEA
1255	145	479	SEA
1255	80	738	SEA
1257	145	447	SEA
1257	80	750	SEA
1264	145	919	SEA
1264	80	439	SEA
1265	145	452	SEA
1265	80	359	SEA
1275	145	476	SEA
1275	80	845	SEA
1278	145	542	SEA
1278	80	861	SEA
1280	145	888	SEA
1280	80	878	SEA
1284	145	906	SEA
1284	80	900	SEA
1289	145	726	SEA
1289	80	943	SEA
1295	145	857	SEA
1295	80	893	SEA
1296	145	857	SEA
1296	80	893	SEA
1301	145	969	SEA
1301	80	909	SEA
1306	145	855	SEA
1306	80	862	SEA
1308	145	835	SEA
1308	80	840	SEA
1312	145	833	SEA
1312	80	881	SEA
1319	145	917	SEA
1319	80	1108	SEA
