363	122	842	SEA
363	124	794	SEA
363	143	595	SEA
363	166	464	SEA
363	174	1063	SEA
363	190	289	SEA
363	196	856	SEA
363	197	1226	SEA
363	61	772	SEA
363	961	695	SEA
385	122	806	SEA
385	124	538	SEA
385	143	763	SEA
385	147	572	SEA
385	166	300	SEA
385	174	520	SEA
385	190	315	SEA
385	196	908	SEA
385	197	807	SEA
385	2	914	SEA
385	54	666	SEA
385	61	695	SEA
385	961	620	SEA
408	12	634	SEA
408	122	522	SEA
408	124	601	SEA
408	143	724	SEA
408	147	725	SEA
408	166	442	SEA
408	167	1757	SEA
408	174	599	SEA
408	190	1647	SEA
408	196	348	SEA
408	197	759	SEA
408	2	1129	SEA
408	54	877	SEA
408	61	935	SEA
408	961	811	SEA
409	12	606	SEA
409	122	526	SEA
409	124	613	SEA
409	143	744	SEA
409	147	713	SEA
409	166	385	SEA
409	167	1682	SEA
409	174	527	SEA
409	190	1588	SEA
409	196	286	SEA
409	197	739	SEA
409	2	1147	SEA
409	54	886	SEA
409	61	868	SEA
409	961	790	SEA
414	12	536	SEA
414	122	530	SEA
414	124	357	SEA
414	143	800	SEA
414	147	803	SEA
414	166	453	SEA
414	167	1577	SEA
414	174	555	SEA
414	190	1640	SEA
414	196	893	SEA
414	197	836	SEA
414	2	1170	SEA
414	54	912	SEA
414	61	761	SEA
414	961	534	SEA
421	12	500	SEA
421	122	554	SEA
421	124	737	SEA
421	143	638	SEA
421	147	565	SEA
421	166	183	SEA
421	167	1706	SEA
421	174	1132	SEA
421	190	715	SDA
421	196	154	SEA
421	197	908	SEA
421	2	678	SEA
421	54	926	SEA
421	61	737	SEA
421	961	358	SEA
422	12	428	SEA
422	122	551	SEA
422	124	675	SEA
422	143	829	SEA
422	147	587	SEA
422	166	580	SEA
422	167	1692	SEA
422	174	1068	SEA
422	190	623	SDA
422	196	196	SEA
422	197	485	SEA
422	2	681	SEA
422	54	1010	SEA
422	61	683	SEA
422	961	346	SEA
435	12	295	SEA
435	122	1012	SEA
435	124	552	SDA
435	143	779	SEA
435	147	972	SEA
435	166	938	SEA
435	174	1189	SEA
435	190	1104	SDA
435	196	559	SEA
435	197	293	SEA
435	2	960	SEA
435	54	922	SEA
435	61	627	SEA
435	961	1180	SEA
439	12	176	SEA
439	122	1016	SEA
439	124	558	SDA
439	143	853	SEA
439	147	958	SEA
439	166	627	SEA
439	174	1152	SEA
439	190	1164	SEA
439	196	587	SEA
439	197	376	SEA
439	2	939	SEA
439	54	947	SEA
439	61	733	SEA
439	961	1173	SEA
448	12	124	SEA
448	122	718	SDA
448	124	768	SEA
448	143	668	SEA
448	147	394	SEA
448	166	498	SEA
448	174	861	SEA
448	190	1355	SEA
448	196	1530	SEA
448	197	1167	SEA
448	2	1095	SEA
448	54	790	SEA
448	61	1156	SEA
448	961	1300	SEA
458	12	1005	SEA
458	122	825	SEA
458	124	411	SEA
458	143	696	SEA
458	147	711	SEA
458	166	646	SEA
458	174	905	SEA
458	190	880	SEA
458	196	1218	SDA
458	197	1405	SDA
458	2	1714	SEA
458	54	594	SEA
458	61	562	SEA
458	961	930	SEA
463	12	1059	SEA
463	122	693	SEA
463	124	368	SEA
463	143	805	SEA
463	147	685	SEA
463	166	671	SEA
463	174	884	SEA
463	190	820	SEA
463	196	1356	SEA
463	197	1358	SDA
463	2	1656	SEA
463	54	628	SEA
463	61	608	SEA
463	961	325	SEA
492	12	873	SEA
492	122	883	SEA
492	124	520	SEA
492	143	459	SEA
492	147	501	SEA
492	166	612	SEA
492	167	2373	SEA
492	174	216	SEA
492	190	1144	SEA
492	196	449	SEA
492	197	765	SEA
492	2	412	SEA
492	54	686	SEA
492	61	1693	SEA
492	961	980	SEA
494	12	933	SEA
494	122	884	SEA
494	124	507	SEA
494	143	457	SEA
494	147	458	SEA
494	166	550	SEA
494	174	164	SEA
494	190	1094	SEA
494	196	474	SEA
494	197	626	SEA
494	2	350	SEA
494	54	694	SEA
494	61	1633	SEA
494	961	966	SEA
500	12	834	SEA
500	122	919	SEA
500	124	491	SEA
500	143	426	SEA
500	147	158	SEA
500	166	1178	SEA
500	174	196	SEA
500	190	39	SEA
500	196	426	SEA
500	197	476	SEA
500	2	390	SEA
500	54	639	SEA
500	61	986	SEA
500	961	1030	SEA
505	12	907	SEA
505	122	831	SDA
505	124	327	SEA
505	143	1063	SEA
505	147	497	SEA
505	166	243	SEA
505	174	217	SEA
505	190	30	SEA
505	196	896	SEA
505	197	382	SEA
505	2	1149	SEA
505	54	509	SEA
505	61	933	SEA
505	961	693	SEA
507	12	884	SEA
507	122	859	SDA
507	124	329	SEA
507	143	1037	SEA
507	147	497	SEA
507	166	136	SEA
507	174	209	SEA
507	190	15	SEA
507	196	833	SEA
507	197	375	SEA
507	2	662	SEA
507	54	514	SEA
507	61	928	SEA
507	961	692	SEA
512	12	171	SEA
512	122	830	SEA
512	124	380	SEA
512	143	1366	SEA
512	147	525	SEA
512	166	170	SEA
512	174	743	SEA
512	190	16	SEA
512	196	252	SEA
512	197	1408	SEA
512	2	642	SEA
512	54	478	SEA
512	61	1018	SEA
512	961	886	SEA
520	12	193	SEA
520	122	1094	SEA
520	124	339	SEA
520	143	1470	SEA
520	147	824	SEA
520	166	161	SEA
520	167	1760	SEA
520	174	545	SEA
520	190	226	SEA
520	196	426	SEA
520	197	227	SEA
520	2	455	SEA
520	54	789	SEA
520	61	961	SEA
520	961	511	SEA
529	12	683	SEA
529	122	1136	SEA
529	124	333	SEA
529	143	1648	SEA
529	147	491	SEA
529	166	485	SEA
529	167	1806	SEA
529	174	637	SEA
529	190	52	SEA
529	196	256	SEA
529	197	72	SEA
529	2	1695	SEA
529	54	878	SEA
529	61	548	SEA
529	961	441	SEA
531	12	677	SEA
531	122	854	SEA
531	124	418	SEA
531	143	1664	SEA
531	147	476	SEA
531	166	492	SEA
531	167	1801	SEA
531	174	725	SEA
531	190	25	SEA
531	196	242	SEA
531	197	9	SEA
531	2	1764	SEA
531	54	926	SEA
531	61	591	SEA
531	961	387	SEA
541	12	707	SEA
541	122	992	SEA
541	124	482	SEA
541	143	151	SEA
541	147	401	SEA
541	166	922	SEA
541	174	563	SEA
541	190	144	SEA
541	196	598	SEA
541	197	1058	SEA
541	2	191	SEA
541	54	524	SEA
541	61	546	SEA
541	961	662	SEA
542	12	763	SEA
542	122	964	SEA
542	124	507	SEA
542	143	208	SEA
542	147	415	SEA
542	166	967	SEA
542	174	579	SEA
542	190	128	SEA
542	196	82	SEA
542	197	311	SEA
542	2	167	SEA
542	54	494	SEA
542	61	721	SEA
542	961	681	SEA
543	12	763	SEA
543	122	964	SEA
543	124	507	SEA
543	143	208	SEA
543	147	415	SEA
543	166	967	SEA
543	174	579	SEA
543	190	128	SEA
543	196	82	SEA
543	197	311	SEA
543	2	167	SEA
543	54	494	SEA
543	61	721	SEA
543	961	681	SEA
549	12	28	SEA
549	122	938	SEA
549	124	337	SEA
549	143	272	SEA
549	147	489	SEA
549	166	950	SEA
549	174	689	SEA
549	190	30	SEA
549	196	130	SEA
549	197	216	SEA
549	2	229	SEA
549	54	306	SEA
549	61	786	SEA
549	961	559	SEA
554	12	22	SEA
554	122	710	SEA
554	124	550	SEA
554	143	244	SEA
554	147	569	SEA
554	166	1176	SEA
554	167	1760	SEA
554	174	340	SEA
554	190	229	SEA
554	196	204	SEA
554	197	197	SEA
554	2	307	SEA
554	54	408	SEA
554	61	947	SEA
554	961	636	SEA
568	12	423	SEA
568	122	1220	SEA
568	124	401	SEA
568	143	454	SEA
568	147	168	SEA
568	166	681	SEA
568	167	1593	SEA
568	174	826	SEA
568	190	1505	SEA
568	196	244	SEA
568	197	712	SEA
568	2	109	SEA
568	54	675	SEA
568	61	597	SEA
568	961	598	SEA
593	12	263	SEA
593	122	708	SEA
593	124	481	SEA
593	143	693	SEA
593	147	734	SEA
593	166	795	SEA
593	167	1355	SEA
593	174	349	SEA
593	190	9	SDA
593	196	601	SEA
593	197	552	SEA
593	2	353	SEA
593	54	368	SEA
593	61	748	SEA
593	961	703	SEA
606	12	579	SEA
606	122	1238	SEA
606	124	674	SEA
606	143	387	SEA
606	147	424	SEA
606	166	914	SEA
606	167	1508	SEA
606	174	1107	SEA
606	190	5	SEA
606	196	1977	SEA
606	197	240	SEA
606	2	515	SEA
606	54	415	SEA
606	61	518	SEA
606	961	752	SEA
607	12	426	SEA
607	122	1194	SEA
607	124	573	SEA
607	143	473	SEA
607	147	271	SEA
607	166	889	SEA
607	167	1531	SEA
607	174	1060	SEA
607	190	44	SEA
607	196	2117	SEA
607	197	326	SEA
607	2	696	SEA
607	54	563	SEA
607	61	610	SEA
607	961	858	SEA
610	12	563	SEA
610	122	1073	SEA
610	124	491	SEA
610	143	494	SEA
610	147	241	SEA
610	166	997	SEA
610	167	1536	SEA
610	174	1093	SEA
610	190	173	SEA
610	196	352	SEA
610	197	289	SEA
610	2	751	SEA
610	54	613	SEA
610	61	1280	SEA
610	961	849	SEA
615	12	562	SEA
615	122	1227	SEA
615	124	666	SEA
615	143	63	SEA
615	147	92	SEA
615	166	853	SEA
615	167	1565	SEA
615	174	1147	SEA
615	190	111	SEA
615	196	412	SEA
615	197	167	SEA
615	2	918	SEA
615	54	874	SEA
615	61	1206	SEA
615	961	732	SEA
624	12	914	SEA
624	122	1241	SEA
624	124	552	SEA
624	143	1256	SEA
624	147	154	SEA
624	166	1061	SEA
624	174	615	SEA
624	190	106	SEA
624	196	426	SEA
624	197	238	SEA
624	2	969	SEA
624	54	1066	SEA
624	61	1583	SDA
624	961	660	SEA
629	12	825	SEA
629	122	1150	SEA
629	124	670	SEA
629	143	1196	SEA
629	147	112	SEA
629	166	1012	SEA
629	167	1548	SEA
629	174	700	SEA
629	190	618	SEA
629	196	391	SEA
629	2	1123	SEA
629	54	1064	SEA
629	61	1496	SEA
629	961	909	SEA
652	12	551	SEA
652	122	1042	SEA
652	124	458	SEA
652	143	336	SEA
652	147	1116	SEA
652	166	763	SEA
652	174	1338	SEA
652	190	737	SEA
652	196	657	SEA
652	197	892	SEA
652	2	145	SEA
652	54	627	SEA
652	61	878	SEA
652	961	1018	SEA
654	12	615	SEA
654	122	1049	SEA
654	124	489	SEA
654	143	275	SEA
654	147	1161	SEA
654	166	748	SEA
654	174	1374	SEA
654	190	87	SEA
654	196	659	SEA
654	197	840	SEA
654	2	249	SEA
654	54	604	SEA
654	61	863	SEA
654	961	979	SEA
663	12	389	SEA
663	122	1125	SEA
663	124	669	SEA
663	143	908	SEA
663	147	1161	SEA
663	166	374	SEA
663	167	2172	SEA
663	174	877	SEA
663	190	98	SEA
663	196	614	SEA
663	197	774	SEA
663	2	1495	SEA
663	54	438	SEA
663	61	903	SEA
663	961	993	SEA
667	12	968	SEA
667	124	584	SEA
667	143	915	SEA
667	147	1100	SEA
667	166	306	SEA
667	167	2187	SEA
667	174	900	SEA
667	190	64	SEA
667	196	612	SEA
667	2	580	SEA
667	54	1063	SEA
667	61	1397	SEA
667	961	498	SEA
684	12	1374	SEA
684	122	113	SEA
684	124	526	SEA
684	143	1011	SEA
684	147	867	SEA
684	166	727	SEA
684	174	508	SEA
684	190	192	SEA
684	196	869	SEA
684	197	176	SEA
684	2	656	SEA
684	54	452	SEA
684	61	580	SEA
684	961	662	SEA
694	12	329	SEA
694	122	58	SEA
694	124	996	SEA
694	143	474	SEA
694	147	76	SEA
694	166	655	SEA
694	174	417	SEA
694	190	163	SEA
694	196	839	SEA
694	197	157	SEA
694	2	410	SEA
694	54	752	SEA
694	61	881	SEA
694	961	954	SEA
710	12	1034	SEA
710	122	62	SEA
710	124	626	SEA
710	143	913	SEA
710	147	366	SEA
710	166	1602	SEA
710	167	992	SEA
710	174	1039	SEA
710	190	590	SEA
710	196	590	SEA
710	197	7	SEA
710	2	1027	SEA
710	54	1056	SEA
710	61	455	SEA
710	961	1008	SEA
718	12	861	SEA
718	122	140	SEA
718	124	845	SEA
718	143	535	SEA
718	147	287	SEA
718	166	1685	SEA
718	167	926	SEA
718	174	1066	SEA
718	190	190	SEA
718	196	549	SEA
718	197	429	SEA
718	2	1212	SEA
718	54	1255	SDA
718	61	702	SEA
718	961	1425	SEA
720	12	922	SEA
720	122	172	SEA
720	124	787	SEA
720	143	642	SEA
720	147	125	SEA
720	166	1665	SEA
720	167	258	SEA
720	174	1022	SEA
720	190	746	SEA
720	196	1088	SEA
720	197	451	SEA
720	2	1197	SEA
720	54	1348	SDA
720	61	672	SEA
720	961	1559	SEA
727	12	266	SEA
727	122	1165	SEA
727	124	601	SEA
727	143	844	SEA
727	147	371	SEA
727	166	1108	SEA
727	167	179	SEA
727	174	1304	SEA
727	190	913	SEA
727	196	1170	SDA
727	197	411	SEA
727	2	1351	SEA
727	54	1388	SEA
727	61	960	SEA
727	961	593	SEA
729	12	278	SEA
729	122	1137	SEA
729	124	566	SEA
729	143	855	SEA
729	147	449	SEA
729	166	1080	SEA
729	167	207	SEA
729	174	1174	SEA
729	190	910	SEA
729	196	1274	SDA
729	197	370	SDA
729	2	1314	SEA
729	54	1387	SEA
729	61	885	SEA
729	961	609	SEA
739	12	197	SEA
739	122	1131	SEA
739	124	545	SEA
739	143	911	SEA
739	147	368	SEA
739	166	706	SEA
739	174	1196	SEA
739	190	923	SEA
739	196	1203	SEA
739	197	287	SEA
739	2	1006	SEA
739	54	870	SEA
739	61	1049	SEA
739	961	615	SEA
745	12	395	SEA
745	122	1208	SEA
745	124	1311	SEA
745	143	286	SEA
745	147	681	SEA
745	166	621	SEA
745	174	1028	SEA
745	190	44	SEA
745	196	321	SEA
745	197	1181	SEA
745	2	1023	SEA
745	54	691	SEA
745	61	1033	SEA
745	961	623	SEA
757	12	189	SEA
757	122	1076	SEA
757	124	420	SEA
757	143	122	SEA
757	147	411	SEA
757	166	1131	SEA
757	167	1404	SEA
757	174	1158	SEA
757	190	898	SEA
757	196	111	SEA
757	197	1230	SEA
757	2	1585	SEA
757	54	741	SEA
757	61	456	SEA
757	961	844	SEA
759	12	166	SEA
759	122	1042	SEA
759	124	394	SEA
759	143	133	SEA
759	147	428	SEA
759	166	1138	SEA
759	167	1485	SEA
759	174	1171	SEA
759	190	94	SEA
759	196	130	SEA
759	197	1290	SEA
759	2	1611	SEA
759	54	861	SEA
759	61	500	SEA
759	961	882	SEA
760	12	213	SEA
760	122	1075	SEA
760	124	487	SEA
760	143	89	SEA
760	147	488	SEA
760	166	1153	SEA
760	167	1506	SEA
760	174	391	SEA
760	190	119	SEA
760	196	65	SEA
760	197	1307	SEA
760	2	1635	SEA
760	54	888	SEA
760	61	424	SEA
760	961	843	SEA
761	12	48	SEA
761	122	1089	SEA
761	124	401	SEA
761	143	67	SEA
761	147	355	SEA
761	166	1080	SEA
761	167	1470	SEA
761	174	302	SEA
761	190	116	SEA
761	196	10	SEA
761	197	1399	SEA
761	2	1755	SEA
761	54	962	SEA
761	61	482	SEA
761	961	847	SEA
765	12	17	SEA
765	122	1108	SEA
765	124	444	SDA
765	143	24	SEA
765	147	739	SEA
765	166	776	SEA
765	167	1488	SEA
765	174	191	SEA
765	190	283	SEA
765	196	17	SEA
765	197	1254	SEA
765	2	1801	SEA
765	54	927	SEA
765	61	562	SEA
765	961	801	SEA
768	12	10	SEA
768	122	1225	SEA
768	124	437	SEA
768	143	789	SEA
768	147	618	SEA
768	166	690	SEA
768	167	1380	SEA
768	174	280	SEA
768	190	210	SEA
768	196	3	SEA
768	197	1253	SEA
768	2	1698	SEA
768	54	1765	SEA
768	61	831	SEA
768	961	792	SEA
770	12	230	SEA
770	122	1100	SEA
770	124	344	SEA
770	143	895	SEA
770	147	275	SEA
770	166	667	SEA
770	167	1403	SEA
770	174	180	SEA
770	190	399	SEA
770	196	6	SEA
770	197	1291	SEA
770	2	1021	SEA
770	54	1686	SEA
770	61	783	SEA
770	961	783	SEA
771	12	274	SEA
771	122	1025	SEA
771	124	372	SEA
771	143	830	SEA
771	147	366	SEA
771	166	734	SEA
771	167	1435	SEA
771	174	203	SEA
771	190	279	SEA
771	196	9	SEA
771	2	1002	SEA
771	54	1690	SEA
771	61	804	SEA
771	961	807	SEA
772	12	274	SEA
772	122	1025	SEA
772	124	372	SEA
772	143	830	SEA
772	147	366	SEA
772	166	734	SEA
772	167	1435	SEA
772	174	203	SEA
772	190	279	SEA
772	196	9	SEA
772	2	1002	SEA
772	54	1690	SEA
772	61	804	SEA
772	961	807	SEA
774	12	249	SEA
774	122	980	SEA
774	124	439	SDA
774	143	952	SEA
774	147	322	SEA
774	166	755	SEA
774	167	1407	SEA
774	174	103	SEA
774	190	639	SEA
774	196	8	SEA
774	197	1626	SEA
774	2	1042	SEA
774	54	1732	SEA
774	61	759	SEA
774	961	760	SEA
778	12	188	SEA
778	122	1049	SEA
778	124	1527	SEA
778	143	834	SEA
778	147	468	SEA
778	166	840	SEA
778	167	1297	SEA
778	174	143	SEA
778	190	700	SEA
778	196	363	SEA
778	197	1586	SEA
778	2	905	SEA
778	54	1772	SEA
778	61	738	SEA
778	961	719	SEA
791	12	133	SEA
791	122	1184	SDA
791	124	942	SEA
791	143	581	SEA
791	147	612	SEA
791	166	1707	SEA
791	167	1443	SEA
791	174	538	SEA
791	190	242	SEA
791	196	351	SEA
791	197	1646	SEA
791	2	693	SEA
791	54	648	SEA
791	61	649	SEA
791	961	688	SEA
801	12	14	SEA
801	122	1284	SEA
801	124	1061	SEA
801	143	648	SEA
801	147	1263	SEA
801	166	895	SDA
801	167	1528	SEA
801	174	404	SEA
801	190	286	SEA
801	196	957	SEA
801	197	276	SEA
801	2	394	SEA
801	54	645	SEA
801	61	966	SEA
801	961	1052	SEA
804	12	70	SEA
804	122	1314	SDA
804	124	900	SDA
804	143	676	SEA
804	147	119	SEA
804	166	881	SDA
804	174	1145	SEA
804	190	837	SEA
804	196	4	SEA
804	197	300	SEA
804	2	1087	SEA
804	54	575	SEA
804	61	887	SEA
804	961	618	SEA
808	12	1292	SEA
808	122	1463	SEA
808	124	990	SDA
808	143	614	SEA
808	147	163	SEA
808	166	951	SDA
808	174	372	SEA
808	190	818	SEA
808	196	49	SEA
808	197	293	SEA
808	2	1097	SEA
808	54	666	SEA
808	61	737	SEA
808	961	622	SEA
810	12	597	SEA
810	122	1339	SEA
810	124	648	SEA
810	143	647	SEA
810	147	87	SEA
810	166	945	SEA
810	167	1826	SEA
810	174	422	SEA
810	190	121	SEA
810	196	12	SEA
810	197	362	SEA
810	54	703	SEA
810	61	732	SEA
810	961	689	SEA
819	12	685	SEA
819	122	1429	SEA
819	124	541	SEA
819	143	1008	SEA
819	147	8	SEA
819	166	1253	SEA
819	167	1887	SEA
819	174	353	SEA
819	190	36	SEA
819	196	1383	SEA
819	197	517	SEA
819	2	1792	SEA
819	54	966	SEA
819	61	715	SEA
819	961	781	SEA
834	12	1288	SEA
834	122	984	SEA
834	124	884	SEA
834	143	336	SEA
834	147	600	SEA
834	166	1281	SEA
834	174	913	SEA
834	190	141	SEA
834	196	1204	SEA
834	197	507	SEA
834	2	551	SDA
834	54	1555	SEA
834	61	1649	SEA
834	961	493	SEA
840	12	1197	SEA
840	122	864	SDA
840	124	936	SEA
840	143	337	SEA
840	147	346	SEA
840	166	1413	SEA
840	167	1517	SDA
840	174	966	SEA
840	190	85	SEA
840	196	239	SEA
840	197	530	SEA
840	2	460	SEA
840	54	527	SEA
840	61	952	SEA
840	961	835	SEA
847	12	637	SEA
847	122	880	SEA
847	124	1026	SEA
847	143	259	SEA
847	147	989	SEA
847	166	1426	SEA
847	167	1471	SEA
847	174	397	SEA
847	190	44	SEA
847	196	103	SEA
847	197	629	SEA
847	2	542	SEA
847	54	471	SEA
847	61	1014	SEA
847	961	1105	SEA
853	12	661	SEA
853	122	493	SEA
853	124	497	SEA
853	143	1104	SEA
853	147	817	SEA
853	166	1193	SDA
853	167	1485	SEA
853	174	549	SEA
853	190	557	SEA
853	196	22	SEA
853	197	490	SEA
853	2	587	SEA
853	54	542	SEA
853	61	949	SEA
853	961	885	SEA
859	12	713	SEA
859	122	544	SEA
859	124	613	SEA
859	143	1081	SEA
859	147	951	SEA
859	166	1249	SDA
859	167	1424	SEA
859	174	511	SEA
859	190	589	SEA
859	196	55	SEA
859	197	498	SEA
859	2	579	SEA
859	54	603	SEA
859	61	1059	SEA
859	961	1093	SEA
863	12	702	SEA
863	122	940	SEA
863	124	473	SEA
863	143	876	SEA
863	147	911	SEA
863	166	1257	SDA
863	174	724	SEA
863	190	304	SEA
863	196	1222	SEA
863	197	576	SEA
863	2	1731	SEA
863	54	518	SEA
863	61	1018	SEA
863	961	994	SEA
871	12	724	SEA
871	122	834	SEA
871	124	985	SEA
871	143	688	SEA
871	147	750	SEA
871	166	1177	SDA
871	167	1590	SEA
871	174	987	SEA
871	190	400	SEA
871	196	223	SDA
871	197	1116	SEA
871	2	364	SEA
871	54	1215	SEA
871	61	549	SDA
871	961	919	SEA
876	12	818	SDA
876	122	806	SDA
876	124	504	SEA
876	143	522	SEA
876	147	749	SEA
876	166	1143	SDA
876	167	1560	SEA
876	174	1219	SEA
876	190	701	SEA
876	196	79	SEA
876	197	1009	SEA
876	2	516	SEA
876	54	1247	SEA
876	61	597	SEA
876	961	811	SEA
887	12	742	SEA
887	122	672	SEA
887	124	698	SEA
887	143	404	SEA
887	147	1169	SEA
887	166	721	SEA
887	174	654	SEA
887	190	354	SEA
887	196	97	SEA
887	197	970	SEA
887	2	570	SEA
887	54	589	SEA
887	61	973	SEA
887	961	1231	SEA
889	12	792	SEA
889	122	677	SEA
889	124	648	SEA
889	143	392	SEA
889	147	1257	SEA
889	166	716	SEA
889	174	657	SEA
889	190	679	SEA
889	196	113	SEA
889	197	983	SEA
889	2	508	SEA
889	54	627	SEA
889	61	958	SEA
889	961	1227	SEA
893	12	832	SEA
893	122	673	SEA
893	124	692	SEA
893	143	582	SEA
893	147	1190	SEA
893	166	851	SEA
893	174	687	SEA
893	190	668	SEA
893	196	89	SEA
893	197	839	SEA
893	2	426	SEA
893	54	517	SEA
893	61	675	SEA
893	961	1058	SEA
895	12	856	SEA
895	122	650	SEA
895	124	702	SEA
895	143	603	SEA
895	147	293	SEA
895	166	905	SEA
895	174	716	SEA
895	190	402	SEA
895	196	50	SEA
895	197	862	SEA
895	2	456	SEA
895	54	550	SEA
895	61	689	SEA
895	961	1046	SEA
901	12	887	SEA
901	122	992	SEA
901	124	653	SDA
901	143	484	SEA
901	147	240	SEA
901	166	1072	SEA
901	167	1860	SEA
901	174	771	SEA
901	190	354	SEA
901	196	419	SEA
901	197	829	SEA
901	2	860	SEA
901	54	448	SEA
901	61	713	SEA
901	961	894	SEA
908	12	352	SEA
908	122	970	SEA
908	124	948	SEA
908	143	1286	SEA
908	147	10	SEA
908	166	1202	SEA
908	167	1745	SEA
908	174	822	SEA
908	190	82	SEA
908	196	465	SEA
908	197	688	SEA
908	2	924	SEA
908	54	1182	SEA
908	61	805	SEA
908	961	687	SEA
918	12	187	SEA
918	122	774	SEA
918	124	544	SDA
918	143	1021	SEA
918	147	1159	SEA
918	166	1186	SEA
918	174	656	SEA
918	190	126	SEA
918	196	616	SEA
918	197	1648	SEA
918	2	961	SEA
918	54	537	SEA
918	61	720	SEA
918	961	768	SEA
920	12	1412	SEA
920	122	746	SEA
920	124	549	SDA
920	143	990	SEA
920	147	1229	SEA
920	166	1123	SEA
920	174	700	SEA
920	190	81	SEA
920	196	577	SEA
920	197	1608	SEA
920	2	1065	SEA
920	54	529	SEA
920	61	670	SEA
920	961	692	SEA
922	12	129	SEA
922	122	842	SEA
922	124	612	SDA
922	143	857	SEA
922	147	1236	SEA
922	166	1110	SEA
922	174	704	SEA
922	190	149	SEA
922	196	594	SEA
922	197	1680	SEA
922	2	1051	SEA
922	54	482	SEA
922	61	656	SEA
922	961	731	SEA
923	12	143	SEA
923	122	807	SEA
923	124	544	SEA
923	143	955	SEA
923	147	1168	SEA
923	166	1047	SEA
923	174	750	SEA
923	190	145	SEA
923	196	538	SEA
923	197	1660	SEA
923	2	1137	SEA
923	54	499	SEA
923	61	647	SEA
923	961	841	SEA
924	12	208	SEA
924	122	819	SEA
924	124	630	SEA
924	143	877	SEA
924	147	1152	SEA
924	166	1114	SEA
924	167	1566	SEA
924	174	749	SEA
924	190	174	SEA
924	196	541	SEA
924	197	694	SEA
924	2	1086	SEA
924	54	455	SEA
924	61	632	SEA
924	961	796	SEA
926	12	89	SEA
926	122	745	SEA
926	124	623	SDA
926	143	860	SEA
926	147	1172	SEA
926	166	1094	SEA
926	167	1604	SEA
926	174	725	SEA
926	190	157	SEA
926	196	527	SEA
926	197	592	SEA
926	2	1129	SEA
926	54	591	SEA
926	61	568	SEA
926	961	729	SEA
932	12	60	SEA
932	122	1156	SEA
932	124	587	SEA
932	143	889	SEA
932	147	1305	SEA
932	166	1134	SEA
932	167	1647	SEA
932	174	1509	SEA
932	190	705	SEA
932	196	577	SEA
932	197	549	SEA
932	2	907	SEA
932	54	691	SEA
932	61	540	SEA
932	961	536	SEA
933	12	63	SEA
933	122	1163	SEA
933	124	483	SEA
933	143	827	SEA
933	147	1219	SEA
933	166	281	SEA
933	167	1621	SEA
933	174	1514	SEA
933	190	661	SEA
933	196	567	SEA
933	197	505	SEA
933	2	898	SEA
933	54	706	SEA
933	61	651	SEA
933	961	454	SEA
936	12	101	SEA
936	122	1221	SEA
936	124	573	SEA
936	143	929	SEA
936	147	275	SEA
936	166	247	SEA
936	167	1524	SEA
936	174	1480	SEA
936	190	20	SEA
936	196	906	SEA
936	197	539	SEA
936	2	1219	SEA
936	54	772	SEA
936	61	1059	SEA
936	961	481	SEA
937	12	89	SEA
937	122	963	SEA
937	124	683	SEA
937	143	838	SEA
937	147	324	SEA
937	166	178	SEA
937	167	1533	SEA
937	174	1404	SEA
937	190	7	SEA
937	196	906	SEA
937	197	536	SEA
937	2	1223	SEA
937	54	890	SEA
937	61	957	SEA
937	961	444	SEA
940	12	145	SEA
940	122	1055	SDA
940	124	484	SEA
940	143	862	SEA
940	147	421	SEA
940	166	186	SEA
940	167	1512	SEA
940	174	1298	SEA
940	190	5	SEA
940	196	1058	SEA
940	197	530	SEA
940	2	1247	SEA
940	54	786	SEA
940	61	932	SEA
940	961	524	SEA
941	12	154	SEA
941	122	991	SDA
941	124	580	SEA
941	143	847	SEA
941	147	423	SEA
941	166	199	SEA
941	167	1454	SEA
941	174	1303	SEA
941	190	70	SEA
941	196	1009	SEA
941	197	605	SEA
941	2	1304	SEA
941	54	813	SEA
941	61	939	SEA
941	961	430	SEA
943	12	20	SEA
943	122	1004	SEA
943	124	601	SEA
943	143	853	SEA
943	147	377	SEA
943	166	147	SEA
943	167	1503	SEA
943	174	1299	SEA
943	190	156	SEA
943	196	940	SEA
943	197	573	SEA
943	2	1298	SEA
943	54	728	SEA
943	61	987	SEA
943	961	503	SEA
944	12	15	SEA
944	122	1025	SEA
944	124	633	SEA
944	143	834	SEA
944	147	413	SEA
944	166	109	SEA
944	167	1491	SEA
944	174	1239	SEA
944	190	96	SEA
944	196	919	SEA
944	197	609	SEA
944	2	1346	SEA
944	54	744	SEA
944	61	949	SEA
944	961	562	SEA
950	12	755	SEA
950	122	986	SEA
950	124	792	SEA
950	143	542	SEA
950	147	368	SEA
950	166	59	SEA
950	174	1261	SEA
950	190	682	SEA
950	196	63	SEA
950	197	518	SEA
950	2	789	SEA
950	54	1077	SEA
950	61	585	SDA
950	961	711	SEA
952	12	858	SEA
952	122	1006	SEA
952	124	845	SEA
952	143	542	SEA
952	147	301	SEA
952	166	62	SEA
952	167	1691	SEA
952	174	1141	SEA
952	190	689	SEA
952	196	19	SEA
952	197	519	SEA
952	2	868	SEA
952	54	1153	SEA
952	61	590	SDA
952	961	799	SEA
953	12	846	SEA
953	122	1019	SEA
953	124	781	SEA
953	143	567	SEA
953	147	277	SEA
953	166	83	SEA
953	167	1652	SEA
953	174	1163	SEA
953	190	668	SEA
953	196	6	SEA
953	197	511	SEA
953	2	889	SEA
953	54	1123	SEA
953	61	599	SDA
953	961	896	SEA
965	12	615	SEA
965	122	1166	SEA
965	124	432	SDA
965	143	233	SEA
965	147	815	SEA
965	166	426	SEA
965	167	1868	SEA
965	174	686	SEA
965	190	604	SEA
965	196	196	SEA
965	197	356	SEA
965	54	310	SEA
965	61	546	SEA
965	961	502	SEA
967	12	636	SEA
967	122	1188	SEA
967	124	387	SDA
967	143	788	SEA
967	147	907	SEA
967	166	422	SEA
967	167	1807	SEA
967	174	705	SEA
967	190	209	SEA
967	196	87	SEA
967	197	266	SEA
967	2	1639	SEA
967	54	357	SEA
967	61	482	SEA
967	961	522	SEA
972	12	133	SDA
972	122	1190	SEA
972	124	422	SDA
972	143	720	SEA
972	147	407	SEA
972	166	448	SEA
972	174	593	SEA
972	190	422	SEA
972	196	146	SEA
972	197	630	SEA
972	2	1571	SEA
972	54	275	SEA
972	61	436	SEA
972	961	714	SEA
986	12	422	SEA
986	122	967	SEA
986	124	904	SEA
986	143	518	SEA
986	147	136	SEA
986	166	1133	SEA
986	174	407	SEA
986	190	60	SEA
986	196	631	SEA
986	197	1025	SEA
986	54	511	SEA
986	61	643	SEA
986	961	595	SEA
987	12	439	SEA
987	122	947	SEA
987	124	1015	SEA
987	143	545	SEA
987	147	183	SEA
987	166	1057	SEA
987	167	1927	SEA
987	174	483	SEA
987	190	82	SEA
987	196	661	SEA
987	197	1019	SEA
987	54	610	SEA
987	61	602	SEA
987	961	626	SEA
989	12	339	SEA
989	122	979	SEA
989	124	1132	SEA
989	143	561	SEA
989	147	573	SEA
989	166	1129	SEA
989	167	1938	SEA
989	174	515	SEA
989	190	3	SEA
989	196	644	SEA
989	197	951	SEA
989	54	550	SEA
989	61	628	SEA
989	961	528	SEA
992	12	313	SEA
992	122	796	SEA
992	124	1053	SDA
992	143	468	SEA
992	147	160	SEA
992	166	1119	SEA
992	167	1867	SEA
992	174	1030	SEA
992	190	478	SEA
992	196	745	SEA
992	197	541	SEA
992	2	1672	SEA
992	54	582	SEA
992	61	528	SEA
992	961	489	SEA
1000	12	194	SEA
1000	122	1668	SEA
1000	124	383	SEA
1000	143	820	SEA
1000	147	441	SEA
1000	166	324	SEA
1000	174	719	SEA
1000	190	62	SEA
1000	196	622	SEA
1000	197	578	SEA
1000	2	1540	SEA
1000	54	896	SEA
1000	61	448	SEA
1000	961	387	SEA
1006	12	10	SEA
1006	122	1608	SEA
1006	124	496	SDA
1006	143	906	SEA
1006	147	207	SEA
1006	166	550	SEA
1006	174	744	SEA
1006	190	156	SEA
1006	196	542	SEA
1006	197	492	SEA
1006	54	922	SEA
1006	61	385	SEA
1006	961	382	SEA
1007	12	10	SEA
1007	122	1608	SEA
1007	124	496	SDA
1007	143	906	SEA
1007	147	207	SEA
1007	166	550	SEA
1007	174	744	SEA
1007	190	156	SEA
1007	196	542	SEA
1007	197	492	SEA
1007	54	922	SEA
1007	61	385	SEA
1007	961	382	SEA
1008	12	8	SEA
1008	122	473	SEA
1008	124	490	SDA
1008	143	1003	SEA
1008	147	267	SEA
1008	166	564	SEA
1008	174	710	SEA
1008	190	583	SEA
1008	196	413	SEA
1008	197	549	SEA
1008	54	1077	SEA
1008	61	400	SEA
1008	961	350	SEA
1010	12	5	SEA
1010	122	484	SEA
1010	124	957	SEA
1010	143	700	SEA
1010	147	262	SEA
1010	166	524	SEA
1010	174	736	SEA
1010	190	452	SEA
1010	196	454	SEA
1010	197	1042	SEA
1010	2	1339	SEA
1010	54	1136	SEA
1010	61	374	SEA
1010	961	379	SEA
1013	12	33	SEA
1013	122	498	SEA
1013	124	1050	SEA
1013	143	693	SEA
1013	147	130	SEA
1013	166	1198	SEA
1013	174	836	SEA
1013	190	14	SEA
1013	196	697	SEA
1013	197	1099	SEA
1013	2	1150	SEA
1013	54	1226	SEA
1013	61	682	SEA
1013	961	313	SEA
1014	12	13	SEA
1014	122	470	SEA
1014	124	1064	SEA
1014	143	671	SEA
1014	147	725	SEA
1014	166	1118	SEA
1014	174	785	SEA
1014	190	5	SEA
1014	196	664	SEA
1014	197	928	SEA
1014	2	1204	SEA
1014	54	1276	SEA
1014	61	751	SEA
1014	961	539	SEA
1016	12	4	SEA
1016	122	542	SEA
1016	124	1013	SEA
1016	143	671	SEA
1016	147	774	SEA
1016	166	1140	SEA
1016	174	874	SEA
1016	190	4	SEA
1016	196	629	SEA
1016	197	943	SEA
1016	2	1182	SEA
1016	54	1259	SEA
1016	61	893	SEA
1016	961	529	SEA
1019	12	649	SEA
1019	122	524	SEA
1019	124	619	SEA
1019	143	644	SEA
1019	147	540	SEA
1019	166	491	SEA
1019	174	789	SEA
1019	190	4	SEA
1019	196	1294	SEA
1019	197	509	SEA
1019	2	1211	SEA
1019	54	1342	SEA
1019	61	836	SEA
1019	961	556	SEA
1023	12	458	SEA
1023	122	537	SDA
1023	124	712	SEA
1023	143	711	SEA
1023	147	391	SEA
1023	166	535	SEA
1023	174	191	SEA
1023	190	342	SEA
1023	196	1387	SEA
1023	197	531	SEA
1023	2	1381	SEA
1023	54	825	SDA
1023	61	684	SEA
1023	961	606	SEA
1026	12	451	SEA
1026	122	569	SEA
1026	124	667	SEA
1026	143	637	SEA
1026	147	404	SEA
1026	166	460	SEA
1026	167	2169	SEA
1026	174	228	SEA
1026	190	422	SEA
1026	196	1405	SEA
1026	197	551	SEA
1026	2	1318	SEA
1026	54	815	SDA
1026	61	582	SEA
1026	961	499	SEA
1028	12	420	SEA
1028	122	549	SEA
1028	124	609	SEA
1028	143	1062	SEA
1028	147	405	SEA
1028	166	464	SEA
1028	167	2188	SEA
1028	174	186	SEA
1028	190	196	SEA
1028	196	1358	SEA
1028	197	665	SEA
1028	2	1284	SEA
1028	54	832	SDA
1028	61	604	SEA
1028	961	501	SEA
1033	12	723	SEA
1033	122	583	SEA
1033	124	759	SEA
1033	143	1114	SEA
1033	147	712	SEA
1033	166	432	SEA
1033	167	2171	SEA
1033	174	1335	SEA
1033	190	313	SEA
1033	196	799	SEA
1033	197	1144	SEA
1033	2	1513	SEA
1033	54	926	SEA
1033	61	738	SEA
1033	961	564	SEA
1037	12	1363	SEA
1037	122	1434	SEA
1037	124	1007	SDA
1037	143	1103	SEA
1037	147	769	SEA
1037	166	810	SEA
1037	174	462	SDA
1037	190	69	SEA
1037	196	807	SEA
1037	197	1134	SEA
1037	2	1467	SEA
1037	54	1036	SEA
1037	61	299	SEA
1037	961	432	SEA
1040	12	1387	SEA
1040	122	1403	SEA
1040	124	1010	SEA
1040	143	999	SEA
1040	147	389	SEA
1040	166	718	SEA
1040	174	401	SDA
1040	190	219	SEA
1040	196	759	SEA
1040	197	1078	SEA
1040	2	1528	SEA
1040	54	1054	SEA
1040	61	249	SEA
1040	961	397	SEA
1042	12	1370	SEA
1042	122	1391	SEA
1042	124	1064	SEA
1042	143	1301	SEA
1042	147	312	SEA
1042	166	780	SEA
1042	174	519	SEA
1042	190	243	SEA
1042	196	698	SEA
1042	197	1019	SEA
1042	2	1512	SEA
1042	54	1171	SDA
1042	61	312	SEA
1042	961	496	SEA
1048	12	1302	SEA
1048	122	898	SEA
1048	124	17	SEA
1048	143	1060	SEA
1048	147	760	SEA
1048	166	969	SEA
1048	174	453	SEA
1048	190	370	SEA
1048	196	620	SEA
1048	197	589	SDA
1048	2	1505	SEA
1048	54	1188	SEA
1048	61	403	SEA
1048	961	524	SEA
1049	12	1238	SEA
1049	122	905	SEA
1049	124	93	SEA
1049	143	913	SEA
1049	147	725	SEA
1049	166	1080	SEA
1049	174	506	SEA
1049	190	408	SEA
1049	196	606	SEA
1049	197	619	SDA
1049	2	1475	SEA
1049	54	1211	SEA
1049	61	283	SEA
1049	961	450	SEA
1051	12	1222	SEA
1051	122	809	SEA
1051	124	127	SEA
1051	143	1096	SEA
1051	147	362	SEA
1051	166	1092	SEA
1051	174	591	SEA
1051	190	123	SEA
1051	196	569	SEA
1051	197	482	SDA
1051	2	400	SEA
1051	54	1207	SEA
1051	61	906	SEA
1051	961	758	SEA
1053	12	1250	SEA
1053	122	788	SEA
1053	124	76	SEA
1053	143	1100	SEA
1053	147	367	SEA
1053	166	1103	SEA
1053	174	628	SEA
1053	190	158	SEA
1053	196	594	SEA
1053	197	520	SDA
1053	2	348	SEA
1053	54	1154	SEA
1053	61	908	SEA
1053	961	766	SEA
1057	12	1281	SEA
1057	122	841	SDA
1057	124	105	SEA
1057	143	865	SEA
1057	147	274	SEA
1057	166	642	SEA
1057	174	612	SEA
1057	190	230	SEA
1057	196	637	SEA
1057	197	489	SDA
1057	2	454	SEA
1057	54	1172	SEA
1057	61	533	SEA
1057	961	740	SEA
1059	12	1374	SEA
1059	122	835	SEA
1059	124	241	SDA
1059	143	968	SEA
1059	147	239	SEA
1059	166	662	SEA
1059	174	66	SEA
1059	190	302	SEA
1059	196	757	SEA
1059	197	610	SDA
1059	2	355	SEA
1059	54	1197	SEA
1059	61	559	SDA
1059	961	125	SEA
1063	12	1320	SEA
1063	122	1003	SEA
1063	124	977	SEA
1063	143	1074	SEA
1063	147	138	SEA
1063	166	633	SEA
1063	167	1916	SEA
1063	174	140	SEA
1063	190	362	SEA
1063	196	690	SEA
1063	197	534	SDA
1063	2	346	SEA
1063	54	743	SEA
1063	61	493	SDA
1063	961	128	SEA
1064	12	1328	SEA
1064	122	957	SEA
1064	124	944	SEA
1064	143	1014	SEA
1064	147	675	SEA
1064	166	650	SEA
1064	167	1923	SEA
1064	174	105	SEA
1064	190	390	SEA
1064	196	660	SEA
1064	197	838	SEA
1064	2	294	SEA
1064	54	712	SEA
1064	61	546	SDA
1064	961	116	SEA
1067	12	1376	SEA
1067	122	931	SEA
1067	124	842	SEA
1067	143	957	SEA
1067	147	535	SEA
1067	166	503	SEA
1067	167	1957	SEA
1067	174	97	SEA
1067	190	467	SEA
1067	196	614	SEA
1067	197	840	SEA
1067	2	369	SEA
1067	54	746	SEA
1067	61	554	SDA
1067	961	147	SEA
1069	12	1366	SEA
1069	122	873	SDA
1069	124	877	SEA
1069	143	984	SEA
1069	147	568	SEA
1069	166	650	SEA
1069	167	2033	SEA
1069	174	14	SEA
1069	190	420	SEA
1069	196	641	SEA
1069	197	839	SEA
1069	2	404	SEA
1069	54	729	SEA
1069	61	526	SDA
1069	961	67	SEA
1071	12	1164	SEA
1071	122	889	SDA
1071	124	179	SDA
1071	143	972	SEA
1071	147	560	SEA
1071	166	663	SEA
1071	167	2015	SEA
1071	174	1	SEA
1071	190	351	SEA
1071	196	663	SEA
1071	197	807	SEA
1071	2	511	SEA
1071	54	653	SEA
1071	61	483	SDA
1071	961	164	SEA
1074	12	7	SEA
1074	122	798	SEA
1074	124	198	SDA
1074	143	457	SEA
1074	147	670	SEA
1074	166	1543	SEA
1074	174	235	SEA
1074	190	168	SEA
1074	196	660	SEA
1074	197	283	SEA
1074	2	575	SEA
1074	54	526	SEA
1074	61	802	SEA
1074	961	283	SEA
1075	12	60	SEA
1075	122	865	SEA
1075	124	109	SDA
1075	143	409	SEA
1075	147	587	SEA
1075	166	1576	SEA
1075	174	291	SEA
1075	190	155	SEA
1075	196	680	SEA
1075	197	229	SEA
1075	2	534	SEA
1075	54	513	SEA
1075	61	694	SEA
1075	961	290	SEA
1090	12	182	SEA
1090	122	1030	SEA
1090	124	697	SEA
1090	143	386	SEA
1090	147	334	SEA
1090	166	559	SEA
1090	174	317	SEA
1090	190	6	SEA
1090	196	1587	SEA
1090	197	1318	SEA
1090	2	1018	SEA
1090	61	356	SEA
1090	961	1771	SEA
1093	12	538	SEA
1093	122	1059	SEA
1093	124	678	SEA
1093	143	1279	SEA
1093	147	218	SEA
1093	166	457	SDA
1093	174	287	SEA
1093	190	13	SEA
1093	196	1548	SEA
1093	197	437	SEA
1093	2	748	SEA
1093	54	751	SDA
1093	61	735	SEA
1093	961	1718	SEA
1099	12	1219	SEA
1099	122	1029	SEA
1099	124	635	SDA
1099	143	651	SEA
1099	147	424	SDA
1099	166	461	SDA
1099	167	2062	SEA
1099	174	343	SEA
1099	190	12	SEA
1099	196	434	SEA
1099	197	456	SEA
1099	2	603	SEA
1099	54	1126	SDA
1099	61	1022	SEA
1099	961	71	SEA
1103	12	1135	SEA
1103	122	1009	SEA
1103	124	605	SDA
1103	143	707	SEA
1103	147	864	SDA
1103	166	488	SDA
1103	174	127	SEA
1103	190	66	SEA
1103	196	327	SEA
1103	197	439	SEA
1103	2	493	SEA
1103	54	1088	SDA
1103	61	1089	SEA
1103	961	3	SEA
1105	12	1115	SEA
1105	122	989	SEA
1105	124	627	SDA
1105	143	680	SEA
1105	147	901	SDA
1105	166	486	SDA
1105	174	159	SEA
1105	190	167	SEA
1105	196	371	SEA
1105	197	508	SEA
1105	2	1341	SEA
1105	54	1002	SEA
1105	61	925	SEA
1105	961	47	SEA
1108	12	3	SEA
1108	122	1022	SEA
1108	124	550	SDA
1108	143	808	SEA
1108	147	1142	SEA
1108	166	414	SDA
1108	174	1360	SEA
1108	190	1267	SEA
1108	196	410	SDA
1108	197	408	SEA
1108	2	1310	SEA
1108	54	967	SDA
1108	61	904	SDA
1108	961	5	SEA
1112	12	40	SEA
1112	122	890	SEA
1112	124	579	SDA
1112	143	808	SEA
1112	147	1139	SEA
1112	166	357	SEA
1112	174	285	SEA
1112	190	417	SEA
1112	196	501	SDA
1112	197	235	SEA
1112	2	1311	SEA
1112	54	973	SEA
1112	61	790	SDA
1112	961	7	SEA
1119	12	201	SEA
1119	122	941	SEA
1119	124	885	SDA
1119	143	784	SEA
1119	147	796	SEA
1119	166	569	SEA
1119	174	372	SEA
1119	190	342	SEA
1119	196	671	SEA
1119	197	58	SEA
1119	2	696	SEA
1119	54	1112	SEA
1119	61	637	SEA
1119	961	394	SEA
1127	12	743	SEA
1127	122	913	SEA
1127	124	574	SEA
1127	143	624	SEA
1127	147	349	SEA
1127	166	1048	SEA
1127	167	1368	SDA
1127	174	260	SEA
1127	190	435	SEA
1127	196	889	SEA
1127	197	673	SEA
1127	2	635	SEA
1127	54	672	SEA
1127	61	1188	SEA
1127	961	522	SEA
1130	12	825	SEA
1130	122	885	SEA
1130	124	672	SEA
1130	143	603	SEA
1130	147	367	SDA
1130	166	148	SEA
1130	167	1323	SDA
1130	174	254	SEA
1130	190	734	SEA
1130	196	875	SEA
1130	197	569	SEA
1130	2	711	SEA
1130	54	781	SEA
1130	61	1304	SEA
1130	961	539	SEA
1132	12	890	SEA
1132	122	894	SEA
1132	124	676	SEA
1132	143	586	SEA
1132	147	424	SDA
1132	166	78	SEA
1132	167	1261	SEA
1132	174	1239	SEA
1132	190	740	SEA
1132	196	840	SEA
1132	197	464	SEA
1132	2	693	SEA
1132	54	778	SEA
1132	61	1203	SEA
1132	961	507	SEA
1136	12	908	SEA
1136	122	882	SEA
1136	124	526	SEA
1136	143	600	SEA
1136	147	417	SDA
1136	166	99	SEA
1136	167	1312	SEA
1136	174	1218	SEA
1136	190	762	SEA
1136	196	824	SEA
1136	197	399	SEA
1136	2	516	SEA
1136	54	653	SEA
1136	61	229	SDA
1136	961	492	SEA
1140	12	905	SEA
1140	122	884	SEA
1140	124	593	SEA
1140	143	71	SEA
1140	147	1421	SEA
1140	166	157	SEA
1140	167	1410	SEA
1140	174	239	SEA
1140	190	557	SEA
1140	196	835	SEA
1140	197	460	SEA
1140	2	361	SEA
1140	54	953	SEA
1140	61	206	SEA
1140	961	547	SDA
1146	12	1035	SEA
1146	122	1248	SEA
1146	124	529	SEA
1146	143	124	SEA
1146	147	168	SEA
1146	166	101	SEA
1146	174	330	SEA
1146	190	131	SEA
1146	196	816	SEA
1146	197	425	SEA
1146	2	970	SEA
1146	54	1113	SEA
1146	61	552	SEA
1146	961	523	SEA
1149	12	1125	SEA
1149	122	1151	SEA
1149	124	605	SEA
1149	143	1270	SEA
1149	147	237	SEA
1149	166	852	SEA
1149	167	1562	SEA
1149	174	360	SEA
1149	190	135	SEA
1149	196	711	SEA
1149	197	1340	SEA
1149	2	803	SEA
1149	54	563	SEA
1149	61	457	SEA
1149	961	1195	SEA
1153	12	473	SEA
1153	122	1160	SEA
1153	124	536	SEA
1153	143	1289	SEA
1153	147	187	SEA
1153	166	969	SEA
1153	167	1502	SEA
1153	174	308	SEA
1153	190	205	SEA
1153	196	1028	SEA
1153	197	1248	SEA
1153	2	734	SEA
1153	54	521	SEA
1153	61	962	SEA
1153	961	1048	SEA
1154	12	483	SEA
1154	122	1171	SEA
1154	124	470	SEA
1154	143	1228	SEA
1154	147	198	SEA
1154	166	1007	SEA
1154	167	1450	SEA
1154	174	345	SEA
1154	190	193	SEA
1154	196	1039	SEA
1154	197	1248	SEA
1154	2	704	SEA
1154	54	497	SEA
1154	61	958	SEA
1154	961	1052	SDA
1157	12	455	SEA
1157	122	1051	SEA
1157	124	588	SDA
1157	143	1334	SEA
1157	147	73	SEA
1157	166	1044	SEA
1157	167	1486	SEA
1157	174	349	SEA
1157	190	253	SEA
1157	196	1091	SEA
1157	197	1248	SEA
1157	2	700	SEA
1157	54	694	SEA
1157	61	965	SEA
1157	961	1013	SDA
1164	12	380	SEA
1164	122	1102	SEA
1164	124	517	SDA
1164	143	407	SEA
1164	147	9	SEA
1164	166	103	SEA
1164	167	1665	SEA
1164	174	1103	SEA
1164	190	145	SEA
1164	196	1202	SEA
1164	197	1072	SEA
1164	2	745	SEA
1164	54	737	SEA
1164	61	195	SEA
1164	961	388	SEA
1168	12	331	SEA
1168	122	1037	SEA
1168	124	461	SDA
1168	143	533	SEA
1168	147	17	SEA
1168	166	19	SEA
1168	174	975	SEA
1168	190	543	SEA
1168	196	218	SEA
1168	197	920	SEA
1168	2	286	SEA
1168	54	594	SEA
1168	61	64	SEA
1168	961	370	SEA
1181	12	145	SDA
1181	122	858	SEA
1181	124	716	SDA
1181	143	501	SEA
1181	147	568	SEA
1181	166	1113	SEA
1181	167	1489	SEA
1181	174	1283	SEA
1181	190	759	SEA
1181	196	92	SEA
1181	197	231	SDA
1181	2	789	SEA
1181	54	846	SEA
1181	61	544	SEA
1181	961	1067	SEA
1183	12	136	SDA
1183	122	784	SEA
1183	124	749	SEA
1183	143	525	SEA
1183	147	565	SEA
1183	166	1159	SEA
1183	167	1530	SEA
1183	174	1203	SEA
1183	190	730	SEA
1183	196	144	SEA
1183	197	185	SDA
1183	2	815	SEA
1183	54	854	SEA
1183	61	517	SEA
1183	961	1152	SEA
1188	12	115	SDA
1188	122	690	SEA
1188	124	748	SDA
1188	143	730	SEA
1188	147	564	SEA
1188	166	1227	SEA
1188	167	1526	SEA
1188	174	1200	SEA
1188	190	522	SEA
1188	196	179	SEA
1188	197	235	SDA
1188	2	460	SEA
1188	54	583	SEA
1188	61	530	SEA
1188	961	1182	SEA
1190	12	126	SDA
1190	122	731	SEA
1190	124	721	SDA
1190	143	670	SEA
1190	147	446	SEA
1190	166	1050	SEA
1190	167	1512	SEA
1190	174	303	SEA
1190	190	473	SEA
1190	196	46	SEA
1190	197	1114	SEA
1190	2	434	SEA
1190	54	707	SEA
1190	61	477	SEA
1190	961	1084	SEA
1200	12	86	SEA
1200	122	646	SEA
1200	124	478	SDA
1200	143	872	SEA
1200	147	145	SEA
1200	166	737	SEA
1200	167	1384	SEA
1200	174	346	SEA
1200	190	403	SEA
1200	196	523	SEA
1200	197	684	SEA
1200	2	602	SEA
1200	54	523	SEA
1200	61	530	SDA
1200	961	994	SEA
1205	12	502	SEA
1205	122	698	SEA
1205	124	658	SEA
1205	143	753	SEA
1205	147	671	SEA
1205	166	917	SEA
1205	167	1428	SEA
1205	174	290	SEA
1205	190	166	SEA
1205	196	412	SEA
1205	197	883	SEA
1205	2	630	SEA
1205	54	567	SEA
1205	61	341	SEA
1205	961	1271	SEA
1209	12	481	SEA
1209	122	1619	SEA
1209	124	764	SEA
1209	143	781	SEA
1209	147	768	SEA
1209	166	940	SEA
1209	167	1463	SEA
1209	174	482	SEA
1209	190	277	SEA
1209	196	488	SEA
1209	197	1033	SEA
1209	2	520	SEA
1209	54	559	SEA
1209	61	193	SEA
1209	961	1158	SEA
1210	12	488	SEA
1210	122	1619	SEA
1210	124	702	SEA
1210	143	817	SEA
1210	147	725	SEA
1210	166	969	SEA
1210	167	1481	SEA
1210	174	1334	SEA
1210	190	138	SEA
1210	196	669	SEA
1210	197	1009	SEA
1210	2	501	SEA
1210	54	951	SEA
1210	61	1301	SEA
1210	961	1087	SEA
1214	12	429	SEA
1214	122	1714	SEA
1214	124	742	SDA
1214	143	784	SEA
1214	147	683	SEA
1214	166	929	SEA
1214	167	1460	SEA
1214	174	1435	SEA
1214	190	174	SEA
1214	196	576	SEA
1214	197	1111	SEA
1214	2	468	SEA
1214	54	967	SEA
1214	61	296	SEA
1214	961	998	SDA
1228	12	557	SEA
1228	122	728	SEA
1228	124	681	SDA
1228	143	686	SEA
1228	147	642	SEA
1228	166	687	SEA
1228	167	1504	SEA
1228	174	554	SEA
1228	190	6	SEA
1228	196	756	SEA
1228	197	112	SEA
1228	2	695	SEA
1228	54	725	SEA
1228	61	424	SDA
1228	961	1350	SDA
1239	12	982	SEA
1239	122	641	SEA
1239	124	524	SEA
1239	143	737	SEA
1239	147	514	SEA
1239	166	1496	SEA
1239	167	1419	SEA
1239	174	556	SEA
1239	190	321	SEA
1239	196	312	SEA
1239	197	142	SEA
1239	2	764	SEA
1239	54	1556	SEA
1239	61	852	SEA
1239	961	835	SEA
1240	12	1004	SEA
1240	122	603	SEA
1240	124	583	SEA
1240	143	722	SEA
1240	147	544	SEA
1240	166	1482	SEA
1240	167	1474	SEA
1240	174	492	SEA
1240	190	375	SEA
1240	196	309	SEA
1240	197	93	SEA
1240	2	814	SEA
1240	54	1546	SEA
1240	61	887	SEA
1240	961	855	SEA
1243	12	944	SEA
1243	122	585	SEA
1243	124	445	SEA
1243	143	739	SEA
1243	147	438	SEA
1243	166	1629	SEA
1243	174	1438	SEA
1243	190	325	SEA
1243	196	320	SEA
1243	197	830	SEA
1243	2	1186	SEA
1243	54	1483	SEA
1243	61	767	SEA
1243	961	966	SEA
1248	12	1065	SEA
1248	122	854	SEA
1248	124	383	SDA
1248	143	646	SEA
1248	147	739	SEA
1248	166	1709	SEA
1248	167	1585	SEA
1248	174	1431	SEA
1248	190	210	SEA
1248	196	1078	SEA
1248	197	1168	SEA
1248	2	1342	SEA
1248	54	1220	SEA
1248	61	803	SEA
1248	961	861	SEA
1252	12	1080	SEA
1252	122	962	SEA
1252	124	328	SDA
1252	143	881	SEA
1252	147	450	SEA
1252	166	380	SEA
1252	167	1663	SEA
1252	174	895	SEA
1252	190	366	SEA
1252	196	735	SEA
1252	197	1070	SEA
1252	2	579	SEA
1252	54	1176	SEA
1252	61	715	SEA
1252	961	963	SEA
1255	12	1102	SEA
1255	122	1219	SEA
1255	124	385	SEA
1255	143	874	SEA
1255	147	347	SEA
1255	166	412	SEA
1255	167	1594	SDA
1255	174	967	SEA
1255	190	400	SEA
1255	196	739	SEA
1255	197	1093	SEA
1255	2	531	SEA
1255	54	1085	SEA
1255	61	792	SEA
1255	961	937	SEA
1257	12	1107	SEA
1257	122	1156	SEA
1257	124	385	SEA
1257	143	940	SEA
1257	147	302	SEA
1257	166	424	SEA
1257	167	1608	SDA
1257	174	906	SEA
1257	190	430	SEA
1257	196	795	SEA
1257	197	1001	SEA
1257	2	551	SEA
1257	54	1095	SEA
1257	61	744	SEA
1257	961	945	SEA
1264	12	332	SEA
1264	122	1071	SEA
1264	124	356	SEA
1264	143	812	SEA
1264	147	880	SEA
1264	166	383	SEA
1264	174	989	SEA
1264	190	571	SEA
1264	196	798	SEA
1264	197	946	SEA
1264	2	316	SEA
1264	54	1121	SEA
1264	61	133	SEA
1264	961	908	SEA
1265	12	300	SEA
1265	122	1044	SEA
1265	124	433	SEA
1265	143	915	SEA
1265	147	828	SEA
1265	166	362	SEA
1265	174	1000	SEA
1265	190	560	SEA
1265	196	811	SEA
1265	197	922	SEA
1265	2	321	SEA
1265	54	1057	SEA
1265	61	134	SEA
1265	961	951	SEA
1275	12	348	SEA
1275	122	1250	SEA
1275	124	816	SDA
1275	143	1081	SEA
1275	147	410	SEA
1275	166	539	SEA
1275	174	1104	SEA
1275	190	701	SEA
1275	196	535	SEA
1275	197	1022	SEA
1275	2	363	SEA
1275	54	922	SEA
1275	61	835	SEA
1275	961	723	SEA
1278	12	796	SEA
1278	122	1287	SEA
1278	124	831	SDA
1278	143	1039	SEA
1278	147	478	SEA
1278	166	566	SEA
1278	167	2040	SEA
1278	174	979	SEA
1278	190	719	SEA
1278	196	602	SEA
1278	197	960	SEA
1278	2	231	SEA
1278	54	899	SEA
1278	61	774	SDA
1278	961	849	SEA
1280	12	764	SEA
1280	122	1246	SEA
1280	124	834	SDA
1280	143	1078	SEA
1280	147	483	SEA
1280	166	644	SEA
1280	167	2097	SEA
1280	174	1063	SEA
1280	190	780	SEA
1280	196	550	SEA
1280	197	957	SEA
1280	2	168	SEA
1280	54	920	SEA
1280	61	853	SEA
1280	961	808	SEA
1284	12	907	SEA
1284	122	1236	SEA
1284	124	767	SDA
1284	143	1126	SEA
1284	147	574	SEA
1284	166	606	SEA
1284	167	2126	SEA
1284	174	1118	SEA
1284	190	121	SEA
1284	196	962	SEA
1284	197	947	SDA
1284	2	1042	SEA
1284	54	839	SEA
1284	61	710	SEA
1284	961	1081	SEA
1289	12	854	SEA
1289	122	1277	SEA
1289	124	829	SDA
1289	143	1290	SEA
1289	147	571	SEA
1289	166	1049	SEA
1289	174	966	SEA
1289	190	605	SEA
1289	196	1026	SEA
1289	197	1021	SDA
1289	2	1112	SEA
1289	54	831	SEA
1289	61	815	SEA
1289	961	1185	SEA
1295	12	534	SEA
1295	122	1180	SEA
1295	124	531	SDA
1295	143	779	SEA
1295	147	1068	SEA
1295	166	1052	SEA
1295	174	856	SEA
1295	190	695	SEA
1295	196	803	SEA
1295	197	810	SEA
1295	2	1117	SEA
1295	54	1301	SEA
1295	61	753	SEA
1295	961	853	SEA
1296	12	534	SEA
1296	122	1180	SEA
1296	124	531	SDA
1296	143	779	SEA
1296	147	1068	SEA
1296	166	1052	SEA
1296	174	856	SEA
1296	190	695	SEA
1296	196	803	SEA
1296	197	810	SEA
1296	2	1117	SEA
1296	54	1301	SEA
1296	61	753	SEA
1296	961	853	SEA
1301	12	628	SEA
1301	122	1215	SEA
1301	124	475	SDA
1301	143	825	SEA
1301	147	983	SEA
1301	166	847	SEA
1301	174	774	SEA
1301	190	690	SEA
1301	196	733	SEA
1301	197	795	SEA
1301	2	1057	SEA
1301	54	987	SEA
1301	61	428	SEA
1301	961	720	SEA
1306	12	533	SEA
1306	122	1186	SEA
1306	124	582	SEA
1306	143	730	SEA
1306	147	214	SEA
1306	166	778	SEA
1306	167	1498	SEA
1306	174	840	SEA
1306	190	579	SEA
1306	196	637	SEA
1306	197	902	SEA
1306	2	1095	SEA
1306	54	907	SEA
1306	61	603	SEA
1306	961	792	SEA
1308	12	916	SEA
1308	122	1165	SEA
1308	124	563	SDA
1308	143	758	SEA
1308	147	199	SEA
1308	166	807	SEA
1308	167	1448	SEA
1308	174	798	SEA
1308	190	593	SEA
1308	196	581	SEA
1308	197	833	SEA
1308	2	1087	SEA
1308	54	896	SEA
1308	61	704	SEA
1308	961	774	SEA
1312	12	937	SEA
1312	122	918	SEA
1312	124	724	SDA
1312	143	736	SEA
1312	147	294	SEA
1312	166	782	SEA
1312	167	1498	SEA
1312	174	725	SEA
1312	190	695	SEA
1312	196	559	SEA
1312	197	804	SEA
1312	2	853	SEA
1312	54	859	SEA
1312	61	619	SEA
1312	961	1285	SEA
1319	12	998	SEA
1319	122	889	SEA
1319	124	461	SDA
1319	143	981	SEA
1319	147	315	SDA
1319	166	592	SEA
1319	167	1401	SEA
1319	174	809	SEA
1319	190	461	SEA
1319	196	719	SEA
1319	197	823	SEA
1319	2	701	SEA
1319	54	1014	SEA
1319	61	602	SEA
1319	961	1126	SEA
