363	132	556	SEA
363	145	200	SEA
363	16	223	SEA
385	132	836	SEA
385	145	671	SEA
385	16	134	SEA
385	851	135	SEA
395	132	606	SEA
395	145	507	SEA
395	16	96	SEA
395	851	43	SEA
408	132	657	SEA
408	145	1364	SEA
408	145A	480	SEA
408	16	145	SEA
408	16M	1295	SEA
408	851	326	SEA
409	132	1102	SEA
409	145	1364	SEA
409	145A	480	SEA
409	16	194	SEA
409	16M	1223	SEA
409	851	242	SEA
421	132	209	SEA
421	145	569	SEA
421	145A	480	SEA
421	16	1309	SEA
421	16M	1306	SEA
421	851	428	SEA
422	132	270	SEA
422	145	520	SEA
422	145A	480	SEA
422	16	1279	SEA
422	16M	1270	SEA
422	851	456	SEA
435	132	327	SEA
435	145	512	SDA
435	145A	480	SEA
435	16	1275	SEA
435	851	708	SEA
439	132	107	SEA
439	145	503	SDA
439	145A	150	SEA
439	16	1272	SEA
439	16M	1923	SEA
439	851	733	SEA
448	132	1274	SEA
448	145	431	SDA
448	145A	540	SEA
448	16M	1920	SEA
448	851	816	SDA
458	132	1422	SEA
458	145	387	SEA
458	145A	540	SEA
458	16	2075	SEA
458	851	201	SEA
463	132	1344	SEA
463	145	220	SEA
463	145A	540	SEA
463	851	588	SEA
494	132	884	SEA
494	145	588	SDA
494	145A	540	SEA
494	16	2055	SEA
494	16M	348	SDA
494	851	211	SEA
507	132	530	SEA
507	145	622	SDA
507	145A	1037	SEA
507	16	733	SEA
507	16M	360	SEA
507	851	722	SEA
512	132	609	SEA
512	145	197	SEA
512	145A	480	SEA
512	16	1016	SEA
512	16M	429	SEA
512	851	796	SDA
520	132	1160	SEA
520	145	96	SDA
520	145A	480	SEA
520	16	1136	SEA
520	16M	387	SEA
520	851	1077	SEA
529	132	444	SEA
529	145	736	SEA
529	145A	152	SDA
529	16	678	SEA
529	16M	1175	SEA
529	851	607	SEA
536	132	412	SEA
536	145	137	SEA
536	145A	1448	SEA
536	16	647	SEA
536	16M	787	SEA
536	851	665	SEA
543	132	350	SEA
543	145	95	SEA
543	16	545	SEA
543	16M	784	SEA
543	851	753	SEA
549	132	323	SEA
549	145	97	SDA
549	16	1060	SEA
549	16M	845	SEA
549	851	869	SEA
554	132	1498	SEA
554	145	586	SEA
554	16	676	SEA
554	16M	463	SEA
554	851	1004	SEA
568	132	440	SDA
568	145	652	SEA
568	16	727	SEA
568	16M	1070	SEA
568	851	178	SEA
593	132	175	SEA
593	145	634	SEA
593	16	968	SEA
593	16M	946	SEA
593	851	118	SEA
606	132	108	SEA
606	145	556	SDA
606	16	1644	SEA
606	16M	1724	SEA
606	851	350	SEA
607	132	810	SEA
607	145	552	SEA
607	16	1712	SEA
607	16M	1690	SEA
607	851	340	SEA
615	132	1002	SEA
615	145	491	SEA
615	16	1236	SEA
615	16M	1688	SEA
615	851	548	SEA
629	132	1052	SEA
629	145	596	SEA
629	16	1206	SEA
629	851	831	SEA
637	132	863	SEA
637	145	429	SEA
637	16	1568	SEA
637	16M	1784	SEA
637	851	816	SEA
654	132	1324	SEA
654	145	586	SEA
654	16	1268	SEA
654	16M	794	SEA
654	851	450	SEA
694	132	698	SEA
694	145	534	SEA
694	16	763	SEA
694	16M	1559	SEA
694	851	685	SEA
710	132	1294	SEA
710	145	555	SEA
710	16	2217	SEA
710	851	1097	SEA
718	132	657	SEA
718	145	583	SEA
718	851	326	SEA
727	132	566	SEA
727	145	660	SEA
727	851	512	SEA
729	132	620	SEA
729	145	657	SEA
729	851	488	SEA
740	132	1456	SEA
740	145	754	SEA
740	16	1908	SEA
740	851	936	SEA
749	132	550	SEA
749	145	736	SEA
749	16	1673	SEA
749	16M	291	SEA
749	851	481	SEA
751	132	571	SEA
751	145	746	SEA
751	16	1572	SEA
751	16M	316	SEA
751	851	453	SEA
757	132	571	SEA
757	145	477	SEA
757	16	1253	SEA
757	16M	332	SEA
757	851	304	SEA
759	132	582	SEA
759	145	479	SEA
759	16	1241	SEA
759	16M	346	SEA
759	851	330	SEA
760	132	613	SEA
760	145	503	SEA
760	16	1159	SEA
760	16M	257	SEA
760	851	343	SEA
761	132	556	SEA
761	145	541	SEA
761	16	1159	SEA
761	16M	271	SEA
761	851	252	SEA
765	132	1817	SEA
765	145	674	SEA
765	16	1056	SEA
765	16M	312	SEA
765	851	2039	SEA
768	132	1728	SEA
768	145	514	SEA
768	16	1125	SEA
768	16M	251	SEA
768	851	412	SEA
770	132	1705	SEA
770	145	476	SEA
770	16	1223	SEA
770	16M	241	SEA
770	851	389	SEA
771	132	1613	SEA
771	145	482	SEA
771	16	1143	SEA
771	16M	226	SEA
771	851	363	SEA
772	132	1613	SEA
772	145	482	SEA
772	16	1143	SEA
772	16M	226	SEA
772	851	363	SEA
773	132	1647	SEA
773	145	450	SEA
773	16	1117	SEA
773	16M	260	SEA
773	851	254	SEA
774	132	1654	SEA
774	145	774	SEA
774	16	1154	SEA
774	16M	304	SEA
774	851	216	SEA
775	132	1654	SEA
775	145	774	SEA
775	16	1154	SEA
775	16M	304	SEA
775	851	216	SEA
778	132	567	SEA
778	145	707	SEA
778	16	1057	SEA
778	16M	278	SEA
778	851	238	SEA
779	132	606	SEA
779	145	711	SEA
779	16	1038	SEA
779	16M	275	SEA
779	851	192	SEA
783	132	514	SEA
783	145	163	SEA
783	16	1308	SEA
783	16M	1100	SEA
783	851	144	SEA
791	132	388	SEA
791	145	778	SEA
791	16	1273	SEA
791	16M	1284	SEA
791	851	203	SEA
798	132	530	SEA
798	145	369	SEA
798	16	1127	SDA
798	16M	1268	SEA
798	851	81	SEA
801	132	441	SEA
801	145	418	SEA
801	16	1068	SDA
801	16M	1273	SEA
801	851	117	SEA
804	132	535	SEA
804	145	481	SDA
804	16	937	SEA
804	16M	1261	SEA
804	851	1305	SEA
808	132	853	SEA
808	145	638	SEA
808	16	963	SEA
808	16M	1327	SEA
808	851	552	SEA
810	132	924	SEA
810	145	631	SEA
810	16	936	SEA
810	16M	1300	SEA
810	851	608	SEA
819	132	781	SEA
819	145	544	SDA
819	16	755	SEA
819	16M	1278	SEA
819	851	604	SEA
834	132	90	SEA
834	145	556	SEA
834	16	1293	SDA
834	16M	1959	SEA
834	851	571	SEA
840	132	17	SEA
840	145	716	SEA
840	16	1457	SEA
840	16M	2093	SEA
840	851	1362	SEA
847	132	1117	SEA
847	145	1016	SEA
847	16	1429	SEA
847	851	695	SEA
853	132	1053	SEA
853	145	990	SEA
853	16	1521	SEA
853	851	775	SEA
859	132	1149	SEA
859	145	898	SEA
859	851	892	SEA
863	132	1265	SEA
863	145	31	SEA
863	851	948	SEA
871	132	1131	SEA
871	145	122	SEA
871	16	1818	SEA
871	851	923	SEA
876	132	1005	SEA
876	145	541	SEA
876	16	1897	SEA
876	16M	2335	SEA
876	851	1048	SEA
887	132	1655	SEA
887	145	711	SEA
887	16M	1646	SEA
887	851	539	SEA
889	132	1670	SEA
889	145	785	SEA
889	16M	1710	SEA
889	851	531	SEA
893	132	1803	SEA
893	145	672	SEA
893	851	576	SEA
895	132	268	SEA
895	145	670	SEA
895	16	1481	SEA
895	851	558	SEA
901	132	262	SEA
901	145	633	SEA
901	16	1468	SEA
901	851	599	SEA
908	132	351	SEA
908	145	735	SEA
908	16	1474	SEA
908	16M	2026	SEA
908	851	814	SEA
918	132	167	SEA
918	145	554	SEA
918	851	720	SEA
920	132	183	SEA
920	145	890	SEA
920	851	659	SEA
922	132	41	SDA
922	145	891	SEA
922	16M	962	SEA
922	851	592	SEA
923	132	55	SDA
923	145	900	SEA
923	16M	912	SEA
923	851	594	SEA
924	132	104	SEA
924	145	825	SEA
924	16M	939	SEA
924	851	667	SEA
926	132	103	SEA
926	145	978	SEA
926	16M	928	SEA
926	851	678	SEA
932	132	57	SEA
932	145	706	SEA
932	16	1880	SEA
932	16M	1060	SEA
932	851	521	SEA
933	132	78	SEA
933	145	754	SEA
933	16	1825	SEA
933	16M	1099	SEA
933	851	631	SEA
936	132	181	SEA
936	145	691	SEA
936	16	1791	SEA
936	16M	979	SEA
936	851	586	SEA
937	132	184	SEA
937	145	684	SEA
937	16	1723	SEA
937	16M	977	SEA
937	851	612	SEA
940	132	127	SEA
940	145	626	SEA
940	16	1692	SEA
940	16M	1142	SEA
940	851	422	SEA
941	132	121	SEA
941	145	585	SEA
941	16	1733	SEA
941	16M	1125	SEA
941	851	450	SEA
943	132	31	SEA
943	145	613	SEA
943	16	1740	SEA
943	16M	1038	SEA
943	851	450	SEA
944	132	29	SEA
944	145	561	SEA
944	16	478	SEA
944	16M	1025	SEA
944	851	402	SEA
950	132	157	SEA
950	145	706	SEA
950	16	339	SEA
950	851	384	SEA
952	132	141	SEA
952	145	820	SEA
952	16	317	SEA
952	851	348	SEA
953	132	141	SEA
953	145	781	SEA
953	16	348	SEA
953	851	403	SEA
965	145	498	SEA
965	16	251	SEA
965	851	427	SEA
967	145	448	SEA
967	16	169	SEA
967	851	553	SDA
972	132	2184	SEA
972	145	539	SEA
972	16	84	SEA
972	851	503	SDA
986	132	569	SEA
986	145	754	SEA
986	16	415	SEA
986	851	241	SEA
987	132	595	SEA
987	145	754	SEA
987	16	410	SEA
987	851	300	SEA
989	132	612	SEA
989	145	259	SEA
989	16	319	SEA
989	851	216	SEA
992	132	592	SEA
992	145	275	SEA
992	16	238	SEA
992	851	163	SEA
1000	132	704	SEA
1000	145	427	SEA
1000	16	827	SEA
1000	851	1528	SEA
1006	132	635	SEA
1006	145	488	SEA
1006	16	912	SEA
1006	851	1641	SEA
1007	132	635	SEA
1007	145	488	SEA
1007	16	912	SEA
1007	851	1641	SEA
1008	132	629	SEA
1008	145	491	SEA
1008	16	882	SEA
1008	851	1611	SDA
1010	132	558	SEA
1010	145	436	SEA
1010	16	879	SEA
1010	851	1475	SDA
1013	132	572	SEA
1013	145	461	SEA
1013	16	820	SEA
1013	851	270	SEA
1014	132	515	SEA
1014	145	387	SEA
1014	16	832	SEA
1014	851	256	SEA
1016	132	396	SEA
1016	145	377	SEA
1016	16	853	SEA
1016	851	333	SEA
1019	132	343	SEA
1019	145	495	SEA
1019	851	417	SEA
1023	132	307	SEA
1023	145	244	SEA
1023	851	588	SEA
1026	132	532	SEA
1026	145	215	SEA
1026	851	488	SEA
1028	132	532	SEA
1028	145	249	SEA
1028	851	509	SEA
1033	132	628	SEA
1033	145	532	SEA
1033	16	2438	SEA
1033	851	506	SEA
1037	132	633	SEA
1037	145	521	SEA
1037	851	456	SEA
1040	132	538	SEA
1040	145	583	SEA
1040	851	479	SEA
1042	132	779	SEA
1042	145	623	SEA
1042	851	716	SEA
1048	132	751	SEA
1048	145	376	SEA
1048	851	347	SEA
1049	132	792	SEA
1049	145	402	SEA
1049	851	352	SEA
1051	132	736	SEA
1051	145	356	SDA
1051	851	247	SEA
1053	132	830	SEA
1053	145	342	SDA
1053	851	220	SEA
1057	132	776	SEA
1057	145	604	SEA
1057	16	1443	SDA
1057	851	257	SEA
1059	132	845	SEA
1059	145	636	SEA
1059	16	1421	SDA
1059	851	160	SDA
1063	132	600	SEA
1063	145	468	SEA
1063	16	1483	SEA
1063	851	593	SEA
1064	132	627	SEA
1064	145	473	SEA
1064	16	1479	SEA
1064	851	563	SEA
1067	132	613	SEA
1067	145	414	SEA
1067	16	1418	SDA
1067	851	686	SEA
1069	132	580	SEA
1069	145	395	SEA
1069	16	1386	SDA
1069	851	565	SEA
1071	132	1079	SDA
1071	145	417	SEA
1071	16	1372	SEA
1071	851	561	SEA
1074	132	1087	SDA
1074	145	524	SEA
1074	16	1382	SEA
1074	851	335	SDA
1075	132	1103	SEA
1075	145	552	SEA
1075	16	1402	SEA
1075	851	435	SDA
1090	132	651	SEA
1090	145	370	SDA
1090	16	472	SEA
1090	851	1020	SDA
1093	132	593	SEA
1093	145	605	SEA
1093	16	506	SEA
1093	851	220	SDA
1099	132	1210	SEA
1099	145	574	SEA
1099	16	388	SDA
1099	851	216	SDA
1103	132	1175	SEA
1103	145	588	SEA
1103	16	1096	SEA
1103	851	213	SDA
1105	132	1231	SEA
1105	145	747	SEA
1105	16	534	SDA
1105	851	865	SEA
1108	145	366	SEA
1108	16	692	SDA
1108	851	732	SEA
1112	132	1777	SDA
1112	145	323	SEA
1112	16	701	SEA
1112	851	81	SEA
1119	132	1888	SDA
1119	145	219	SDA
1119	16	688	SEA
1119	851	192	SEA
1127	132	1721	SDA
1127	145	150	SEA
1127	16	300	SEA
1127	851	1134	SEA
1130	132	184	SEA
1130	145	159	SEA
1130	16	273	SEA
1130	851	1174	SEA
1132	132	159	SEA
1132	145	121	SEA
1132	16	275	SEA
1132	851	1047	SEA
1136	132	111	SEA
1136	145	178	SEA
1136	16	1633	SEA
1136	851	302	SEA
1140	132	107	SEA
1140	145	93	SDA
1140	16	135	SEA
1140	851	173	SEA
1146	132	102	SEA
1146	145	243	SEA
1146	16	95	SEA
1146	851	115	SDA
1149	132	142	SEA
1149	145	339	SEA
1149	16	118	SEA
1149	851	117	SDA
1153	132	6	SEA
1153	145	320	SEA
1153	16	134	SEA
1153	851	803	SEA
1154	132	7	SEA
1154	145	286	SEA
1154	16	160	SEA
1154	851	747	SEA
1157	132	5	SEA
1157	145	414	SEA
1157	16	61	SEA
1157	851	733	SEA
1164	132	966	SEA
1164	145	784	SEA
1164	16	4	SDA
1164	851	754	SEA
1168	132	946	SEA
1168	145	815	SEA
1168	16	1003	SDA
1168	851	199	SEA
1181	132	866	SEA
1181	145	598	SEA
1181	16	484	SEA
1181	851	597	SEA
1183	132	916	SEA
1183	145	595	SDA
1183	16	507	SEA
1183	851	549	SDA
1188	132	767	SEA
1188	145	569	SEA
1188	16	606	SEA
1188	851	378	SDA
1190	132	656	SEA
1190	145	613	SEA
1190	16	592	SEA
1190	851	411	SDA
1200	132	904	SEA
1200	145	697	SEA
1200	16	732	SEA
1200	851	46	SEA
1205	132	901	SEA
1205	145	909	SEA
1205	16	880	SEA
1205	851	247	SEA
1209	132	916	SEA
1209	145	899	SEA
1209	16	765	SEA
1209	851	216	SEA
1210	132	961	SEA
1210	145	839	SEA
1210	16	774	SEA
1210	851	179	SEA
1214	132	992	SEA
1214	145	1013	SEA
1214	16	747	SDA
1214	851	120	SEA
1228	132	1306	SEA
1228	145	385	SEA
1228	16	489	SEA
1228	851	1222	SEA
1239	132	771	SEA
1239	145	1033	SEA
1239	16	609	SEA
1239	851	987	SEA
1240	132	760	SEA
1240	145	1042	SEA
1240	16	597	SEA
1240	851	1026	SEA
1243	132	804	SEA
1243	145	806	SEA
1243	16	603	SEA
1243	851	1049	SEA
1248	132	763	SEA
1248	145	770	SEA
1248	16	509	SEA
1248	851	1069	SEA
1252	132	708	SEA
1252	145	775	SEA
1252	851	1103	SEA
1255	132	721	SEA
1255	145	706	SEA
1255	851	1225	SEA
1256	132	776	SEA
1256	145	670	SEA
1256	851	1266	SEA
1257	132	776	SEA
1257	145	670	SEA
1257	851	1266	SEA
1264	132	579	SEA
1264	145	923	SEA
1264	851	1118	SEA
1265	132	552	SEA
1265	145	924	SEA
1265	851	1147	SEA
1275	132	1193	SEA
1275	145	783	SEA
1275	851	719	SEA
1278	132	1194	SEA
1278	145	675	SEA
1278	16	970	SEA
1278	851	640	SEA
1279	132	1194	SEA
1279	145	675	SEA
1279	16	970	SEA
1279	851	640	SEA
1280	132	1178	SEA
1280	145	738	SEA
1280	16	950	SEA
1280	851	711	SEA
1284	132	698	SEA
1284	145	870	SEA
1284	16	1110	SEA
1284	851	970	SEA
1289	132	727	SEA
1289	145	790	SEA
1289	16	1197	SEA
1289	851	902	SEA
1295	132	618	SEA
1295	145	908	SEA
1295	16	1001	SEA
1295	851	630	SDA
1296	132	618	SEA
1296	145	908	SEA
1296	16	1001	SEA
1296	851	630	SDA
1301	132	663	SEA
1301	145	430	SEA
1301	16	1044	SDA
1301	851	508	SDA
1306	132	610	SEA
1306	145	338	SEA
1306	16	670	SDA
1306	851	465	SEA
1308	132	653	SEA
1308	145	339	SEA
1308	16	649	SDA
1308	851	1347	SEA
1312	132	661	SEA
1312	145	328	SEA
1312	16	572	SDA
1312	851	1372	SEA
1319	132	946	SEA
1319	145	955	SEA
1319	16	583	SEA
1319	851	496	SEA
