363	105	547	SEA
363	106	739	SEA
363	123	584	SEA
363	174	660	SEA
363	7	840	SEA
363	75	549	SEA
363	77	539	SEA
385	105	200	SEA
385	106	866	SEA
385	123	904	SEA
385	174	973	SDA
385	7	629	SEA
385	75	382	SEA
385	77	493	SEA
408	105	113	SDA
408	106	493	SEA
408	123	611	SEA
408	174	1094	SDA
408	7	132	SEA
408	75	580	SEA
408	77	783	SEA
409	105	141	SDA
409	106	505	SEA
409	123	548	SEA
409	174	1066	SDA
409	7	218	SEA
409	75	534	SEA
409	77	784	SEA
421	105	477	SEA
421	106	1092	SEA
421	123	664	SEA
421	174	632	SEA
421	7	393	SEA
421	75	426	SEA
421	77	698	SEA
422	105	536	SDA
422	106	1064	SEA
422	123	647	SEA
422	174	525	SEA
422	7	381	SEA
422	75	934	SEA
422	77	721	SEA
435	105	359	SDA
435	106	683	SEA
435	123	603	SEA
435	174	623	SEA
435	7	721	SEA
435	75	728	SEA
435	77	1113	SEA
439	105	342	SEA
439	106	652	SEA
439	123	573	SEA
439	174	566	SEA
439	7	787	SEA
439	75	687	SEA
439	77	724	SEA
448	105	973	SEA
448	106	668	SEA
448	123	467	SEA
448	174	118	SEA
448	7	431	SEA
448	75	888	SEA
448	77	464	SEA
453	105	1019	SEA
453	106	845	SDA
453	123	463	SEA
453	174	134	SEA
453	7	385	SEA
453	75	764	SEA
453	77	561	SEA
458	105	744	SEA
458	106	426	SDA
458	123	751	SEA
458	174	117	SEA
458	7	723	SEA
458	75	822	SEA
458	77	713	SEA
463	105	743	SDA
463	106	351	SDA
463	123	840	SEA
463	174	214	SEA
463	7	583	SEA
463	75	704	SEA
463	77	382	SEA
494	105	596	SDA
494	106	404	SEA
494	123	740	SEA
494	174	489	SEA
494	7	247	SEA
494	75	196	SEA
494	77	979	SEA
507	105	259	SDA
507	106	413	SDA
507	123	671	SEA
507	174	638	SEA
507	7	230	SEA
507	75	985	SEA
507	77	530	SEA
512	105	317	SDA
512	106	289	SEA
512	123	619	SEA
512	174	242	SEA
512	7	635	SEA
512	75	1054	SEA
512	77	504	SEA
520	105	550	SEA
520	106	854	SEA
520	123	591	SEA
520	174	324	SEA
520	7	237	SEA
520	75	2	SEA
520	77	619	SEA
529	105	732	SDA
529	106	825	SDA
529	123	560	SEA
529	174	590	SEA
529	7	331	SDA
529	75	47	SEA
529	77	689	SEA
543	105	406	SEA
543	106	428	SEA
543	123	960	SEA
543	174	610	SEA
543	7	673	SEA
543	75	4	SEA
543	77	1141	SEA
549	105	298	SDA
549	106	304	SEA
549	123	654	SEA
549	174	552	SEA
549	7	630	SEA
549	75	4	SEA
549	77	635	SEA
554	105	1182	SEA
554	106	1007	SDA
554	123	735	SEA
554	174	516	SEA
554	7	537	SEA
554	75	4	SEA
554	77	634	SEA
593	105	636	SEA
593	106	807	SEA
593	123	611	SEA
593	174	685	SDA
593	7	263	SEA
593	75	614	SEA
593	77	699	SEA
606	105	941	SDA
606	106	612	SDA
606	123	630	SEA
606	174	763	SEA
606	7	414	SEA
606	75	547	SEA
606	77	1055	SEA
607	105	846	SDA
607	106	672	SDA
607	123	825	SEA
607	174	767	SEA
607	7	543	SEA
607	75	627	SEA
607	77	1112	SEA
629	105	716	SDA
629	106	374	SEA
629	123	501	SEA
629	174	654	SEA
629	7	533	SEA
629	75	594	SEA
629	77	792	SEA
637	105	565	SEA
637	106	515	SEA
637	123	514	SEA
637	174	842	SDA
637	7	602	SEA
637	75	1056	SEA
637	77	1135	SEA
654	105	785	SEA
654	106	781	SEA
654	123	1039	SEA
654	174	805	SEA
654	7	424	SEA
654	75	661	SEA
654	77	796	SEA
694	105	930	SEA
694	106	1420	SEA
694	123	806	SEA
694	174	1241	SEA
694	7	634	SEA
694	75	634	SEA
694	77	738	SEA
710	105	738	SDA
710	106	776	SEA
710	123	671	SEA
710	174	1108	SEA
710	7	178	SEA
710	75	913	SEA
710	77	983	SEA
718	105	701	SEA
718	106	902	SEA
718	123	669	SEA
718	174	488	SEA
718	7	352	SEA
718	75	959	SEA
718	77	1017	SEA
720	105	734	SEA
720	106	791	SEA
720	123	581	SEA
720	174	495	SEA
720	7	302	SEA
720	75	943	SEA
720	77	1010	SEA
727	105	759	SEA
727	106	748	SEA
727	123	557	SEA
727	174	710	SEA
727	7	713	SEA
727	75	609	SEA
727	77	861	SEA
729	105	692	SEA
729	106	768	SEA
729	123	582	SEA
729	174	740	SEA
729	7	508	SEA
729	75	660	SEA
729	77	764	SEA
749	105	963	SEA
749	106	508	SEA
749	123	467	SEA
749	174	654	SEA
749	7	635	SEA
749	75	851	SEA
749	77	912	SEA
751	105	927	SEA
751	106	468	SEA
751	123	469	SEA
751	174	651	SEA
751	7	614	SEA
751	75	837	SEA
751	77	919	SEA
757	105	1109	SEA
757	106	747	SEA
757	123	440	SEA
757	174	554	SEA
757	7	627	SEA
757	75	588	SEA
757	77	1098	SEA
759	105	1084	SEA
759	106	733	SEA
759	123	442	SEA
759	174	1250	SEA
759	7	624	SEA
759	75	595	SEA
759	77	1112	SEA
760	105	1275	SEA
760	106	833	SEA
760	123	506	SEA
760	174	1201	SEA
760	7	715	SEA
760	75	615	SEA
760	77	665	SEA
761	105	1295	SEA
761	106	854	SEA
761	123	509	SEA
761	174	1241	SEA
761	7	942	SEA
761	75	572	SEA
761	77	653	SEA
765	105	1343	SEA
765	106	718	SEA
765	123	687	SEA
765	174	1175	SEA
765	7	481	SEA
765	75	580	SEA
765	77	657	SEA
768	105	1255	SEA
768	106	665	SEA
768	123	567	SEA
768	174	451	SEA
768	7	442	SEA
768	75	564	SEA
768	77	777	SEA
770	105	1287	SEA
770	106	742	SEA
770	123	611	SEA
770	174	528	SEA
770	7	482	SEA
770	75	539	SEA
770	77	701	SEA
771	105	1241	SEA
771	106	645	SEA
771	123	601	SEA
771	174	514	SEA
771	7	495	SEA
771	75	1762	SEA
771	77	737	SEA
772	105	1241	SEA
772	106	645	SEA
772	123	601	SEA
772	174	514	SEA
772	7	495	SEA
772	75	1762	SEA
772	77	737	SEA
774	105	1246	SEA
774	106	717	SEA
774	123	602	SEA
774	174	529	SEA
774	7	539	SEA
774	75	1806	SEA
774	77	814	SEA
775	105	1246	SEA
775	106	717	SEA
775	123	602	SEA
775	174	529	SEA
775	7	539	SEA
775	75	1806	SEA
775	77	814	SEA
778	105	624	SEA
778	106	408	SEA
778	123	862	SEA
778	174	543	SEA
778	7	883	SEA
778	75	513	SEA
778	77	797	SEA
783	105	595	SEA
783	106	451	SEA
783	123	588	SEA
783	174	555	SEA
783	7	373	SEA
783	75	384	SEA
783	77	808	SEA
791	105	495	SEA
791	106	696	SEA
791	123	723	SEA
791	174	1057	SEA
791	7	684	SEA
791	75	395	SEA
791	77	991	SEA
798	105	620	SEA
798	106	659	SEA
798	123	701	SEA
798	174	508	SEA
798	7	297	SEA
798	75	147	SDA
798	77	1079	SEA
801	105	443	SEA
801	106	628	SEA
801	123	667	SEA
801	174	484	SEA
801	7	585	SEA
801	75	181	SDA
801	77	1101	SEA
804	105	715	SEA
804	106	683	SEA
804	123	620	SEA
804	174	491	SEA
804	7	520	SEA
804	75	170	SDA
804	77	797	SEA
808	105	337	SEA
808	106	754	SEA
808	123	799	SEA
808	174	647	SDA
808	7	487	SEA
808	75	256	SEA
808	77	716	SEA
810	105	373	SEA
810	106	608	SEA
810	123	766	SEA
810	174	544	SDA
810	7	445	SEA
810	75	301	SEA
810	77	663	SEA
819	105	351	SEA
819	106	611	SEA
819	123	785	SEA
819	174	850	SEA
819	7	729	SEA
819	75	629	SEA
819	77	624	SEA
834	105	1219	SEA
834	106	839	SEA
834	123	712	SEA
834	174	1145	SDA
834	7	457	SEA
834	75	1479	SEA
834	77	1072	SEA
840	105	16	SDA
840	106	868	SEA
840	123	771	SEA
840	174	606	SEA
840	7	794	SEA
840	75	1310	SEA
840	77	1107	SEA
847	105	109	SEA
847	106	218	SEA
847	123	713	SEA
847	174	667	SEA
847	7	331	SEA
847	75	1079	SEA
847	77	649	SEA
853	105	142	SEA
853	106	42	SEA
853	123	763	SEA
853	174	692	SDA
853	7	541	SEA
853	75	996	SDA
853	77	644	SEA
859	105	717	SEA
859	106	672	SEA
859	123	731	SEA
859	174	776	SEA
859	7	468	SEA
859	75	899	SEA
859	77	779	SEA
863	105	712	SEA
863	106	513	SEA
863	123	745	SEA
863	174	810	SEA
863	7	666	SEA
863	75	881	SEA
863	77	785	SEA
871	105	671	SEA
871	106	592	SEA
871	123	709	SEA
871	174	930	SEA
871	7	651	SEA
871	75	916	SEA
871	77	939	SEA
876	105	666	SEA
876	106	349	SEA
876	123	721	SEA
876	174	888	SEA
876	7	745	SEA
876	75	795	SEA
876	77	690	SEA
887	105	636	SEA
887	106	529	SEA
887	123	668	SEA
887	174	1769	SEA
887	7	767	SEA
887	75	943	SEA
887	77	708	SEA
889	105	593	SEA
889	106	477	SEA
889	123	722	SEA
889	174	1753	SEA
889	7	769	SEA
889	75	973	SEA
889	77	694	SEA
893	105	556	SEA
893	106	926	SEA
893	123	735	SEA
893	174	1783	SDA
893	7	636	SEA
893	75	911	SEA
893	77	655	SEA
895	105	565	SEA
895	106	813	SEA
895	123	782	SEA
895	174	1710	SDA
895	7	645	SEA
895	75	909	SEA
895	77	819	SEA
901	105	631	SEA
901	106	305	SEA
901	123	693	SEA
901	174	665	SEA
901	7	897	SEA
901	75	522	SEA
901	77	715	SEA
908	105	1138	SEA
908	106	340	SEA
908	123	720	SEA
908	174	750	SEA
908	7	687	SEA
908	75	523	SEA
908	77	861	SEA
918	105	708	SEA
918	106	627	SEA
918	123	587	SEA
918	174	1015	SEA
918	7	374	SEA
918	75	621	SEA
918	77	1093	SEA
920	105	716	SEA
920	106	593	SDA
920	123	527	SEA
920	174	944	SEA
920	7	335	SEA
920	75	539	SEA
920	77	1050	SEA
922	105	672	SEA
922	106	595	SEA
922	123	1020	SEA
922	174	992	SEA
922	7	354	SEA
922	75	522	SEA
922	77	1072	SEA
923	105	664	SEA
923	106	564	SEA
923	123	1020	SEA
923	174	899	SEA
923	7	245	SEA
923	75	513	SEA
923	77	1038	SEA
924	105	654	SEA
924	106	544	SEA
924	123	1020	SEA
924	174	910	SEA
924	7	213	SEA
924	75	522	SEA
924	77	936	SEA
926	105	676	SEA
926	106	540	SEA
926	123	1020	SEA
926	174	711	SEA
926	7	204	SEA
926	75	508	SEA
926	77	1024	SEA
932	105	693	SEA
932	106	717	SEA
932	123	913	SEA
932	174	676	SEA
932	7	161	SEA
932	75	596	SEA
932	77	854	SEA
933	105	415	SEA
933	106	733	SEA
933	123	905	SEA
933	174	653	SEA
933	7	192	SEA
933	75	552	SEA
933	77	896	SEA
936	105	515	SEA
936	106	683	SEA
936	123	909	SEA
936	174	596	SEA
936	7	258	SEA
936	75	463	SEA
936	77	925	SEA
937	105	527	SEA
937	106	652	SEA
937	123	847	SEA
937	174	549	SDA
937	7	352	SEA
937	75	626	SEA
937	77	938	SEA
940	105	536	SEA
940	106	648	SEA
940	123	800	SEA
940	174	570	SDA
940	7	497	SEA
940	75	692	SEA
940	77	986	SEA
941	105	571	SEA
941	106	644	SEA
941	123	782	SEA
941	174	608	SDA
941	7	535	SEA
941	75	688	SEA
941	77	995	SEA
943	105	568	SEA
943	106	563	SEA
943	123	753	SEA
943	174	588	SEA
943	7	699	SEA
943	75	693	SEA
943	77	1089	SEA
944	105	282	SEA
944	106	433	SEA
944	123	710	SEA
944	174	548	SEA
944	7	749	SEA
944	75	715	SEA
944	77	585	SEA
950	105	509	SEA
950	106	491	SEA
950	123	697	SEA
950	174	468	SEA
950	7	354	SEA
950	75	624	SEA
950	77	638	SEA
952	105	780	SEA
952	106	498	SEA
952	123	669	SEA
952	174	1076	SEA
952	7	949	SEA
952	75	642	SEA
952	77	687	SEA
953	105	722	SEA
953	106	569	SEA
953	123	679	SEA
953	174	1127	SEA
953	7	968	SEA
953	75	643	SEA
953	77	713	SEA
965	105	719	SEA
965	106	460	SEA
965	123	948	SEA
965	174	532	SEA
965	7	419	SEA
965	75	1070	SEA
965	77	707	SEA
967	105	693	SEA
967	106	506	SEA
967	123	269	SEA
967	174	460	SEA
967	7	299	SEA
967	75	1050	SEA
967	77	668	SEA
972	105	772	SEA
972	106	385	SEA
972	123	389	SEA
972	174	626	SDA
972	7	232	SEA
972	75	583	SEA
972	77	607	SEA
986	105	501	SEA
986	106	784	SEA
986	123	504	SEA
986	174	384	SEA
986	7	644	SEA
986	75	1327	SEA
986	77	869	SEA
987	105	476	SEA
987	106	742	SEA
987	123	494	SEA
987	174	957	SEA
987	7	658	SEA
987	75	1325	SEA
987	77	910	SEA
989	105	474	SDA
989	106	626	SEA
989	123	449	SEA
989	174	989	SEA
989	7	772	SEA
989	75	1302	SEA
989	77	848	SEA
992	105	413	SEA
992	106	585	SEA
992	123	488	SEA
992	174	1033	SEA
992	7	722	SEA
992	75	1266	SEA
992	77	886	SEA
1000	105	552	SEA
1000	106	395	SEA
1000	174	556	SEA
1000	7	210	SEA
1000	75	449	SEA
1000	77	719	SEA
1006	105	563	SEA
1006	106	894	SEA
1006	123	1654	SEA
1006	174	504	SDA
1006	7	622	SEA
1006	75	425	SEA
1006	77	946	SEA
1007	105	563	SEA
1007	106	894	SEA
1007	123	1654	SEA
1007	174	504	SDA
1007	7	622	SEA
1007	75	425	SEA
1007	77	946	SEA
1008	105	562	SEA
1008	106	842	SEA
1008	123	1674	SEA
1008	174	477	SDA
1008	7	604	SEA
1008	75	389	SEA
1008	77	973	SEA
1010	105	620	SEA
1010	106	535	SEA
1010	123	1699	SEA
1010	174	477	SDA
1010	7	611	SEA
1010	75	458	SEA
1010	77	957	SEA
1013	105	564	SEA
1013	106	529	SEA
1013	123	754	SEA
1013	174	255	SEA
1013	7	571	SEA
1013	75	471	SEA
1013	77	1026	SEA
1014	105	502	SEA
1014	106	566	SEA
1014	123	736	SEA
1014	174	324	SEA
1014	7	654	SEA
1014	75	488	SEA
1014	77	957	SEA
1016	105	484	SDA
1016	106	568	SEA
1016	123	747	SEA
1016	174	267	SEA
1016	7	330	SEA
1016	75	444	SEA
1016	77	985	SEA
1019	105	525	SEA
1019	106	539	SEA
1019	123	859	SEA
1019	174	200	SEA
1019	7	602	SEA
1019	75	472	SEA
1019	77	856	SEA
1023	105	160	SDA
1023	106	549	SEA
1023	123	703	SEA
1023	174	581	SEA
1023	7	535	SEA
1023	75	955	SEA
1023	77	705	SEA
1026	105	150	SEA
1026	106	1855	SEA
1026	123	680	SEA
1026	174	195	SEA
1026	7	621	SEA
1026	75	944	SEA
1026	77	726	SEA
1028	105	19	SEA
1028	106	1965	SEA
1028	123	616	SEA
1028	174	183	SEA
1028	7	477	SEA
1028	75	1445	SEA
1028	77	660	SEA
1033	105	737	SEA
1033	106	74	SEA
1033	123	731	SEA
1033	174	188	SEA
1033	7	425	SEA
1033	75	1498	SEA
1033	77	841	SEA
1037	105	785	SEA
1037	106	116	SEA
1037	123	625	SEA
1037	174	1655	SEA
1037	7	457	SEA
1037	75	1467	SEA
1037	77	927	SEA
1040	105	723	SDA
1040	106	292	SEA
1040	123	618	SEA
1040	174	29	SEA
1040	7	902	SEA
1040	75	1495	SEA
1040	77	948	SEA
1042	105	754	SDA
1042	106	286	SEA
1042	123	642	SEA
1042	174	12	SEA
1042	7	857	SEA
1042	75	1474	SEA
1042	77	1036	SEA
1048	105	1040	SDA
1048	106	332	SEA
1048	123	629	SEA
1048	174	87	SEA
1048	7	319	SDA
1048	75	872	SEA
1048	77	1004	SEA
1049	105	1064	SDA
1049	106	293	SEA
1049	123	907	SEA
1049	174	188	SEA
1049	7	399	SDA
1049	75	866	SEA
1049	77	998	SEA
1051	105	1029	SDA
1051	106	310	SEA
1051	123	914	SEA
1051	174	142	SEA
1051	7	464	SDA
1051	75	843	SEA
1051	77	984	SEA
1053	105	1069	SDA
1053	106	319	SEA
1053	123	965	SEA
1053	174	109	SEA
1053	7	865	SDA
1053	75	771	SEA
1053	77	1038	SEA
1057	105	615	SEA
1057	106	374	SEA
1057	123	368	SEA
1057	174	160	SEA
1057	7	925	SDA
1057	75	702	SEA
1057	77	944	SEA
1059	105	583	SEA
1059	106	345	SEA
1059	123	425	SEA
1059	174	125	SEA
1059	7	221	SEA
1059	75	687	SEA
1059	77	944	SEA
1063	105	557	SDA
1063	106	379	SEA
1063	123	726	SEA
1063	174	124	SEA
1063	7	211	SEA
1063	75	616	SEA
1063	77	905	SEA
1064	105	528	SDA
1064	106	367	SEA
1064	123	759	SEA
1064	174	119	SEA
1064	7	261	SEA
1064	75	640	SEA
1064	77	859	SEA
1067	105	577	SDA
1067	106	322	SEA
1067	123	786	SEA
1067	174	778	SEA
1067	7	239	SEA
1067	75	666	SEA
1067	77	934	SEA
1069	105	571	SDA
1069	106	251	SEA
1069	123	552	SEA
1069	174	57	SEA
1069	7	201	SEA
1069	75	709	SEA
1069	77	900	SEA
1071	105	507	SDA
1071	106	269	SEA
1071	123	532	SEA
1071	174	61	SEA
1071	7	179	SEA
1071	75	752	SEA
1071	77	903	SEA
1074	105	1064	SEA
1074	106	1076	SEA
1074	123	401	SEA
1074	174	1133	SEA
1074	7	7	SEA
1074	75	740	SEA
1074	77	1240	SEA
1075	105	1082	SDA
1075	106	1094	SEA
1075	123	530	SEA
1075	174	1135	SEA
1075	7	10	SEA
1075	75	698	SEA
1075	77	1281	SEA
1090	105	665	SDA
1090	106	390	SEA
1090	123	524	SEA
1090	174	661	SEA
1090	7	918	SEA
1090	75	797	SEA
1090	77	1952	SEA
1093	105	781	SDA
1093	106	380	SDA
1093	123	882	SDA
1093	174	690	SEA
1093	7	418	SEA
1093	75	823	SEA
1093	77	243	SEA
1099	105	985	SDA
1099	106	387	SDA
1099	123	524	SEA
1099	174	644	SEA
1099	7	482	SEA
1099	75	891	SEA
1099	77	373	SEA
1103	105	1017	SEA
1103	106	615	SEA
1103	123	599	SEA
1103	174	436	SEA
1103	7	596	SEA
1103	75	970	SEA
1103	77	566	SEA
1105	105	1022	SEA
1105	106	621	SEA
1105	123	979	SEA
1105	174	433	SEA
1105	7	449	SEA
1105	75	971	SEA
1105	77	600	SEA
1108	105	602	SDA
1108	106	932	SEA
1108	123	562	SEA
1108	174	528	SEA
1108	7	647	SEA
1108	75	934	SEA
1108	77	721	SEA
1112	105	577	SDA
1112	106	1092	SEA
1112	123	538	SEA
1112	174	581	SEA
1112	7	659	SEA
1112	75	928	SEA
1112	77	986	SEA
1119	105	880	SDA
1119	106	511	SDA
1119	123	525	SEA
1119	174	851	SEA
1119	7	277	SEA
1119	75	812	SEA
1119	77	916	SEA
1127	105	466	SDA
1127	106	476	SDA
1127	123	479	SEA
1127	174	1205	SEA
1127	7	199	SEA
1127	75	831	SEA
1127	77	964	SEA
1130	105	628	SDA
1130	106	387	SDA
1130	123	960	SEA
1130	174	1325	SEA
1130	7	499	SEA
1130	75	754	SEA
1130	77	1280	SEA
1132	105	594	SDA
1132	106	417	SEA
1132	123	960	SEA
1132	174	1287	SEA
1132	7	565	SEA
1132	75	706	SEA
1132	77	1347	SEA
1136	105	565	SEA
1136	106	347	SEA
1136	123	899	SEA
1136	174	1253	SEA
1136	7	588	SEA
1136	75	1005	SEA
1136	77	1316	SEA
1140	105	878	SEA
1140	106	844	SEA
1140	123	654	SEA
1140	174	569	SEA
1140	7	459	SEA
1140	75	990	SEA
1140	77	1344	SEA
1146	105	832	SEA
1146	106	722	SEA
1146	123	527	SEA
1146	174	643	SEA
1146	7	983	SEA
1146	75	820	SEA
1146	77	1206	SEA
1149	105	645	SEA
1149	106	853	SEA
1149	123	537	SEA
1149	174	633	SEA
1149	7	967	SEA
1149	75	867	SEA
1149	77	1340	SEA
1153	105	749	SEA
1153	106	834	SEA
1153	123	706	SEA
1153	174	608	SEA
1153	7	122	SEA
1153	75	912	SEA
1153	77	1403	SEA
1154	105	716	SEA
1154	106	930	SEA
1154	123	776	SEA
1154	174	600	SEA
1154	7	430	SEA
1154	75	947	SEA
1154	77	1441	SEA
1157	105	804	SDA
1157	106	883	SEA
1157	123	626	SEA
1157	174	546	SEA
1157	7	352	SEA
1157	75	933	SEA
1157	77	1442	SEA
1164	105	601	SEA
1164	106	681	SEA
1164	123	620	SEA
1164	174	635	SEA
1164	7	436	SEA
1164	75	1040	SEA
1164	77	894	SEA
1168	105	743	SEA
1168	106	584	SEA
1168	123	870	SEA
1168	174	1200	SEA
1168	7	656	SEA
1168	75	1070	SEA
1168	77	994	SEA
1181	105	1184	SEA
1181	106	1084	SEA
1181	123	831	SEA
1181	174	775	SEA
1181	7	428	SEA
1181	75	557	SEA
1181	77	1018	SEA
1183	105	1196	SEA
1183	106	1136	SEA
1183	123	860	SEA
1183	174	812	SEA
1183	7	427	SEA
1183	75	650	SEA
1183	77	1049	SEA
1188	105	649	SEA
1188	106	596	SEA
1188	123	689	SEA
1188	174	895	SEA
1188	7	271	SEA
1188	75	635	SEA
1188	77	509	SEA
1190	105	623	SEA
1190	106	583	SEA
1190	123	637	SEA
1190	174	831	SEA
1190	7	285	SEA
1190	75	668	SEA
1190	77	463	SEA
1200	105	655	SEA
1200	106	698	SEA
1200	123	635	SEA
1200	174	772	SEA
1200	7	781	SEA
1200	75	460	SEA
1200	77	505	SEA
1205	105	627	SEA
1205	106	1690	SEA
1205	123	808	SEA
1205	174	1749	SEA
1205	7	136	SEA
1205	75	455	SEA
1205	77	929	SEA
1209	105	816	SEA
1209	106	1717	SEA
1209	123	843	SEA
1209	174	1688	SEA
1209	7	127	SEA
1209	75	468	SEA
1209	77	876	SEA
1210	105	943	SEA
1210	106	1714	SEA
1210	123	835	SEA
1210	174	1698	SEA
1210	7	138	SEA
1210	75	442	SEA
1210	77	904	SEA
1214	105	910	SEA
1214	106	1723	SEA
1214	123	748	SEA
1214	174	1664	SEA
1214	7	50	SEA
1214	75	1233	SEA
1214	77	713	SEA
1228	105	847	SEA
1228	106	900	SEA
1228	123	924	SEA
1228	174	578	SEA
1228	7	503	SEA
1228	75	1351	SEA
1228	77	780	SEA
1239	105	901	SEA
1239	106	838	SEA
1239	123	1002	SEA
1239	174	1225	SEA
1239	7	264	SEA
1239	75	1276	SEA
1239	77	787	SEA
1240	105	833	SEA
1240	106	802	SEA
1240	123	973	SEA
1240	174	1212	SEA
1240	7	240	SEA
1240	75	1272	SEA
1240	77	809	SEA
1243	105	813	SEA
1243	106	762	SEA
1243	123	928	SEA
1243	174	1178	SEA
1243	7	268	SEA
1243	75	1288	SEA
1243	77	807	SEA
1248	105	923	SEA
1248	106	878	SEA
1248	123	945	SEA
1248	174	1157	SEA
1248	7	430	SEA
1248	75	1414	SEA
1248	77	734	SEA
1252	105	443	SEA
1252	106	808	SEA
1252	123	632	SEA
1252	174	1105	SEA
1252	7	436	SEA
1252	75	1401	SEA
1252	77	735	SEA
1255	105	365	SEA
1255	106	665	SEA
1255	123	630	SEA
1255	174	991	SEA
1255	7	579	SEA
1255	75	1267	SEA
1255	77	808	SEA
1257	105	303	SEA
1257	106	1546	SEA
1257	123	614	SEA
1257	174	891	SEA
1257	7	709	SEA
1257	75	874	SEA
1257	77	800	SEA
1264	105	1281	SEA
1264	106	1988	SEA
1264	123	588	SEA
1264	174	813	SEA
1264	7	510	SEA
1264	75	925	SEA
1264	77	661	SEA
1265	105	1258	SEA
1265	106	2055	SEA
1265	123	532	SEA
1265	174	802	SEA
1265	7	496	SEA
1265	75	889	SEA
1265	77	658	SEA
1275	105	912	SDA
1275	106	905	SEA
1275	123	909	SEA
1275	174	1097	SEA
1275	7	334	SEA
1275	75	877	SEA
1275	77	877	SEA
1278	105	886	SEA
1278	106	901	SEA
1278	123	886	SEA
1278	174	1102	SEA
1278	7	498	SEA
1278	75	901	SEA
1278	77	668	SEA
1279	105	886	SEA
1279	106	901	SEA
1279	123	886	SEA
1279	174	1102	SEA
1279	7	498	SEA
1279	75	901	SEA
1279	77	668	SEA
1280	105	876	SEA
1280	106	939	SEA
1280	123	919	SEA
1280	174	1129	SEA
1280	7	539	SEA
1280	75	582	SEA
1280	77	661	SEA
1284	105	757	SEA
1284	106	798	SEA
1284	123	885	SEA
1284	7	919	SEA
1284	75	574	SEA
1284	77	835	SEA
1289	105	774	SEA
1289	106	826	SEA
1289	123	850	SEA
1289	174	1829	SEA
1289	7	566	SEA
1289	75	663	SEA
1289	77	713	SEA
1295	105	646	SEA
1295	106	803	SEA
1295	123	839	SEA
1295	174	1876	SEA
1295	7	446	SEA
1295	75	913	SEA
1295	77	622	SEA
1296	105	646	SEA
1296	106	803	SEA
1296	123	839	SEA
1296	174	1876	SEA
1296	7	446	SEA
1296	75	913	SEA
1296	77	622	SEA
1301	105	867	SEA
1301	106	801	SEA
1301	123	800	SEA
1301	7	459	SEA
1301	75	962	SEA
1301	77	643	SEA
1306	105	819	SEA
1306	106	955	SEA
1306	123	750	SEA
1306	174	1071	SEA
1306	7	101	SEA
1306	75	590	SEA
1306	77	859	SEA
1308	105	813	SEA
1308	106	933	SEA
1308	123	836	SEA
1308	174	1076	SEA
1308	7	84	SEA
1308	75	596	SEA
1308	77	849	SEA
1312	105	959	SEA
1312	106	895	SEA
1312	123	739	SEA
1312	174	1094	SEA
1312	7	642	SEA
1312	75	568	SEA
1312	77	801	SEA
1319	105	1061	SEA
1319	106	627	SEA
1319	123	379	SEA
1319	174	1172	SEA
1319	7	538	SEA
1319	75	813	SEA
1319	77	850	SEA
