363	120	344	SEA
363	195	508	SEA
363	33	973	SEA
385	120	822	SEA
385	195	797	SEA
385	33	738	SEA
408	120	634	SEA
408	195	702	SDA
408	33	93	SEA
409	120	598	SEA
409	195	684	SDA
409	33	9	SEA
421	120	586	SDA
421	195	788	SEA
421	195A	2232	SEA
421	33	767	SDA
422	120	638	SDA
422	195	59	SEA
422	195A	2316	SEA
422	33	805	SDA
435	120	714	SDA
435	195	202	SDA
435	33	158	SEA
439	120	308	SDA
439	195	732	SEA
439	33	83	SDA
448	120	549	SDA
448	195	242	SEA
448	33	295	SEA
458	120	1014	SDA
458	195	578	SEA
458	33	319	SEA
463	120	679	SEA
463	195	264	SEA
463	33	54	SEA
494	120	752	SEA
494	195	738	SDA
494	33	692	SEA
529	120	536	SEA
529	195	907	SEA
529	33	689	SEA
543	120	540	SDA
543	195	951	SEA
543	33	579	SDA
549	120	554	SEA
549	195	1061	SDA
549	33	1160	SEA
554	120	846	SEA
554	195	198	SEA
554	33	1178	SEA
568	120	402	SEA
568	195	134	SEA
568	33	1207	SDA
593	120	493	SEA
593	195	1708	SEA
593	33	716	SEA
606	120	617	SEA
606	195	601	SEA
606	33	570	SEA
607	120	702	SEA
607	195	624	SEA
607	33	1883	SEA
629	120	738	SEA
629	195	936	SEA
629	33	40	SEA
637	120	821	SEA
637	195	879	SEA
637	33	1	SEA
694	120	599	SEA
694	195	972	SEA
694	33	886	SEA
710	120	664	SEA
710	195	864	SEA
710	33	1373	SEA
720	120	676	SEA
720	195	953	SEA
720	33	1095	SEA
727	120	405	SEA
727	195	588	SEA
727	33	1057	SEA
729	120	423	SEA
729	195	653	SEA
729	33	1132	SEA
751	120	586	SEA
751	195	720	SEA
751	33	1055	SDA
757	120	485	SEA
757	195	747	SEA
757	33	894	SEA
759	120	485	SEA
759	195	796	SEA
759	33	862	SEA
760	120	509	SEA
760	195	949	SEA
760	33	867	SDA
765	120	521	SEA
765	195	923	SEA
765	33	927	SEA
768	120	650	SEA
768	195	1003	SEA
768	33	946	SEA
770	120	789	SEA
770	195	925	SEA
770	33	883	SEA
771	120	850	SDA
771	195	922	SEA
771	33	894	SEA
772	120	850	SDA
772	195	922	SEA
772	33	894	SEA
774	120	461	SEA
774	195	944	SEA
774	33	906	SEA
778	120	417	SEA
778	195	524	SEA
778	33	931	SDA
791	195	512	SDA
791	33	778	SEA
798	120	200	SEA
798	195	617	SEA
798	33	699	SDA
801	120	307	SEA
801	195	957	SEA
801	33	780	SDA
804	120	329	SEA
804	195	915	SEA
804	33	746	SDA
808	120	372	SEA
808	195	863	SDA
808	33	425	SEA
810	120	630	SEA
810	195	870	SDA
810	33	516	SEA
819	120	525	SEA
819	195	1032	SEA
819	33	1146	SEA
834	120	419	SEA
834	195	1119	SEA
834	33	929	SDA
840	120	410	SEA
840	195	603	SEA
840	33	874	SDA
847	120	432	SEA
847	195	624	SEA
847	33	768	SDA
853	120	711	SEA
853	195	497	SEA
853	33	413	SEA
859	120	930	SEA
859	195	474	SDA
859	33	415	SEA
863	120	619	SEA
863	195	378	SDA
863	33	1001	SEA
871	120	661	SEA
871	195	297	SEA
871	33	498	SDA
876	120	1557	SEA
876	195	235	SEA
876	33	580	SDA
887	120	678	SEA
887	195	549	SEA
887	33	1050	SEA
889	120	762	SEA
889	195	642	SEA
889	33	1022	SEA
893	120	790	SEA
893	195	631	SEA
893	33	757	SEA
895	120	762	SEA
895	195	624	SEA
895	33	771	SEA
901	120	738	SEA
901	195	599	SEA
901	33	831	SEA
908	120	731	SEA
908	195	407	SEA
908	33	874	SEA
918	120	731	SEA
918	195	339	SDA
918	33	668	SEA
920	120	746	SEA
920	195	625	SEA
920	33	689	SEA
922	120	839	SEA
922	195	583	SEA
922	33	1479	SDA
923	120	799	SEA
923	195	639	SEA
923	33	1509	SDA
924	120	778	SEA
924	195	623	SEA
924	33	1454	SDA
926	120	799	SEA
926	195	799	SEA
926	33	1516	SDA
932	120	803	SEA
932	195	736	SEA
932	33	1473	SDA
933	120	803	SEA
933	195	750	SEA
933	33	1537	SDA
936	120	727	SEA
936	195	782	SEA
936	33	1180	SEA
937	120	798	SEA
937	195	598	SEA
937	33	1177	SEA
940	120	866	SEA
940	195	671	SEA
940	33	1196	SEA
941	120	897	SEA
941	195	655	SEA
941	33	1143	SEA
943	120	919	SEA
943	195	672	SEA
943	33	1216	SEA
944	120	922	SEA
944	195	618	SEA
944	33	1217	SEA
950	120	893	SEA
950	195	424	SEA
950	33	1214	SDA
952	120	859	SEA
952	195	487	SEA
952	33	1117	SEA
953	120	833	SEA
953	195	528	SEA
953	33	1125	SEA
965	120	1074	SEA
965	195	770	SEA
965	33	184	SDA
967	120	1083	SEA
967	195	978	SEA
967	33	256	SDA
972	120	994	SEA
972	195	992	SEA
972	33	124	SEA
986	120	666	SEA
986	195	257	SEA
986	33	632	SDA
987	120	635	SEA
987	195	193	SEA
987	33	682	SDA
989	120	631	SEA
989	195	196	SEA
989	33	614	SDA
992	120	664	SEA
992	195	190	SEA
992	33	673	SDA
1000	120	622	SEA
1000	195	843	SDA
1000	33	638	SDA
1006	120	767	SEA
1006	195	840	SEA
1006	33	525	SDA
1007	120	767	SEA
1007	195	840	SEA
1007	33	525	SDA
1008	120	836	SEA
1008	195	849	SEA
1008	33	469	SDA
1010	120	846	SEA
1010	195	800	SEA
1010	33	413	SEA
1013	120	453	SEA
1013	195	769	SEA
1013	33	1071	SEA
1014	120	411	SEA
1014	195	750	SEA
1014	33	1059	SEA
1016	120	1281	SEA
1016	195	749	SEA
1016	33	985	SEA
1019	120	1307	SEA
1019	195	743	SDA
1019	33	1038	SEA
1023	120	764	SEA
1023	195	283	SEA
1023	33	1074	SDA
1026	120	500	SEA
1026	195	307	SEA
1026	33	1143	SEA
1028	120	485	SEA
1028	195	287	SEA
1028	33	1138	SDA
1033	195	399	SDA
1033	33	1042	SDA
1037	195	749	SEA
1037	33	991	SDA
1040	120	2590	SEA
1040	195	691	SEA
1040	33	1013	SDA
1042	195	807	SEA
1042	33	756	SDA
1048	195	97	SEA
1048	33	765	SDA
1049	120	1084	SEA
1049	195	62	SEA
1049	33	791	SDA
1051	120	1080	SEA
1051	195	138	SEA
1051	33	875	SDA
1053	120	1108	SEA
1053	195	210	SEA
1053	33	824	SDA
1057	120	1052	SEA
1057	195	664	SEA
1057	33	805	SDA
1059	120	1089	SEA
1059	195	770	SEA
1059	33	508	SDA
1063	120	1009	SEA
1063	195	874	SEA
1063	33	517	SDA
1064	120	1021	SEA
1064	195	911	SEA
1064	33	514	SDA
1067	120	1007	SDA
1067	195	951	SEA
1067	33	519	SDA
1069	120	746	SEA
1069	195	1019	SDA
1069	33	545	SDA
1071	120	489	SEA
1071	195	396	SDA
1071	33	1113	SDA
1074	120	538	SEA
1074	195	298	SEA
1074	33	1118	SDA
1075	120	511	SEA
1075	195	371	SEA
1075	33	1104	SDA
1090	120	316	SEA
1090	195	287	SEA
1090	33	535	SDA
1093	120	583	SEA
1093	195	220	SEA
1093	33	622	SDA
1099	120	844	SEA
1099	195	649	SDA
1099	33	1062	SDA
1103	120	422	SEA
1103	195	797	SEA
1103	33	956	SDA
1105	120	414	SEA
1105	195	723	SEA
1105	33	995	SDA
1108	120	450	SEA
1108	195	715	SEA
1108	33	908	SDA
1112	120	614	SEA
1112	195	340	SEA
1112	33	743	SDA
1119	120	560	SDA
1119	195	405	SEA
1119	33	774	SDA
1127	120	772	SDA
1127	195	1179	SEA
1127	33	620	SDA
1130	120	789	SEA
1130	195	7	SDA
1130	33	1053	SDA
1132	120	771	SEA
1132	195	23	SDA
1132	33	1011	SDA
1136	120	769	SEA
1136	195	66	SEA
1136	33	1054	SDA
1140	120	713	SEA
1140	195	66	SEA
1140	33	750	SDA
1146	120	185	SEA
1146	195	94	SEA
1146	33	638	SDA
1149	120	1245	SEA
1149	195	83	SEA
1149	33	561	SDA
1153	120	1205	SEA
1153	195	691	SEA
1153	33	498	SDA
1154	120	1160	SEA
1154	195	720	SEA
1154	33	519	SDA
1157	120	1125	SEA
1157	195	1385	SEA
1157	33	461	SDA
1164	195	1461	SEA
1164	33	1298	SDA
1168	120	1802	SEA
1168	195	394	SDA
1168	33	1305	SDA
1181	120	794	SDA
1181	195	327	SEA
1181	33	310	SDA
1183	120	952	SEA
1183	195	345	SEA
1183	33	424	SEA
1188	120	961	SEA
1188	195	344	SEA
1188	33	304	SDA
1190	120	958	SEA
1190	195	361	SDA
1190	33	295	SDA
1200	120	1042	SEA
1200	195	387	SDA
1200	33	97	SDA
1205	120	1178	SEA
1205	195	290	SEA
1205	33	127	SDA
1209	120	960	SEA
1209	195	312	SEA
1209	33	111	SDA
1210	120	960	SEA
1210	195	329	SEA
1210	33	74	SDA
1214	120	859	SEA
1214	195	323	SEA
1214	33	76	SDA
1228	120	823	SEA
1228	195	405	SEA
1228	33	1090	SDA
1239	120	1260	SEA
1239	195	497	SEA
1239	33	755	SEA
1240	120	1279	SEA
1240	195	486	SEA
1240	33	827	SEA
1243	120	1251	SEA
1243	195	493	SEA
1243	33	736	SEA
1248	120	1041	SEA
1248	195	544	SEA
1248	33	727	SEA
1252	120	921	SEA
1252	195	1019	SEA
1252	33	480	SEA
1255	120	939	SEA
1255	195	1047	SEA
1255	33	458	SEA
1257	120	927	SEA
1257	195	535	SEA
1257	33	531	SEA
1264	120	828	SEA
1264	195	551	SEA
1264	33	1443	SEA
1265	120	831	SEA
1265	195	583	SEA
1265	33	1521	SEA
1275	120	1127	SEA
1275	195	830	SEA
1275	33	342	SDA
1278	120	1158	SEA
1278	195	852	SEA
1278	33	235	SDA
1279	120	1158	SEA
1279	195	852	SEA
1279	33	235	SDA
1280	120	1149	SEA
1280	195	863	SEA
1280	33	186	SDA
1284	120	1079	SEA
1284	195	714	SDA
1284	33	130	SDA
1289	120	951	SEA
1289	195	736	SEA
1289	33	133	SDA
1295	120	933	SEA
1295	195	760	SEA
1295	33	1362	SEA
1296	120	933	SEA
1296	195	760	SEA
1296	33	1362	SEA
1301	120	937	SEA
1301	195	472	SEA
1301	33	687	SEA
1306	120	328	SEA
1306	195	540	SEA
1306	33	914	SEA
1308	120	554	SEA
1308	195	478	SEA
1308	33	809	SEA
1312	120	752	SEA
1312	195	861	SEA
1312	33	1012	SEA
1319	120	960	SEA
1319	195	860	SEA
1319	33	477	SDA
