363	151	600	SEA
363	154	401	SEA
363	154B	600	SEA
363	184	419	SEA
363	52	610	SEA
363	74	751	SEA
363	75	299	SEA
385	151	290	SEA
385	154	629	SEA
385	154B	419	SEA
385	184	296	SEA
385	52	891	SEA
385	61	638	SEA
385	74	1404	SEA
385	75	200	SEA
395	151	432	SEA
395	154	469	SDA
395	154B	479	SEA
395	184	208	SEA
395	52	679	SEA
395	61	662	SEA
395	74	1313	SEA
395	75	183	SEA
408	151	347	SEA
408	154	372	SDA
408	154B	279	SEA
408	184	873	SEA
408	52	643	SEA
408	61	604	SEA
408	74	610	SEA
408	75	676	SEA
409	151	723	SEA
409	154	508	SEA
409	154B	219	SEA
409	184	894	SEA
409	52	602	SEA
409	61	895	SEA
409	74	613	SEA
409	75	563	SEA
421	151	626	SEA
421	154	151	SDA
421	154B	250	SEA
421	184	381	SEA
421	52	982	SEA
421	61	460	SEA
421	74	1014	SEA
421	75	735	SEA
422	151	673	SEA
422	154	750	SEA
422	154B	440	SEA
422	184	419	SEA
422	52	1123	SEA
422	61	476	SEA
422	74	1080	SDA
422	75	755	SEA
435	151	222	SEA
435	154	1252	SEA
435	154B	180	SEA
435	184	1000	SEA
435	52	583	SEA
435	61	732	SEA
435	74	735	SEA
435	75	553	SEA
439	151	237	SEA
439	154	287	SDA
439	154B	180	SEA
439	184	1022	SEA
439	52	515	SEA
439	61	767	SEA
439	74	1407	SEA
439	75	522	SEA
448	151	191	SDA
448	154	330	SDA
448	154B	180	SEA
448	184	470	SEA
448	52	1773	SDA
448	61	1183	SEA
448	74	59	SEA
448	75	791	SEA
458	151	907	SEA
458	154	577	SDA
458	154B	430	SEA
458	184	156	SDA
458	52	702	SEA
458	61	758	SEA
458	74	187	SEA
458	75	695	SEA
463	151	853	SEA
463	154	267	SDA
463	154B	1459	SEA
463	184	136	SDA
463	52	711	SEA
463	61	673	SEA
463	74	330	SEA
463	75	630	SEA
494	151	715	SEA
494	154	574	LSD
494	154B	535	LSD
494	184	137	SDA
494	52	439	SDA
494	61	1071	SDA
494	74	419	SEA
494	75	1137	SEA
507	151	664	SEA
507	154	1108	SDA
507	184	840	SDA
507	52	599	SDA
507	61	772	SDA
507	74	530	SEA
507	75	691	SDA
520	151	985	SEA
520	154	134	SDA
520	154B	400	LSD
520	184	246	LSD
520	52	533	SDA
520	61	619	SDA
520	74	371	SDA
520	75	726	SEA
529	151	560	SEA
529	154	171	LSD
529	154B	1339	SEA
529	184	125	SEA
529	52	887	LSD
529	61	1143	SDA
529	74	459	SEA
529	75	810	SEA
542	151	451	SDA
542	154	929	SDA
542	184	42	SDA
542	52	98	SEA
542	61	1646	SEA
542	74	59	SEA
542	75	879	SEA
543	151	451	SDA
543	154	929	SDA
543	184	42	SDA
543	52	98	SEA
543	61	1646	SEA
543	74	59	SEA
543	75	879	SEA
549	151	944	SEA
549	154	1245	SDA
549	184	199	SEA
549	52	123	SEA
549	61	1573	SEA
549	74	293	SEA
549	75	692	SEA
554	151	804	SEA
554	154	228	SDA
554	154B	120	SDA
554	184	73	SDA
554	52	306	SEA
554	61	371	SEA
554	74	379	SEA
554	75	713	SEA
568	151	798	SEA
568	154	198	SDA
568	184	141	SDA
568	52	459	SDA
568	61	609	SEA
568	74	141	SEA
568	75	590	SEA
578	151	688	SEA
578	154	193	SDA
578	184	236	SDA
578	52	722	SDA
578	61	513	SEA
578	74	297	SEA
578	75	939	SEA
593	151	804	SEA
593	154	487	SDA
593	184	766	SDA
593	52	529	SDA
593	61	549	SEA
593	74	171	SEA
593	75	1057	SEA
607	151	225	SEA
607	154	17	SEA
607	184	210	SEA
607	52	694	SEA
607	61	524	SEA
607	74	706	SEA
607	75	1092	SEA
629	151	248	SEA
629	154	4	SDA
629	184	462	SEA
629	52	676	SEA
629	61	647	SEA
629	74	871	SEA
629	75	702	SEA
637	151	251	SEA
637	154	7	SDA
637	184	383	SEA
637	52	834	SEA
637	61	377	SEA
637	74	788	SEA
637	75	598	SEA
654	151	673	SEA
654	154	389	SEA
654	184	352	SEA
654	52	824	SEA
654	61	763	SEA
654	74	787	SEA
654	75	764	SEA
694	151	513	SEA
694	154	494	SDA
694	184	260	SEA
694	52	911	SEA
694	61	783	SDA
694	74	708	SEA
694	75	963	SEA
710	151	676	SEA
710	154	4	SEA
710	184	747	SEA
710	52	1035	SDA
710	61	1240	SEA
710	74	715	SEA
710	75	861	SEA
720	151	502	SEA
720	154	746	SEA
720	184	238	SEA
720	52	804	SEA
720	61	1118	SDA
720	74	617	SEA
720	75	845	SEA
727	151	682	SEA
727	154	562	SEA
727	184	621	SDA
727	52	903	SEA
727	61	975	SEA
727	74	978	SEA
727	75	724	SEA
729	151	688	SEA
729	154	523	SEA
729	184	603	SEA
729	52	982	SEA
729	61	1009	SEA
729	74	914	SEA
729	75	690	SEA
740	151	786	SEA
740	154	796	SDA
740	184	493	SEA
740	52	1013	SEA
740	61	875	SEA
740	74	983	SEA
740	75	643	SEA
749	151	545	SEA
749	154	1539	SEA
749	184	69	SEA
749	52	918	SEA
749	61	505	SEA
749	74	543	SDA
749	75	663	SEA
751	151	539	SEA
751	154	1542	SEA
751	184	165	SEA
751	52	998	SEA
751	61	528	SEA
751	74	581	SDA
751	75	621	SEA
757	151	722	SEA
757	154	950	SEA
757	184	148	SEA
757	52	513	SEA
757	61	619	SEA
757	74	903	SEA
757	75	688	SEA
759	151	805	SEA
759	154	977	SEA
759	184	119	SEA
759	52	531	SEA
759	61	740	SEA
759	74	923	SEA
759	75	695	SEA
760	151	787	SEA
760	154	1008	SEA
760	184	83	SEA
760	52	544	SEA
760	61	683	SEA
760	74	990	SEA
760	75	640	SEA
765	151	746	SEA
765	154	958	SDA
765	184	617	SEA
765	52	585	SEA
765	61	777	SEA
765	74	970	SEA
765	75	1145	SEA
768	151	841	SEA
768	154	877	SDA
768	184	622	SEA
768	52	568	SEA
768	61	815	SEA
768	74	920	SEA
768	75	1168	SEA
770	151	659	SEA
770	154	863	SDA
770	184	363	SEA
770	52	593	SEA
770	61	902	SEA
770	74	626	SEA
770	75	1268	SEA
771	151	599	SEA
771	154	827	SDA
771	184	367	SEA
771	52	599	SEA
771	61	920	SEA
771	74	632	SEA
771	75	1271	SEA
772	151	599	SEA
772	154	827	SDA
772	184	367	SEA
772	52	599	SEA
772	61	920	SEA
772	74	632	SEA
772	75	1271	SEA
773	151	479	SEA
773	154	896	SDA
773	184	369	SEA
773	52	1237	SDA
773	61	852	SEA
773	74	691	SEA
773	75	1291	SEA
774	151	439	SEA
774	154	918	SDA
774	184	367	SEA
774	52	1271	SDA
774	61	853	SEA
774	74	662	SEA
774	75	1267	SEA
775	151	439	SEA
775	154	918	SDA
775	184	367	SEA
775	52	1271	SDA
775	61	853	SEA
775	74	662	SEA
775	75	1267	SEA
778	154	906	SEA
778	184	822	SEA
778	52	1129	SEA
778	61	860	SEA
778	74	645	SEA
778	75	459	SEA
783	151	1840	SEA
783	154	826	SEA
783	184	790	SEA
783	52	1447	SEA
783	61	1000	SEA
783	74	715	SEA
783	75	538	SEA
791	151	888	SDA
791	154	472	SDA
791	184	200	SEA
791	52	1213	SEA
791	61	1051	SEA
791	74	356	SEA
791	75	510	SEA
798	151	779	SEA
798	154	1259	SEA
798	184	286	SEA
798	52	1374	SEA
798	61	411	SEA
798	74	778	SEA
798	75	1024	SEA
801	151	794	SEA
801	154	1284	SEA
801	184	536	SEA
801	52	537	SEA
801	61	468	SEA
801	74	814	SEA
801	75	1041	SEA
804	151	732	SEA
804	154	492	SEA
804	184	646	SEA
804	52	598	SEA
804	61	430	SEA
804	74	222	SDA
804	75	1149	SEA
808	151	824	SEA
808	154	440	SEA
808	184	769	SEA
808	52	491	SEA
808	61	306	SEA
808	74	93	SDA
808	75	1072	SEA
810	151	769	SEA
810	154	521	SEA
810	184	806	SEA
810	52	479	SEA
810	61	345	SEA
810	74	5	SEA
810	75	611	SEA
819	151	419	SEA
819	154	545	SDA
819	184	399	SEA
819	52	344	SEA
819	61	907	SEA
819	74	310	SEA
819	75	621	SEA
834	151	337	SEA
834	154	125	SEA
834	184	509	SEA
834	52	1154	SEA
834	61	565	SEA
834	74	135	SEA
834	75	808	SEA
840	151	741	SEA
840	154	7	SEA
840	184	421	SEA
840	52	1643	SEA
840	61	1161	SEA
840	74	551	SEA
840	75	1015	SEA
847	151	834	SEA
847	154	8	SEA
847	184	989	SEA
847	52	1745	SEA
847	61	1032	SEA
847	74	610	SEA
847	75	885	SEA
853	151	766	SEA
853	154	34	SEA
853	184	400	SEA
853	52	720	SEA
853	61	1120	SEA
853	74	496	SEA
853	75	843	SEA
859	151	907	SEA
859	154	9	SDA
859	184	461	SEA
859	52	599	SEA
859	61	1215	SEA
859	74	603	SEA
859	75	970	SEA
863	151	1560	SEA
863	154	81	SEA
863	184	493	SEA
863	52	4	SEA
863	61	1428	SEA
863	74	677	SEA
863	75	842	SEA
871	151	764	SEA
871	154	1013	SEA
871	184	457	SEA
871	52	82	SEA
871	61	1551	SEA
871	74	399	SEA
871	75	732	SEA
876	151	716	SEA
876	154	1052	SEA
876	184	530	SEA
876	52	3	SEA
876	61	1585	SEA
876	74	381	SEA
876	75	669	SEA
887	151	667	SEA
887	154	1162	SEA
887	184	490	SEA
887	52	156	SEA
887	61	1105	SEA
887	74	487	SEA
887	75	718	SEA
889	151	626	SEA
889	154	449	SEA
889	184	530	SEA
889	52	121	SEA
889	61	1005	SEA
889	74	518	SEA
889	75	767	SEA
893	151	543	SEA
893	154	461	SEA
893	184	485	SEA
893	52	733	SEA
893	61	1109	SEA
893	74	432	SEA
893	75	840	SEA
895	151	566	SEA
895	154	469	SDA
895	184	501	SEA
895	52	640	SEA
895	61	1041	SEA
895	74	371	SEA
895	75	823	SEA
901	151	580	SEA
901	154	350	SDA
901	184	393	SEA
901	52	670	SEA
901	61	1015	SEA
901	74	799	SEA
901	75	827	SEA
908	151	482	SEA
908	154	996	SDA
908	184	381	SEA
908	52	978	SDA
908	61	364	SEA
908	74	270	SEA
908	75	1084	SEA
918	151	698	SEA
918	154	237	SEA
918	184	329	SEA
918	52	446	SEA
918	61	128	SEA
918	74	624	SEA
918	75	743	SEA
920	151	698	SEA
920	154	271	SEA
920	184	295	SEA
920	52	404	SEA
920	61	108	SDA
920	74	582	SEA
920	75	714	SEA
922	151	631	SEA
922	154	202	SEA
922	184	257	SDA
922	52	414	SEA
922	61	125	SEA
922	74	490	SEA
922	75	795	SEA
923	151	668	SEA
923	154	306	SEA
923	184	209	SDA
923	52	504	SEA
923	61	87	SDA
923	74	569	SEA
923	75	808	SEA
924	151	629	SEA
924	154	299	SEA
924	184	223	SDA
924	52	460	SEA
924	61	114	SEA
924	74	436	SEA
924	75	771	SEA
926	151	537	SEA
926	154	326	SEA
926	184	278	SDA
926	52	370	SEA
926	61	193	SEA
926	74	374	SEA
926	75	822	SEA
932	151	793	SEA
932	154	555	SEA
932	184	413	SEA
932	52	456	SEA
932	61	1016	SEA
932	74	356	SEA
932	75	755	SEA
933	151	773	SEA
933	154	524	SEA
933	184	373	SEA
933	52	426	SEA
933	61	1026	SEA
933	74	308	SEA
933	75	761	SEA
936	151	420	SEA
936	154	535	SDA
936	184	634	SEA
936	52	585	SEA
936	61	1053	SEA
936	74	355	SEA
936	75	717	SEA
937	151	441	SEA
937	154	556	SDA
937	184	580	SEA
937	52	529	SEA
937	61	1073	SEA
937	74	411	SEA
937	75	757	SEA
940	151	422	SEA
940	154	504	SDA
940	184	362	SEA
940	52	515	SEA
940	61	1089	SEA
940	74	438	SEA
940	75	949	SEA
941	151	413	SEA
941	154	519	SDA
941	184	395	SEA
941	52	527	SEA
941	61	1093	SEA
941	74	493	SEA
941	75	905	SEA
943	151	435	SEA
943	154	525	SDA
943	184	346	SEA
943	52	550	SEA
943	61	1127	SEA
943	74	560	SEA
943	75	957	SEA
944	151	421	SEA
944	154	540	SEA
944	184	318	SEA
944	52	486	SEA
944	61	1142	SEA
944	74	486	SEA
944	75	921	SEA
950	151	639	SEA
950	154	493	SEA
950	184	541	SEA
950	52	883	SEA
950	61	528	SEA
950	74	449	SEA
950	75	850	SEA
952	151	600	SEA
952	154	501	SEA
952	184	533	SEA
952	52	828	SEA
952	61	412	SEA
952	74	486	SEA
952	75	870	SEA
953	151	542	SEA
953	154	151	SEA
953	184	611	SEA
953	52	856	SEA
953	61	420	SEA
953	74	566	SEA
953	75	897	SEA
965	151	441	SEA
965	154	745	SEA
965	184	286	SEA
965	52	817	SEA
965	61	266	SEA
965	74	310	SEA
965	75	784	SEA
967	151	604	SEA
967	154	766	SEA
967	184	260	SEA
967	52	748	SEA
967	61	326	SEA
967	74	345	SEA
967	75	858	SEA
972	151	782	SEA
972	154	839	SEA
972	184	413	SEA
972	52	759	SEA
972	61	655	SEA
972	74	324	SEA
972	75	784	SEA
986	151	642	SEA
986	154	1010	SEA
986	184	84	SEA
986	52	742	SEA
986	61	884	SEA
986	74	488	SEA
986	75	757	SEA
987	151	715	SEA
987	154	1057	SEA
987	184	156	SEA
987	52	662	SEA
987	61	867	SEA
987	74	581	SEA
987	75	748	SEA
989	151	607	SEA
989	154	1054	SEA
989	184	125	SEA
989	52	634	SEA
989	61	869	SEA
989	74	553	SEA
989	75	727	SEA
992	151	538	SEA
992	154	961	SEA
992	184	9	SEA
992	52	652	SEA
992	61	876	SEA
992	74	508	SEA
992	75	727	SEA
1000	151	519	SEA
1000	154	862	SEA
1000	184	311	SEA
1000	52	460	SEA
1000	61	885	SDA
1000	74	11	SEA
1000	75	447	SEA
1006	151	719	SEA
1006	154	740	SEA
1006	184	243	SEA
1006	52	555	SEA
1006	61	500	SDA
1006	74	15	SEA
1006	75	347	SEA
1007	151	719	SEA
1007	154	740	SEA
1007	184	243	SEA
1007	52	555	SEA
1007	61	500	SDA
1007	74	15	SEA
1007	75	347	SEA
1008	151	684	SEA
1008	154	1606	SEA
1008	184	672	SEA
1008	52	549	SEA
1008	61	515	SDA
1008	74	18	SEA
1008	75	360	SEA
1010	151	736	SEA
1010	154	1699	SEA
1010	184	739	SEA
1010	52	587	SEA
1010	61	502	SDA
1010	74	523	SEA
1010	75	709	SEA
1013	151	333	SEA
1013	154	1404	SEA
1013	184	242	SEA
1013	52	1113	SEA
1013	61	525	SDA
1013	74	408	SEA
1013	75	675	SEA
1014	151	370	SEA
1014	154	1376	SEA
1014	184	260	SEA
1014	52	1094	SEA
1014	61	652	SDA
1014	74	361	SEA
1014	75	693	SEA
1016	151	320	SEA
1016	154	1229	SEA
1016	184	285	SEA
1016	52	732	SEA
1016	61	411	SEA
1016	74	648	SEA
1016	75	634	SEA
1019	151	328	SEA
1019	154	1199	SEA
1019	184	278	SEA
1019	52	739	SEA
1019	61	353	SEA
1019	74	669	SEA
1019	75	617	SEA
1023	151	650	SEA
1023	154	754	SEA
1023	184	265	SEA
1023	52	1009	SDA
1023	61	470	SEA
1023	74	266	SEA
1023	75	620	SEA
1026	151	931	SEA
1026	154	728	SEA
1026	184	443	SEA
1026	52	1116	SEA
1026	61	1046	SEA
1026	74	291	SEA
1026	75	1324	SEA
1028	151	274	SEA
1028	154	702	SEA
1028	184	629	SEA
1028	52	1131	SEA
1028	61	1077	SEA
1028	74	390	SEA
1028	75	1355	SEA
1033	151	129	SEA
1033	154	629	SDA
1033	184	667	SEA
1033	52	947	SEA
1033	61	1082	SEA
1033	74	157	SEA
1033	75	1357	SEA
1037	151	400	SEA
1037	154	467	SDA
1037	184	373	SEA
1037	52	944	SEA
1037	61	418	SEA
1037	74	164	SEA
1037	75	571	SEA
1040	151	712	SEA
1040	154	498	SDA
1040	184	309	SEA
1040	52	957	SEA
1040	61	404	SDA
1040	74	531	SEA
1040	75	559	SEA
1042	151	547	SEA
1042	154	543	SEA
1042	184	248	SEA
1042	52	715	SEA
1042	61	467	SDA
1042	74	674	SEA
1042	75	470	SEA
1048	151	581	SEA
1048	154	204	SEA
1048	184	593	SEA
1048	52	608	SEA
1048	61	294	SDA
1048	74	571	SEA
1048	75	473	SEA
1049	151	660	SDA
1049	154	160	SEA
1049	184	600	SDA
1049	52	623	SEA
1049	61	355	SDA
1049	74	858	SEA
1049	75	521	SDA
1051	151	783	SDA
1051	154	149	SEA
1051	184	646	SDA
1051	52	659	SEA
1051	61	276	SDA
1051	74	896	SEA
1051	75	541	SDA
1053	151	683	SEA
1053	154	176	SEA
1053	184	686	SEA
1053	52	643	SEA
1053	61	501	SEA
1053	74	843	SEA
1053	75	434	SEA
1057	151	769	SEA
1057	154	155	SEA
1057	184	667	SEA
1057	52	611	SEA
1057	61	461	SEA
1057	74	888	SEA
1057	75	476	SEA
1059	151	695	SEA
1059	154	1026	SEA
1059	184	760	SEA
1059	52	379	SDA
1059	61	804	SEA
1059	74	440	SDA
1059	75	462	SEA
1063	151	801	SDA
1063	154	328	SDA
1063	184	675	SDA
1063	52	393	SDA
1063	61	654	SEA
1063	74	444	SDA
1063	75	340	SEA
1064	151	857	SDA
1064	154	154	SDA
1064	184	504	SDA
1064	52	358	SEA
1064	61	694	SEA
1064	74	431	SDA
1064	75	398	SEA
1067	151	905	SDA
1067	154	112	SDA
1067	184	553	SDA
1067	52	1417	SEA
1067	61	578	SDA
1067	74	473	SDA
1067	75	418	SEA
1069	151	1015	SDA
1069	154	205	SDA
1069	184	567	SDA
1069	52	1409	SEA
1069	61	584	SDA
1069	74	519	SDA
1069	75	415	SEA
1071	151	311	SEA
1071	154	142	SDA
1071	184	567	SDA
1071	52	1466	SEA
1071	61	510	SDA
1071	74	568	SEA
1071	75	471	SEA
1074	151	524	SEA
1074	154	53	SDA
1074	184	435	SDA
1074	52	520	SEA
1074	61	517	SDA
1074	74	455	SEA
1074	75	780	SEA
1075	151	495	SEA
1075	154	7	SEA
1075	184	425	SDA
1075	52	475	SEA
1075	61	542	SEA
1075	74	513	SEA
1075	75	757	SEA
1090	151	375	SDA
1090	154	151	SDA
1090	184	817	SEA
1090	52	676	SEA
1090	61	705	SEA
1090	74	507	SEA
1090	75	314	SEA
1093	151	401	SDA
1093	154	83	SDA
1093	184	30	SDA
1093	52	706	SEA
1093	61	299	SEA
1093	74	545	SEA
1093	75	370	SEA
1099	151	578	SEA
1099	154	6	SDA
1099	184	38	SDA
1099	52	875	SDA
1099	61	337	SEA
1099	74	524	SEA
1099	75	718	SEA
1103	151	517	SEA
1103	154	730	SEA
1103	184	520	SEA
1103	52	853	SDA
1103	61	1076	SEA
1103	74	629	SDA
1103	75	327	SEA
1105	151	621	SEA
1105	154	633	SEA
1105	184	434	SDA
1105	52	694	SDA
1105	61	1061	SEA
1105	74	675	SEA
1105	75	305	SEA
1108	151	734	SEA
1108	154	593	SEA
1108	184	405	SDA
1108	52	711	SDA
1108	61	409	SDA
1108	74	674	SEA
1108	75	254	SEA
1112	151	685	SEA
1112	154	817	SEA
1112	184	536	SDA
1112	52	981	SDA
1112	61	348	SDA
1112	74	372	SEA
1112	75	715	SEA
1119	151	369	SDA
1119	154	601	SEA
1119	184	283	SEA
1119	52	882	SEA
1119	61	398	SDA
1119	74	425	SEA
1119	75	607	SEA
1127	151	373	SEA
1127	154	2	SEA
1127	184	147	SDA
1127	52	803	SDA
1127	61	480	SEA
1127	74	737	SEA
1127	75	487	SEA
1130	151	448	SEA
1130	154	65	SEA
1130	184	201	SEA
1130	52	1310	SDA
1130	61	628	SEA
1130	74	816	SEA
1130	75	832	SEA
1132	151	278	SDA
1132	154	11	SEA
1132	184	250	SEA
1132	52	1320	SDA
1132	61	409	SEA
1132	74	866	SEA
1132	75	899	SEA
1136	151	210	SDA
1136	154	429	SEA
1136	184	546	SEA
1136	52	1375	SDA
1136	61	442	SEA
1136	74	903	SEA
1136	75	875	SEA
1140	151	216	SEA
1140	154	591	SEA
1140	184	605	SEA
1140	52	1133	SDA
1140	61	425	SEA
1140	74	900	SEA
1140	75	439	SEA
1146	151	120	SEA
1146	154	696	SEA
1146	184	490	SEA
1146	52	669	SEA
1146	61	731	SEA
1146	74	568	SEA
1146	75	439	SEA
1149	151	149	SEA
1149	154	839	SEA
1149	184	514	SEA
1149	52	648	SEA
1149	61	758	SEA
1149	74	469	SEA
1149	75	449	SEA
1153	151	124	SDA
1153	154	861	SEA
1153	184	247	SEA
1153	52	646	SEA
1153	61	842	SDA
1153	74	582	SEA
1153	75	382	SEA
1154	151	121	SDA
1154	154	868	SEA
1154	184	248	SEA
1154	52	621	SEA
1154	61	829	SEA
1154	74	582	SEA
1154	75	381	SEA
1157	151	103	SDA
1157	154	850	SEA
1157	184	270	SEA
1157	52	587	SEA
1157	61	885	SEA
1157	74	549	SEA
1157	75	1074	SEA
1164	151	609	SEA
1164	154	8	SEA
1164	184	159	SEA
1164	52	617	SEA
1164	61	235	SEA
1164	74	742	SEA
1164	75	749	SEA
1168	151	618	SEA
1168	154	41	SEA
1168	184	482	SEA
1168	52	970	SEA
1168	61	297	SEA
1168	74	653	SEA
1168	75	642	SEA
1181	151	1105	SEA
1181	154	727	SEA
1181	184	174	SEA
1181	52	1020	SEA
1181	61	294	SEA
1181	74	784	SEA
1181	75	506	SEA
1183	151	1201	SEA
1183	154	599	SEA
1183	184	506	SEA
1183	52	948	SEA
1183	61	831	SEA
1183	74	668	SEA
1183	75	1053	SEA
1188	151	1080	SEA
1188	154	480	SEA
1188	184	680	SEA
1188	52	1072	SEA
1188	61	351	SEA
1188	74	722	SEA
1188	75	951	SEA
1190	151	1085	SEA
1190	154	456	SEA
1190	184	731	SEA
1190	52	1029	SEA
1190	61	403	SEA
1190	74	698	SEA
1190	75	892	SEA
1200	151	1026	SDA
1200	154	899	SEA
1200	184	167	SEA
1200	52	967	SEA
1200	61	449	SEA
1200	74	651	SEA
1200	75	737	SEA
1205	154	446	SEA
1205	184	184	SEA
1205	52	1000	SEA
1205	61	1086	SEA
1205	74	551	SEA
1205	75	814	SEA
1209	154	503	SEA
1209	184	227	SEA
1209	52	1061	SEA
1209	61	69	SEA
1209	74	592	SEA
1209	75	671	SEA
1210	154	440	SEA
1210	184	276	SEA
1210	52	1060	SEA
1210	61	62	SEA
1210	74	895	SEA
1210	75	652	SEA
1214	154	478	SEA
1214	184	394	SEA
1214	52	882	SEA
1214	61	92	SEA
1214	74	785	SEA
1214	75	585	SEA
1228	151	104	SEA
1228	154	421	SEA
1228	184	475	SEA
1228	52	959	SEA
1228	61	77	SEA
1228	74	811	SEA
1228	75	799	SEA
1239	151	1172	SEA
1239	154	329	SEA
1239	184	577	SEA
1239	52	1114	SEA
1239	61	15	SEA
1239	74	678	SEA
1239	75	848	SEA
1240	151	1190	SEA
1240	154	345	SEA
1240	184	599	SEA
1240	52	1091	SEA
1240	61	36	SEA
1240	74	639	SEA
1240	75	836	SEA
1243	151	1200	SEA
1243	154	378	SEA
1243	184	619	SEA
1243	52	862	SEA
1243	61	30	SEA
1243	74	631	SEA
1243	75	893	SEA
1248	151	1184	SEA
1248	154	1035	SEA
1248	184	1043	SEA
1248	52	1014	SEA
1248	61	69	SEA
1248	74	1079	SEA
1248	75	887	SEA
1252	151	1197	SEA
1252	154	1020	SEA
1252	184	998	SEA
1252	52	980	SEA
1252	61	16	SEA
1252	74	1234	SEA
1252	75	914	SEA
1255	151	1198	SEA
1255	154	635	SEA
1255	184	451	SEA
1255	52	988	SEA
1255	61	2	SEA
1255	74	620	SEA
1255	75	886	SEA
1256	151	1210	SEA
1256	154	680	SEA
1256	184	343	SEA
1256	52	1043	SEA
1256	61	408	SEA
1256	74	580	SEA
1256	75	1015	SEA
1257	151	1210	SEA
1257	154	680	SEA
1257	184	343	SEA
1257	52	1043	SEA
1257	61	408	SEA
1257	74	580	SEA
1257	75	1015	SEA
1264	151	960	SEA
1264	154	681	SEA
1264	184	455	SEA
1264	52	1001	SEA
1264	61	473	SEA
1264	74	417	SEA
1264	75	1033	SEA
1265	151	960	SEA
1265	154	685	SEA
1265	184	424	SEA
1265	52	896	SEA
1265	61	461	SEA
1265	74	482	SEA
1265	75	1037	SEA
1275	151	792	SEA
1275	154	1014	SEA
1275	184	729	SEA
1275	52	923	SDA
1275	61	472	SEA
1275	74	631	SEA
1275	75	894	SEA
1278	151	828	SDA
1278	154	564	SDA
1278	184	702	SEA
1278	52	975	SDA
1278	61	1125	SEA
1278	74	656	SEA
1278	75	908	SEA
1279	151	828	SDA
1279	154	564	SDA
1279	184	702	SEA
1279	52	975	SDA
1279	61	1125	SEA
1279	74	656	SEA
1279	75	908	SEA
1280	151	795	SDA
1280	154	567	SDA
1280	184	719	SEA
1280	52	976	SDA
1280	61	1088	SEA
1280	74	614	SEA
1280	75	907	SEA
1284	151	901	SDA
1284	154	428	SDA
1284	184	610	SEA
1284	52	1006	SDA
1284	61	728	SDA
1284	74	561	SEA
1284	75	984	SEA
1289	151	731	SEA
1289	154	291	SDA
1289	184	606	SEA
1289	52	1022	SEA
1289	61	674	SEA
1289	74	590	SEA
1289	75	926	SEA
1295	151	690	SDA
1295	154	44	SDA
1295	184	649	SEA
1295	52	1018	SEA
1295	61	694	SEA
1295	74	550	SEA
1295	75	591	SEA
1296	151	690	SDA
1296	154	44	SDA
1296	184	649	SEA
1296	52	1018	SEA
1296	61	694	SEA
1296	74	550	SEA
1296	75	591	SEA
1301	151	787	SDA
1301	154	1836	SDA
1301	184	678	SEA
1301	52	1103	SEA
1301	61	576	SEA
1301	74	530	SEA
1301	75	707	SEA
1306	151	663	SDA
1306	154	476	SEA
1306	184	813	SEA
1306	52	1151	SEA
1306	61	223	SEA
1306	74	510	SEA
1306	75	1102	SEA
1308	151	694	SDA
1308	154	483	SEA
1308	184	862	SEA
1308	52	940	SEA
1308	61	266	SEA
1308	74	461	SEA
1308	75	1084	SEA
1312	151	767	SDA
1312	154	589	SEA
1312	184	475	SEA
1312	52	868	SEA
1312	61	172	SEA
1312	74	570	SEA
1312	75	1033	SEA
1319	151	842	SEA
1319	154	638	SEA
1319	184	380	SEA
1319	52	1058	SEA
1319	61	666	SEA
1319	74	258	SEA
1319	75	1134	SEA
