363	175	523	SEA
363	195	597	SEA
363	57	720	SEA
385	175	714	SEA
385	195	550	SEA
385	57	720	SEA
408	175	588	SEA
408	195	711	SEA
408	57	1294	SEA
409	175	575	SEA
409	195	684	SDA
409	57	1388	SEA
421	175	501	SEA
421	195	640	SEA
421	57	1041	SEA
422	175	538	SEA
422	195	882	SDA
422	57	1048	SEA
435	175	660	SEA
435	195	258	SDA
435	57	836	SEA
439	175	750	SEA
439	195	265	SEA
439	57	859	SEA
448	175	962	SEA
448	195	992	SEA
448	57	849	SEA
458	175	765	SEA
458	195	228	SDA
458	57	1316	SEA
463	175	1678	SEA
463	195	199	SEA
463	57	1356	SEA
494	175	969	SEA
494	195	19	SDA
494	57	609	SDA
520	175	1005	SEA
520	195	336	SDA
520	57	230	SEA
543	175	471	SEA
543	195	948	SDA
543	57	1127	SEA
549	175	874	SEA
549	195	730	SEA
549	57	451	SEA
554	175	953	SEA
554	195	964	LSD
554	57	486	SDA
568	175	776	SEA
568	195	34	SEA
568	57	380	SEA
593	175	1038	SEA
593	195	781	SEA
593	57	42	SEA
606	175	710	SEA
606	195	1580	SEA
606	57	12	SEA
607	175	754	SEA
607	195	1558	SEA
607	57	47	SEA
629	175	940	SEA
629	195	1016	SEA
629	57	649	SEA
637	175	865	SEA
637	195	875	SEA
637	57	662	SEA
654	175	629	SEA
654	195	970	SEA
654	57	1193	SEA
694	175	1014	SEA
694	195	1225	SEA
694	57	1652	SEA
710	175	1101	SEA
710	195	958	SEA
710	57	20	SEA
718	175	987	SEA
718	195	951	SEA
718	57	53	SEA
727	175	953	SEA
727	195	1087	SEA
727	57	166	SEA
729	175	1067	SEA
729	195	1045	SEA
729	57	1079	SEA
751	175	1154	SEA
751	195	488	SEA
751	57	949	SEA
757	175	1214	SEA
757	195	693	SEA
757	57	839	SEA
759	175	1226	SEA
759	195	684	SEA
759	57	823	SEA
760	175	1238	SEA
760	195	869	SEA
760	57	877	SEA
761	175	1256	SEA
761	195	930	SEA
761	57	362	SEA
765	175	900	SEA
765	195	988	SEA
765	57	397	SEA
768	175	829	SEA
768	195	862	SEA
768	57	413	SDA
770	175	839	SEA
770	195	925	SEA
770	57	370	SEA
771	175	884	SEA
771	195	922	SEA
771	57	430	SEA
772	175	884	SEA
772	195	922	SEA
772	57	430	SEA
773	175	932	SEA
773	195	1001	SEA
773	57	378	SEA
774	175	935	SEA
774	195	944	SEA
774	57	393	SEA
778	175	971	SEA
778	195	1064	SEA
778	57	862	SEA
791	175	1126	SEA
791	195	425	SDA
791	57	1074	SEA
798	175	990	SEA
798	195	600	SDA
798	57	969	SEA
801	175	1027	SEA
801	195	635	SEA
801	57	972	SEA
804	175	1027	SEA
804	195	623	SEA
804	57	897	SEA
808	175	984	SEA
808	195	632	SDA
808	57	1447	SEA
810	175	1001	SEA
810	195	870	SDA
810	57	1402	SEA
819	175	1245	SEA
819	195	925	SEA
819	57	1296	SEA
834	175	918	SEA
834	195	720	SDA
834	57	1119	SDA
840	175	1221	SEA
840	195	1165	SEA
840	57	1136	SDA
847	175	1270	SEA
847	195	1259	SEA
847	57	732	SEA
853	175	832	SEA
853	195	497	SEA
853	57	797	SEA
859	175	1250	SEA
859	195	474	SDA
859	57	766	SEA
863	175	1278	SEA
863	195	416	SDA
863	57	739	SEA
871	175	1324	SEA
871	195	347	SDA
871	57	1517	SEA
876	175	823	SEA
876	195	987	SEA
876	57	1498	SEA
887	175	1129	SEA
887	195	246	SEA
887	57	1047	SEA
889	175	1120	SEA
889	195	209	SEA
889	57	1034	SEA
893	175	1256	SDA
893	195	177	SEA
893	57	1128	SEA
895	175	1304	SEA
895	195	720	SEA
895	57	1062	SEA
901	175	729	SEA
901	195	504	SEA
901	57	506	SEA
908	175	722	SEA
908	195	826	SEA
908	57	517	SEA
918	175	1213	SEA
918	195	318	SDA
918	57	660	SEA
920	175	1268	SEA
920	195	291	SDA
920	57	715	SEA
922	175	1160	SEA
922	195	319	SDA
922	57	751	SEA
923	175	1173	SEA
923	195	287	SDA
923	57	770	SEA
924	175	1226	SEA
924	195	274	SEA
924	57	733	SEA
926	175	1306	SEA
926	195	285	SEA
926	57	741	SEA
932	175	416	SEA
932	195	585	SEA
932	57	686	SDA
933	175	397	SEA
933	195	602	SEA
933	57	607	SDA
936	175	352	SEA
936	195	855	SEA
936	57	659	SDA
937	175	230	SEA
937	195	899	SEA
937	57	618	SDA
940	175	229	SEA
940	195	804	SEA
940	57	757	SEA
941	175	247	SEA
941	195	803	SEA
941	57	745	SEA
943	175	268	SEA
943	195	755	SEA
943	57	804	SEA
944	175	207	SEA
944	195	595	SEA
944	57	691	SEA
950	175	930	SEA
950	195	475	SEA
950	57	807	SEA
952	175	934	SEA
952	195	452	SEA
952	57	848	SEA
953	175	897	SEA
953	195	469	SEA
953	57	864	SEA
965	175	573	SEA
965	195	770	SEA
965	57	773	SEA
967	175	607	SEA
967	195	669	SEA
967	57	1137	SEA
972	175	280	SEA
972	195	651	SEA
972	57	1205	SEA
986	175	512	SEA
986	195	254	SEA
986	57	1171	SEA
987	175	434	SEA
987	195	190	SEA
987	57	1146	SEA
989	175	447	SEA
989	195	193	SEA
989	57	1133	SEA
992	175	364	SEA
992	195	187	SEA
992	57	1069	SEA
1000	175	556	SEA
1000	195	304	SDA
1000	57	201	SEA
1006	175	1240	SEA
1006	195	1357	SEA
1006	57	304	SEA
1007	175	1240	SEA
1007	195	1357	SEA
1007	57	304	SEA
1008	175	1215	SEA
1008	195	1334	SEA
1008	57	383	SEA
1010	175	1182	SEA
1010	195	801	SEA
1010	57	325	SEA
1013	175	1181	SEA
1013	195	772	SEA
1013	57	340	SEA
1014	175	1239	SEA
1014	195	753	SEA
1014	57	330	SEA
1016	175	1028	SEA
1016	195	752	SEA
1016	57	849	SEA
1019	175	1057	SEA
1019	195	746	SDA
1019	57	918	SEA
1023	175	1057	SEA
1023	195	769	SDA
1023	57	1090	SEA
1026	175	1125	SEA
1026	195	816	SDA
1026	57	1180	SEA
1028	175	1107	SEA
1028	195	847	SDA
1028	57	1223	SEA
1033	175	1133	SDA
1033	195	409	SDA
1033	57	1023	SEA
1037	175	1124	SDA
1037	195	362	SEA
1037	57	322	SEA
1040	175	758	SEA
1040	195	456	SDA
1040	57	296	SEA
1042	175	751	SEA
1042	195	404	SDA
1042	57	256	SEA
1048	175	718	SEA
1048	195	718	SEA
1048	57	266	SEA
1049	175	686	SEA
1049	195	737	SEA
1049	57	228	SEA
1051	175	653	SEA
1051	195	170	SEA
1051	57	239	SEA
1053	175	624	SEA
1053	195	210	SEA
1053	57	270	SEA
1057	175	642	SEA
1057	195	31	SEA
1057	57	658	SEA
1059	175	803	SEA
1059	195	8	SEA
1059	57	662	SEA
1063	175	851	SEA
1063	195	8	SEA
1063	57	1452	SEA
1064	175	809	SEA
1064	195	10	SEA
1064	57	1501	SEA
1067	175	832	SEA
1067	195	956	SEA
1067	57	1559	SEA
1069	175	871	SEA
1069	195	1024	SDA
1069	57	1549	SEA
1071	175	1105	SEA
1071	195	1135	SDA
1071	57	265	SDA
1074	175	1119	SEA
1074	195	1184	SDA
1074	57	129	SDA
1075	175	1169	SEA
1075	195	1088	SDA
1075	57	134	SDA
1090	175	938	SEA
1090	195	347	SDA
1090	57	174	SDA
1093	175	970	SEA
1093	195	278	SDA
1093	57	108	SDA
1099	175	923	SDA
1099	195	320	SEA
1099	57	34	SEA
1103	175	809	SEA
1103	195	672	SDA
1103	57	459	SEA
1105	175	837	SEA
1105	195	785	SEA
1105	57	514	SEA
1108	175	831	SEA
1108	195	674	SEA
1108	57	564	SEA
1112	175	889	SEA
1112	195	690	SDA
1112	57	469	SEA
1119	175	805	SEA
1119	195	624	SDA
1119	57	440	SEA
1127	175	814	SDA
1127	195	469	SEA
1127	57	547	SEA
1130	175	754	SDA
1130	195	402	SEA
1130	57	509	SEA
1132	175	914	SEA
1132	195	1174	SEA
1132	57	1204	SEA
1136	175	1033	SEA
1136	195	1137	SEA
1136	57	1193	SEA
1140	175	947	SDA
1140	195	1084	SEA
1140	57	1075	SEA
1146	175	996	SEA
1146	195	94	SEA
1146	57	697	SDA
1149	175	1007	SEA
1149	195	83	SEA
1149	57	730	SDA
1153	175	1103	SEA
1153	195	25	SEA
1153	57	672	SDA
1154	175	1098	SEA
1154	195	4	SEA
1154	57	604	SDA
1157	175	1145	SEA
1157	195	5	SEA
1157	57	694	SDA
1164	175	901	SEA
1164	195	1461	SEA
1164	57	1148	SEA
1168	175	879	SEA
1168	195	1566	SEA
1168	57	1172	SEA
1181	175	1089	SEA
1181	195	344	SEA
1181	57	597	SDA
1183	175	1079	SEA
1183	195	333	SEA
1183	57	553	SDA
1188	175	1001	SEA
1188	195	336	SEA
1188	57	450	SDA
1190	175	989	SEA
1190	195	353	SDA
1190	57	395	SEA
1200	175	1111	SEA
1200	195	331	SDA
1200	57	900	SEA
1205	175	1079	SEA
1205	195	1041	SEA
1205	57	895	SEA
1209	175	1141	SEA
1209	195	312	SEA
1209	57	891	SEA
1210	175	1181	SEA
1210	195	329	SEA
1210	57	910	SEA
1214	175	942	SEA
1214	195	323	SEA
1214	57	1106	SEA
1228	175	1015	SEA
1228	195	1037	SEA
1228	57	302	SEA
1239	175	973	SEA
1239	195	487	SEA
1239	57	277	SEA
1240	175	960	SDA
1240	195	481	SEA
1240	57	292	SEA
1243	175	1080	SDA
1243	195	502	SEA
1243	57	303	SDA
1248	175	878	SEA
1248	195	544	SEA
1248	57	204	SEA
1252	175	898	SEA
1252	195	469	SEA
1252	57	228	SEA
1255	175	892	SEA
1255	195	508	SEA
1255	57	150	SEA
1257	175	918	SEA
1257	195	1108	SEA
1257	57	184	SEA
1264	175	863	SEA
1264	195	569	SEA
1264	57	234	SEA
1265	175	1222	SEA
1265	195	602	SEA
1265	57	119	SEA
1275	175	1261	SEA
1275	195	602	SEA
1275	57	73	SEA
1278	175	1288	SEA
1278	195	572	SEA
1278	57	18	SEA
1279	175	1288	SEA
1279	195	572	SEA
1279	57	18	SEA
1280	175	1060	SEA
1280	195	572	SEA
1280	57	18	SEA
1284	175	1099	SEA
1284	195	930	SEA
1284	57	1015	SDA
1295	175	1179	SEA
1295	195	760	SEA
1295	57	1038	SEA
1296	175	1179	SEA
1296	195	760	SEA
1296	57	1038	SEA
1301	175	1153	SEA
1301	195	890	SEA
1301	57	648	SDA
1306	175	1251	SEA
1306	195	519	SEA
1306	57	512	SDA
1308	175	1391	SEA
1308	195	457	SEA
1308	57	551	SDA
1312	175	1297	SEA
1312	195	348	SEA
1312	57	521	SEA
1319	175	1162	SDA
1319	195	304	SEA
1319	57	1189	SEA
