363	154	771	SEA
363	188	779	SEA
363	196	500	SEA
363	201	701	SEA
363	963	659	SEA
375	154	593	SEA
375	188	790	SEA
375	196	660	SEA
375	201	873	SEA
375	963	877	SEA
395	154	390	SEA
395	188	799	SEA
395	196	1052	SEA
395	201	401	SEA
395	963	881	SEA
408	154	630	SEA
408	188	784	SEA
408	196	837	SEA
408	201	342	SEA
408	963	868	SEA
409	154	595	SEA
409	188	795	SEA
409	196	854	SEA
409	201	351	SEA
409	963	875	SEA
414	154	1010	SEA
414	188	681	SEA
414	196	876	SEA
414	201	823	SEA
414	963	885	SEA
421	154	315	SEA
421	188	962	SEA
421	196	992	SEA
421	201	578	SDA
421	963	889	SEA
435	154	375	SDA
435	188	1591	SEA
435	196	995	SEA
435	201	267	SEA
435	963	1029	SEA
439	154	287	SDA
439	188	809	SEA
439	196	1031	SEA
439	201	288	SDA
439	963	941	SEA
448	154	152	SDA
448	188	705	SEA
448	196	13	SDA
448	201	624	SEA
448	963	934	SEA
463	154	167	SEA
463	188	357	SEA
463	196	14	SEA
463	201	542	SDA
463	963	843	SEA
465	154	149	SEA
465	188	405	SEA
465	196	9	SEA
465	201	457	SDA
465	963	854	SEA
494	154	133	SDA
494	188	473	SEA
494	196	1338	SEA
494	201	127	SEA
494	963	874	SEA
505	154	18	SDA
505	188	503	SEA
505	201	110	SEA
505	963	968	SEA
529	154	462	SEA
529	188	140	SEA
529	196	23	SEA
529	201	513	SDA
529	963	688	SEA
531	154	230	SDA
531	188	126	SEA
531	196	19	SEA
531	201	495	SDA
531	963	660	SEA
549	154	156	SDA
549	188	672	SEA
549	196	232	SEA
549	201	77	SDA
549	963	371	SEA
554	154	244	SDA
554	188	685	SEA
554	196	684	SEA
554	201	15	SDA
554	963	605	SEA
568	154	198	SDA
568	188	1103	SEA
568	196	370	SEA
568	201	396	SDA
568	963	329	SEA
593	154	14	SDA
593	196	8	SEA
593	201	55	SDA
593	963	561	SEA
596	154	23	SEA
596	188	194	SEA
596	196	69	SEA
596	201	106	SDA
596	963	604	SEA
606	154	10	SDA
606	188	569	SEA
606	196	38	SEA
606	201	57	SEA
606	963	900	SEA
607	154	19	SDA
607	188	573	SEA
607	196	30	SEA
607	201	91	SEA
607	963	1035	SEA
623	154	7	SEA
623	188	514	SEA
623	196	603	SEA
623	201	90	SEA
623	963	31	SEA
654	154	6	SEA
654	188	806	SEA
654	196	1969	SEA
654	201	487	SDA
654	963	11	SEA
684	154	5	SEA
684	188	279	SEA
684	196	15	SEA
684	201	57	SEA
684	963	146	SEA
694	154	19	SEA
694	188	1103	SEA
694	196	315	SEA
694	201	272	SDA
694	963	750	SEA
710	154	439	SEA
710	188	605	SEA
710	196	808	SEA
710	201	1120	SEA
710	963	712	SEA
718	154	541	SEA
718	188	958	SEA
718	196	840	SEA
718	201	818	SEA
718	963	570	SEA
727	154	809	SDA
727	188	759	SEA
727	196	859	SEA
727	201	895	SEA
727	963	775	SEA
729	154	936	SEA
729	188	764	SEA
729	196	1261	SEA
729	201	895	SEA
729	963	736	SEA
745	154	573	SEA
745	188	784	SEA
745	196	348	SEA
745	201	1621	SEA
745	963	700	SEA
751	154	755	SEA
751	188	746	SEA
751	196	309	SEA
751	201	513	SDA
751	963	803	SEA
757	154	950	SEA
757	188	813	SEA
757	196	353	SDA
757	201	434	SEA
757	963	590	SEA
760	154	1008	SEA
760	188	966	SEA
760	196	341	SDA
760	201	429	SEA
760	963	551	SEA
761	154	1025	SEA
761	188	1041	SEA
761	196	366	SDA
761	201	384	SEA
761	963	577	SEA
765	154	958	SDA
765	188	1262	SEA
765	196	1282	SEA
765	201	453	SDA
765	963	1020	SEA
768	154	877	SDA
768	188	1396	SEA
768	196	1289	SEA
768	201	413	SDA
768	963	992	SEA
770	154	585	SDA
770	188	1755	SEA
770	196	53	SEA
770	201	406	SDA
770	963	1011	SEA
771	154	573	SEA
771	188	900	SEA
771	196	36	SEA
771	201	351	SDA
771	963	400	SEA
773	154	445	SEA
773	188	899	SEA
773	196	19	SEA
773	201	389	SDA
773	963	493	SEA
778	154	399	SDA
778	188	906	SEA
778	196	1769	SEA
778	201	507	SEA
778	963	799	SEA
791	154	543	SEA
791	188	991	SEA
791	196	212	SEA
791	201	628	SEA
791	963	772	SEA
798	154	456	SEA
798	188	959	SEA
798	196	225	SEA
798	201	305	SDA
798	963	756	SEA
801	154	410	SEA
801	188	988	SEA
801	196	253	SEA
801	201	309	SDA
801	963	708	SEA
804	154	492	SEA
804	188	830	SEA
804	196	322	SEA
804	201	233	SDA
804	963	791	SEA
808	154	440	SEA
808	188	823	SEA
808	196	517	SEA
808	201	1312	SEA
808	963	911	SEA
810	154	1264	SEA
810	188	755	SEA
810	196	463	SEA
810	201	1360	SEA
810	963	805	SEA
819	154	780	SEA
819	188	866	SEA
819	196	743	SEA
819	201	260	SDA
819	963	706	SEA
834	154	125	SEA
834	188	1128	SEA
834	196	251	SEA
834	201	39	SDA
834	963	1008	SEA
840	154	7	SEA
840	188	1083	SEA
840	196	636	SEA
840	201	12	SEA
840	963	862	SEA
847	154	8	SEA
847	188	1324	SEA
847	196	332	SEA
847	201	878	SEA
847	963	645	SEA
853	154	519	SEA
853	188	201	SEA
853	196	345	SEA
853	201	670	SEA
853	963	694	SEA
859	154	840	SEA
859	188	273	SEA
859	196	1222	SEA
859	201	672	SEA
859	963	983	SEA
863	154	917	SEA
863	188	307	SEA
863	196	1517	SEA
863	201	672	SEA
863	963	1277	SEA
871	154	962	SEA
871	188	374	SEA
871	196	1450	SEA
871	201	604	SEA
871	963	511	SEA
876	154	508	SEA
876	188	975	SEA
876	196	1382	SEA
876	201	626	SEA
876	963	787	SEA
887	154	524	SEA
887	188	885	SEA
887	196	29	SEA
887	201	656	SEA
887	963	648	SEA
889	154	449	SEA
889	188	844	SEA
889	196	49	SEA
889	201	586	SEA
889	963	705	SEA
893	154	461	SEA
893	188	786	SEA
893	196	8	SEA
893	201	496	SEA
893	963	747	SEA
895	154	735	SEA
895	188	803	SEA
895	196	44	SEA
895	201	394	SEA
895	963	761	SEA
901	154	268	SEA
901	188	756	SEA
901	196	59	SEA
901	201	326	SEA
901	963	622	SEA
908	154	307	SEA
908	188	659	SEA
908	196	9	SEA
908	201	1151	SEA
908	963	560	SEA
918	154	718	SEA
918	188	891	SEA
918	196	79	SEA
918	201	661	SEA
918	963	540	SEA
920	154	702	SEA
920	188	893	SEA
920	196	64	SEA
920	201	678	SEA
920	963	575	SEA
922	154	409	SEA
922	188	745	SEA
922	196	25	SEA
922	201	727	SEA
922	963	544	SEA
923	154	393	SEA
923	188	744	SEA
923	196	22	SEA
923	201	685	SEA
923	963	560	SEA
924	154	393	SEA
924	188	790	SEA
924	196	5	SEA
924	201	724	SEA
924	963	620	SEA
926	154	362	SEA
926	188	732	SEA
926	196	5	SEA
926	201	760	SEA
926	963	729	SEA
932	154	647	SEA
932	188	650	SEA
932	196	5	SEA
932	201	315	SEA
932	963	684	SEA
933	154	686	SEA
933	188	683	SEA
933	196	3	SEA
933	201	302	SEA
933	963	536	SEA
936	154	564	SEA
936	188	686	SEA
936	196	1142	SEA
936	201	183	SEA
936	963	608	SEA
937	154	508	SEA
937	188	734	SEA
937	196	1165	SEA
937	201	130	SEA
937	963	600	SEA
940	154	121	SEA
940	188	747	SEA
940	196	300	SEA
940	201	203	SEA
940	963	581	SEA
941	154	134	SEA
941	188	769	SEA
941	196	268	SEA
941	201	195	SEA
941	963	598	SEA
943	154	174	SEA
943	188	741	SEA
943	196	290	SEA
943	201	228	SEA
943	963	602	SEA
944	154	225	SEA
944	188	713	SEA
944	196	250	SEA
944	201	473	SEA
944	963	270	SEA
950	154	665	SEA
950	188	686	SEA
950	196	182	SEA
950	201	559	SEA
950	963	341	SEA
952	154	722	SEA
952	188	699	SEA
952	196	137	SEA
952	201	592	SEA
952	963	277	SEA
953	154	730	SEA
953	188	902	SEA
953	196	140	SEA
953	201	598	SEA
953	963	272	SEA
965	154	426	SEA
965	188	1542	SEA
965	196	632	SEA
965	201	883	SEA
965	963	225	SEA
967	154	445	SEA
967	188	631	SEA
967	196	601	SDA
967	201	919	SEA
967	963	167	SEA
972	154	387	SEA
972	188	591	SEA
972	196	647	SDA
972	201	867	SEA
972	963	750	SEA
986	154	488	SEA
986	188	768	SDA
986	196	39	SEA
986	201	766	SEA
986	963	561	SEA
987	154	514	SEA
987	188	692	SDA
987	196	7	SEA
987	201	744	SEA
987	963	572	SEA
989	154	525	SEA
989	188	694	SDA
989	196	55	SEA
989	201	785	SEA
989	963	765	SEA
992	154	611	SEA
992	188	692	SDA
992	196	94	SEA
992	201	723	SEA
992	963	808	SDA
1000	154	1354	SEA
1000	188	708	SEA
1000	196	25	SEA
1000	201	843	SEA
1000	963	616	SEA
1006	154	254	SEA
1006	188	757	SEA
1006	196	195	SEA
1006	201	546	SEA
1006	963	655	SEA
1007	154	254	SEA
1007	188	757	SEA
1007	196	195	SEA
1007	201	546	SEA
1007	963	655	SEA
1008	154	406	SEA
1008	188	651	SEA
1008	196	212	SEA
1008	201	511	SEA
1008	963	672	SEA
1010	154	417	SEA
1010	188	639	SDA
1010	196	201	SEA
1010	201	532	SEA
1010	963	658	SEA
1013	154	560	SEA
1013	188	577	SDA
1013	196	918	SEA
1013	201	451	SEA
1013	963	504	SEA
1014	154	519	SEA
1014	188	527	SDA
1014	196	3	SEA
1014	201	603	SEA
1014	963	555	SEA
1016	154	627	SEA
1016	188	551	SDA
1016	196	116	SEA
1016	201	722	SEA
1016	963	507	SEA
1019	154	615	SEA
1019	188	580	SDA
1019	196	134	SEA
1019	201	785	SEA
1019	963	489	SEA
1023	154	695	SEA
1023	188	496	SEA
1023	196	224	SEA
1023	201	859	SEA
1023	963	468	SEA
1026	154	392	SEA
1026	188	500	SEA
1026	196	144	SEA
1026	201	449	SEA
1026	963	422	SEA
1028	154	423	SEA
1028	188	500	SEA
1028	196	691	SEA
1028	201	565	SEA
1028	963	343	SEA
1033	154	463	SEA
1033	188	553	SEA
1033	196	778	SEA
1033	201	806	SEA
1033	963	792	SEA
1037	154	48	SEA
1037	188	587	SEA
1037	196	653	SEA
1037	201	915	SEA
1037	963	197	SDA
1040	154	51	SEA
1040	188	570	SEA
1040	196	658	SEA
1040	201	476	SEA
1040	963	129	SDA
1042	154	42	SEA
1042	188	556	SEA
1042	196	632	SEA
1042	201	666	SDA
1042	963	64	SDA
1048	154	111	SEA
1048	188	772	SEA
1048	196	617	SEA
1048	201	633	SDA
1048	963	44	SDA
1049	154	161	SEA
1049	188	803	SEA
1049	196	613	SEA
1049	201	668	SDA
1049	963	22	SDA
1051	154	148	SDA
1051	188	370	SEA
1051	196	621	SEA
1051	201	619	SEA
1051	963	381	SEA
1053	154	183	SDA
1053	188	401	SEA
1053	196	724	SEA
1053	201	676	SEA
1053	963	365	SEA
1057	154	180	SDA
1057	188	309	SEA
1057	196	787	SDA
1057	201	683	SDA
1057	963	393	SDA
1059	154	237	SDA
1059	188	338	SEA
1059	196	819	SDA
1059	201	763	SDA
1059	963	345	SDA
1063	154	688	SEA
1063	188	289	SDA
1063	196	15	SEA
1063	201	556	SDA
1063	963	468	SEA
1064	154	860	SEA
1064	188	310	SDA
1064	196	15	SDA
1064	201	493	SDA
1064	963	448	SEA
1067	154	228	SDA
1067	188	487	SEA
1067	196	28	SDA
1067	201	520	SDA
1067	963	452	SEA
1069	154	251	SDA
1069	188	469	SEA
1069	196	44	SDA
1069	201	526	SDA
1069	963	815	SEA
1071	154	295	SDA
1071	188	59	SEA
1071	196	14	SEA
1071	201	541	SDA
1071	963	873	SEA
1074	154	232	SDA
1074	188	103	SDA
1074	196	20	SEA
1074	201	443	SDA
1074	963	852	SEA
1075	154	207	SDA
1075	188	99	SDA
1075	196	29	SEA
1075	201	504	SDA
1075	963	421	SEA
1090	154	409	SEA
1090	188	474	SDA
1090	196	167	SEA
1090	201	77	SDA
1090	963	444	SDA
1093	154	382	SEA
1093	188	386	SEA
1093	196	70	SEA
1093	201	15	SDA
1093	963	532	SDA
1099	154	860	SEA
1099	188	203	SEA
1099	196	63	SDA
1099	201	4	SEA
1099	963	282	SEA
1103	154	940	SEA
1103	188	140	SEA
1103	196	27	SDA
1103	201	51	SEA
1103	963	340	SEA
1105	154	252	SEA
1105	188	173	SEA
1105	196	9	SDA
1105	201	450	SDA
1105	963	786	SEA
1108	154	220	SEA
1108	188	150	SDA
1108	196	562	SEA
1108	201	397	SEA
1108	963	797	SEA
1112	154	193	SEA
1112	188	310	SDA
1112	196	429	SEA
1112	201	387	SEA
1112	963	162	SEA
1119	154	16	SEA
1119	188	455	SEA
1119	196	463	SEA
1119	201	512	SEA
1119	963	163	SDA
1127	154	364	SEA
1127	188	210	SEA
1127	196	269	SEA
1127	201	517	SEA
1127	963	527	SEA
1130	154	510	SEA
1130	188	227	SDA
1130	196	231	SEA
1130	201	457	SEA
1130	963	641	SEA
1132	154	484	SEA
1132	188	178	SDA
1132	196	218	SEA
1132	201	543	SEA
1132	963	313	SEA
1136	154	450	SEA
1136	188	296	SDA
1136	196	1438	SEA
1136	201	449	SEA
1136	963	266	SDA
1140	154	631	SEA
1140	188	549	SEA
1140	196	282	SEA
1140	201	410	SEA
1140	963	379	SEA
1146	154	141	SEA
1146	188	503	SEA
1146	196	296	SEA
1146	201	518	SEA
1146	963	360	SDA
1149	154	165	SEA
1149	188	437	SEA
1149	196	272	SEA
1149	201	546	SEA
1149	963	192	SDA
1153	154	116	SEA
1153	188	650	SEA
1153	196	204	SEA
1153	201	594	SEA
1153	963	672	SEA
1154	154	132	SEA
1154	188	657	SEA
1154	196	200	SEA
1154	201	609	SEA
1154	963	714	SEA
1157	154	100	SEA
1157	188	596	SEA
1157	196	245	SEA
1157	201	421	SEA
1157	963	1000	SEA
1164	154	621	SDA
1164	188	486	SEA
1164	196	224	SEA
1164	201	398	SEA
1164	963	1007	SDA
1168	154	653	SEA
1168	188	389	SEA
1168	196	738	SEA
1168	201	464	SEA
1168	963	459	SEA
1181	154	892	SEA
1181	188	924	SEA
1181	196	695	SEA
1181	201	1015	SEA
1181	963	906	SDA
1183	154	941	SEA
1183	188	909	SEA
1183	196	543	SEA
1183	201	1071	SEA
1183	963	851	SDA
1188	154	959	SEA
1188	188	885	SEA
1188	196	485	SEA
1188	201	1107	SEA
1188	963	634	SEA
1190	154	392	SEA
1190	188	842	SEA
1190	196	515	SEA
1190	201	1145	SEA
1190	963	703	SEA
1200	154	398	SEA
1200	188	940	SEA
1200	196	1632	SEA
1200	201	273	SEA
1200	963	650	SEA
1205	154	782	SEA
1205	188	885	SDA
1205	196	196	SEA
1205	201	447	SEA
1205	963	627	SEA
1209	154	819	SEA
1209	188	856	SEA
1209	196	107	SEA
1209	201	599	SEA
1209	963	666	SEA
1210	154	847	SEA
1210	188	870	SEA
1210	196	136	SEA
1210	201	589	SEA
1210	963	690	SEA
1214	154	550	SEA
1214	188	1062	SEA
1214	196	69	SEA
1214	201	622	SEA
1214	963	598	SDA
1228	154	443	SEA
1228	188	580	SEA
1228	196	22	SEA
1228	201	221	SDA
1228	963	709	SEA
1239	154	725	SEA
1239	188	742	SDA
1239	196	611	SEA
1239	201	190	SEA
1239	963	517	SEA
1240	154	778	SEA
1240	188	719	SDA
1240	196	612	SEA
1240	201	184	SEA
1240	963	508	SEA
1243	154	659	SEA
1243	188	738	SDA
1243	196	569	SEA
1243	201	1694	SEA
1243	963	490	SEA
1248	154	548	SEA
1248	188	842	SEA
1248	196	690	SEA
1248	201	863	SEA
1248	963	468	SEA
1252	154	517	SEA
1252	188	829	SEA
1252	196	580	SEA
1252	201	781	SEA
1252	963	588	SEA
1255	154	635	SEA
1255	188	882	SEA
1255	196	615	SEA
1255	201	788	SEA
1255	963	545	SEA
1257	154	1055	SEA
1257	188	919	SEA
1257	196	681	SEA
1257	201	756	SEA
1257	963	559	SEA
1264	154	1014	SEA
1264	188	622	SEA
1264	196	648	SEA
1264	201	867	SEA
1264	963	983	SEA
1265	154	1048	SEA
1265	188	658	SEA
1265	196	568	SEA
1265	201	784	SEA
1265	963	434	SEA
1275	154	581	SDA
1275	188	375	SEA
1275	196	843	SEA
1275	201	625	SEA
1275	963	647	SEA
1278	154	564	SDA
1278	188	331	SEA
1278	196	988	SDA
1278	201	797	SEA
1278	963	541	SDA
1280	154	567	SDA
1280	188	321	SEA
1280	196	947	SDA
1280	201	808	SEA
1280	963	547	SDA
1284	154	428	SDA
1284	188	361	SEA
1284	196	866	SEA
1284	201	819	SEA
1284	963	924	SEA
1289	154	2022	SEA
1289	188	690	SEA
1289	196	851	SEA
1289	201	779	SDA
1289	963	891	SEA
1295	154	572	SEA
1295	188	637	SEA
1295	196	836	SEA
1295	201	856	SEA
1295	963	793	SEA
1296	154	572	SEA
1296	188	637	SEA
1296	196	836	SEA
1296	201	856	SEA
1296	963	793	SEA
1301	154	911	SEA
1301	188	677	SDA
1301	196	771	SEA
1301	201	882	SEA
1301	963	804	SEA
1306	154	477	SEA
1306	188	705	SEA
1306	196	728	SEA
1306	201	1488	SEA
1306	963	769	SDA
1308	154	484	SEA
1308	188	698	SEA
1308	196	694	SEA
1308	201	1514	SEA
1308	963	797	SEA
1312	154	590	SEA
1312	188	638	SEA
1312	196	407	SEA
1312	201	1471	SEA
1312	963	939	SEA
1319	154	639	SEA
1319	188	625	SEA
1319	196	331	SEA
1319	201	1023	SEA
1319	963	684	SEA
