385	91	900	SEA
408	91	819	SEA
409	91	843	SEA
421	91	839	SEA
422	91	779	SEA
435	91	708	SDA
439	91	690	SEA
448	91	625	SEA
458	91	459	SEA
463	91	576	SEA
494	91	340	SEA
507	91	468	SEA
529	91	533	SEA
543	91	456	SEA
549	91	465	SEA
554	91	513	SEA
568	91	605	SEA
593	91	673	SEA
606	91	777	SEA
607	91	771	SEA
629	91	839	SEA
637	91	875	SEA
694	91	869	SEA
710	91	1109	SEA
727	91	1099	SEA
729	91	1076	SEA
751	91	991	SEA
757	91	1107	SEA
759	91	1074	SEA
760	91	1140	SEA
761	91	1140	SEA
765	91	1079	SEA
768	91	1036	SEA
770	91	987	SEA
771	91	1028	SEA
772	91	1028	SEA
774	91	1070	SEA
778	91	1140	SEA
791	91	1062	SEA
798	91	1140	SEA
801	91	1140	SEA
804	91	1039	SEA
808	91	893	SEA
810	91	824	SEA
819	91	1140	SEA
834	91	1022	SEA
840	91	1139	SEA
847	91	1156	SEA
853	91	1140	SEA
859	91	1140	SEA
863	91	1094	SEA
871	91	1140	SEA
876	91	1140	SEA
887	91	1051	SEA
889	91	1090	SEA
893	91	1012	SEA
895	91	1080	SEA
901	91	1049	SEA
908	91	1029	SEA
918	91	1115	SEA
920	91	1058	SEA
922	91	1000	SEA
923	91	1038	SEA
924	91	1096	SEA
926	91	1036	SEA
932	91	1080	SEA
933	91	1080	SEA
936	91	1156	SEA
937	91	1125	SEA
940	91	1174	SEA
941	91	1177	SEA
943	91	1123	SEA
944	91	1137	SEA
950	91	1080	SEA
952	91	1019	SEA
953	91	979	SEA
965	91	1080	SEA
967	91	1080	SEA
972	91	1160	SEA
986	91	900	SEA
987	91	899	SEA
989	91	839	SEA
992	91	929	SEA
1000	91	900	SEA
1006	91	905	SEA
1007	91	905	SEA
1008	91	924	SEA
1010	91	929	SEA
1013	91	945	SEA
1014	91	720	SEA
1016	91	720	SEA
1019	91	659	SEA
1023	91	755	SEA
1026	91	776	SEA
1028	91	729	SEA
1033	91	197	SEA
1037	91	339	SEA
1040	91	681	SEA
1042	91	682	SEA
1048	91	711	SEA
1049	91	697	SEA
1051	91	718	SEA
1053	91	742	SEA
1057	91	539	SEA
1059	91	540	SEA
1063	91	390	SEA
1064	91	454	SEA
1067	91	577	SEA
1069	91	642	SEA
1071	91	205	SEA
1074	91	478	SEA
1075	91	846	SEA
1090	91	737	SEA
1093	91	776	SEA
1099	91	739	SEA
1103	91	813	SEA
1105	91	885	SEA
1108	91	826	SEA
1112	91	839	SEA
1119	91	339	SEA
1127	91	889	SEA
1130	91	831	SEA
1132	91	851	SEA
1136	91	897	SEA
1140	91	900	SEA
1146	91	805	SEA
1149	91	751	SEA
1153	91	784	SEA
1154	91	900	SEA
1157	91	839	SEA
1164	91	256	SEA
1168	91	747	SEA
1181	91	795	SEA
1183	91	268	SEA
1190	91	795	SEA
1200	91	755	SEA
