363	92	600	SEA
385	92	392	SEA
408	92	296	SEA
409	92	331	SEA
421	92	489	SEA
422	92	500	SEA
435	92	602	SEA
439	92	843	SEA
448	92	511	SEA
453	92	275	SEA
458	92	329	SEA
463	92	570	SEA
494	92	363	SEA
507	92	501	SEA
512	92	677	SEA
520	92	176	SEA
529	92	430	SEA
543	92	387	SEA
549	92	297	SEA
554	92	544	SEA
568	92	443	SEA
593	92	335	SEA
606	92	602	SEA
607	92	321	SEA
629	92	501	SEA
637	92	342	SEA
654	92	477	SEA
694	92	432	SEA
710	92	626	SEA
718	92	666	SEA
727	92	865	SEA
729	92	855	SEA
751	92	484	SEA
757	92	491	SEA
760	92	458	SEA
761	92	448	SEA
765	92	648	SEA
768	92	658	SEA
770	92	653	SEA
771	92	607	SEA
772	92	607	SEA
774	92	901	SEA
778	92	883	SEA
783	92	968	SEA
791	92	714	SEA
798	92	1045	SEA
801	92	366	SEA
804	92	426	SEA
808	92	587	SEA
810	92	640	SEA
819	92	523	SEA
834	92	684	SEA
840	92	670	SEA
847	92	781	SEA
853	92	660	SEA
859	92	143	SEA
863	92	168	SEA
871	92	939	SEA
876	92	589	SEA
887	92	708	SEA
889	92	638	SEA
893	92	684	SEA
895	92	697	SEA
901	92	239	SEA
908	92	148	SEA
918	92	23	SEA
920	92	18	SEA
922	92	34	SEA
923	92	656	SEA
924	92	703	SEA
926	92	768	SEA
932	92	804	SEA
933	92	772	SEA
936	92	783	SEA
937	92	761	SEA
940	92	741	SEA
941	92	776	SEA
943	92	726	SEA
944	92	715	SEA
950	92	299	SEA
952	92	179	SEA
953	92	139	SEA
965	92	202	SEA
967	92	137	SEA
972	92	652	SEA
986	92	773	SEA
987	92	737	SEA
989	92	793	SEA
992	92	194	SEA
1000	92	247	SEA
1006	92	768	SEA
1007	92	768	SEA
1008	92	777	SEA
1010	92	170	SEA
1013	92	159	SEA
1014	92	134	SEA
1016	92	164	SEA
1019	92	209	SEA
1023	92	305	SEA
1026	92	373	SEA
1028	92	520	SEA
1033	92	503	SEA
1037	92	714	SEA
1040	92	716	SEA
1042	92	732	SEA
1048	92	322	SEA
1049	92	354	SEA
1051	92	270	SEA
1053	92	326	SEA
1057	92	720	SEA
1059	92	835	SEA
1063	92	43	SEA
1064	92	139	SEA
1067	92	287	SEA
1069	92	307	SEA
1071	92	331	SEA
1074	92	293	SEA
1075	92	330	SEA
1090	92	325	SEA
1093	92	567	SEA
1099	92	533	SEA
1103	92	642	SEA
1105	92	659	SEA
1108	92	438	SEA
1112	92	302	SEA
1119	92	277	SEA
1127	92	324	SEA
1130	92	453	SEA
1132	92	420	SEA
1136	92	678	SEA
1140	92	747	SEA
1146	92	247	SEA
1149	92	301	SEA
1153	92	320	SEA
1154	92	331	SEA
1157	92	358	SEA
1164	92	398	SEA
1168	92	475	SEA
1181	92	540	SEA
1183	92	608	SEA
1188	92	670	SEA
1190	92	592	SEA
1200	92	713	SEA
1205	92	624	SEA
1209	92	644	SEA
1210	92	644	SEA
1214	92	625	SEA
1228	92	578	SEA
1239	92	743	SEA
1240	92	764	SEA
1243	92	768	SEA
1248	92	586	SEA
1252	92	839	SEA
1255	92	861	SEA
1256	92	856	SEA
1257	92	856	SEA
1264	92	640	SEA
1265	92	666	SEA
1275	92	821	SEA
1278	92	806	SEA
1279	92	806	SEA
1280	92	792	SEA
1284	92	764	SEA
