363	106	480	SEA
363	147	720	SEA
363	185	713	SEA
363	74	769	SEA
385	105	447	SEA
385	106	504	SEA
385	147	442	SEA
385	166	926	SEA
385	185	1020	SEA
385	74	1444	SEA
408	105	444	SEA
408	106	765	SEA
408	14	252	SEA
408	147	780	SEA
408	166	660	SEA
408	185	1020	SEA
408	74	740	SEA
409	105	393	SDA
409	106	747	SEA
409	14	242	SEA
409	147	735	SEA
409	166	615	SEA
409	185	999	SEA
409	74	743	SEA
421	105	447	SEA
421	106	850	SEA
421	14	337	SEA
421	147	615	SEA
421	166	119	SEA
421	185	1020	SEA
421	74	825	SEA
422	105	1061	SEA
422	106	797	SEA
422	14	357	SEA
422	147	646	SEA
422	166	124	SEA
422	185	1020	SEA
422	74	823	SEA
435	105	945	SEA
435	106	794	SEA
435	14	591	SEA
435	147	293	SEA
435	166	1014	SEA
435	185	928	SEA
435	74	884	SEA
439	105	1065	SEA
439	106	741	SEA
439	14	704	SEA
439	147	669	SEA
439	166	969	SEA
439	185	780	SEA
439	74	418	SEA
448	105	900	SEA
448	106	755	SEA
448	14	73	SEA
448	147	754	SEA
448	166	131	SEA
448	185	598	SEA
448	74	270	SEA
458	105	637	SEA
458	106	847	SEA
458	14	607	SEA
458	147	616	SEA
458	166	28	SEA
458	185	590	SEA
458	74	187	SEA
463	105	579	SEA
463	106	931	SEA
463	14	382	SEA
463	147	668	SEA
463	166	57	SEA
463	185	636	SEA
463	74	326	SEA
494	105	782	SDA
494	106	617	SEA
494	14	932	SEA
494	147	831	SEA
494	166	857	SEA
494	185	493	SEA
494	74	445	SEA
529	105	1516	SEA
529	14	80	SEA
529	147	273	SEA
529	166	402	SEA
529	185	845	SEA
529	74	100	SEA
543	105	8	SEA
543	106	665	SEA
543	14	125	SEA
543	147	535	SEA
543	166	124	SDA
543	185	21	SEA
543	74	229	SEA
549	105	167	SEA
549	106	766	SEA
549	14	1299	SEA
549	147	493	SEA
549	166	144	SEA
549	185	659	SEA
549	74	402	SEA
554	105	255	SEA
554	106	766	SEA
554	14	116	SEA
554	147	446	SEA
554	166	121	SEA
554	185	474	SEA
554	74	355	SEA
568	105	41	SEA
568	106	806	SEA
568	14	10	SEA
568	147	638	SEA
568	166	486	SEA
568	185	299	SEA
568	74	525	SEA
593	105	901	SEA
593	106	414	SEA
593	14	509	SEA
593	147	522	SEA
593	166	858	SEA
593	185	153	SEA
593	74	507	SEA
606	105	307	SEA
606	106	353	SEA
606	14	184	SEA
606	147	251	SEA
606	166	449	SEA
606	185	1242	SEA
606	74	638	SEA
607	105	247	SEA
607	106	158	SEA
607	14	235	SEA
607	147	83	SEA
607	166	389	SEA
607	185	1303	SEA
607	74	519	SEA
629	105	199	SEA
629	106	789	SEA
629	14	1375	SEA
629	147	349	SEA
629	166	629	SEA
629	185	539	SEA
629	74	498	SEA
637	105	634	SEA
637	106	1308	SEA
637	14	1415	SEA
637	147	441	SEA
637	166	444	SEA
637	185	507	SEA
637	74	431	SEA
694	105	38	SEA
694	106	784	SEA
694	14	591	SEA
694	147	711	SEA
694	166	311	SEA
694	185	734	SEA
694	74	839	SEA
710	105	1158	SEA
710	106	914	SEA
710	14	486	SEA
710	147	862	SEA
710	166	691	SEA
710	185	890	SEA
710	74	711	SEA
718	105	799	SEA
718	106	339	SEA
718	14	833	SEA
718	147	1003	SEA
718	166	962	SEA
718	185	1142	SEA
718	74	689	SEA
727	105	692	SEA
727	106	237	SEA
727	14	999	SEA
727	147	189	SEA
727	166	76	SEA
727	185	872	SEA
727	74	634	SEA
729	105	618	SEA
729	106	277	SEA
729	14	1101	SEA
729	147	162	SEA
729	166	101	SEA
729	185	821	SEA
729	74	687	SEA
751	105	336	SEA
751	106	109	SEA
751	14	99	SEA
751	147	230	SEA
751	166	1636	SEA
751	185	304	SEA
751	74	722	SEA
757	105	1151	SEA
757	106	1612	SEA
757	14	724	SEA
757	147	912	SEA
757	166	1547	SEA
757	185	421	SEA
757	74	538	SEA
760	105	1251	SEA
760	106	1631	SEA
760	14	1191	SEA
760	147	1078	SEA
760	166	1630	SEA
760	185	792	SEA
760	74	485	SEA
765	105	1321	SEA
765	106	886	SEA
765	14	1210	SEA
765	147	310	SEA
765	166	599	SEA
765	185	684	SEA
765	74	437	SEA
768	105	230	SEA
768	106	954	SEA
768	14	1307	SEA
768	147	230	SEA
768	166	507	SEA
768	185	808	SEA
768	74	584	SEA
770	105	192	SEA
770	106	913	SEA
770	14	1100	SEA
770	147	282	SEA
770	166	539	SEA
770	185	751	SEA
770	74	626	SEA
771	105	223	SEA
771	106	974	SEA
771	14	1082	SEA
771	147	266	SEA
771	166	612	SEA
771	185	768	SEA
771	74	632	SEA
772	105	223	SEA
772	106	974	SEA
772	14	1082	SEA
772	147	266	SEA
772	166	612	SEA
772	185	768	SEA
772	74	632	SEA
774	105	183	SEA
774	106	971	SEA
774	14	1036	SEA
774	147	326	SEA
774	166	587	SEA
774	185	1159	SEA
774	74	314	SEA
778	105	142	SEA
778	106	899	SEA
778	14	1023	SEA
778	147	200	SEA
778	166	650	SEA
778	185	1108	SEA
778	74	366	SEA
791	105	53	SDA
791	106	858	SEA
791	14	910	SEA
791	147	307	SEA
791	166	886	SEA
791	185	960	SEA
791	74	667	SDA
798	105	718	SEA
798	106	861	SEA
798	14	1468	SEA
798	147	712	SEA
798	166	838	SEA
798	185	847	SEA
798	74	377	SEA
801	105	774	SEA
801	106	847	SEA
801	14	1461	SEA
801	147	360	SEA
801	166	723	SEA
801	185	897	SEA
801	74	327	SEA
804	105	818	SEA
804	106	870	SEA
804	14	1375	SEA
804	147	280	SEA
804	166	867	SEA
804	185	960	SEA
804	74	222	SDA
808	105	1012	SEA
808	106	1068	SEA
808	14	1254	SEA
808	147	348	SEA
808	166	823	SEA
808	185	960	SEA
808	74	896	SEA
810	105	964	SEA
810	106	1119	SEA
810	14	505	SEA
810	147	457	SEA
810	166	895	SEA
810	185	959	SEA
810	74	179	SEA
819	105	950	SEA
819	106	1300	SEA
819	14	555	SEA
819	147	318	SEA
819	166	1324	SEA
819	185	948	SEA
819	74	310	SEA
834	105	389	SEA
834	106	370	SEA
834	14	605	SEA
834	147	114	SEA
834	166	925	SDA
834	185	840	SEA
834	74	551	SEA
840	105	337	SEA
840	106	392	SEA
840	14	593	SEA
840	147	132	SEA
840	166	856	SEA
840	185	839	SEA
840	74	551	SEA
847	105	425	SDA
847	106	680	SEA
847	14	914	SEA
847	147	17	SEA
847	166	1029	SEA
847	185	820	SEA
847	74	344	SEA
853	105	1895	SDA
853	106	915	SEA
853	14	1667	SEA
853	147	12	SEA
853	166	980	SEA
853	185	900	SEA
853	74	512	SDA
859	105	1881	SDA
859	106	962	SEA
859	14	1578	SEA
859	147	15	SEA
859	166	1087	SEA
859	185	783	SEA
859	74	381	SEA
863	105	572	SEA
863	106	1135	SEA
863	14	1503	SEA
863	147	655	SEA
863	166	1117	SEA
863	185	769	SEA
863	74	225	SEA
871	105	461	SDA
871	106	1413	SEA
871	14	447	SEA
871	147	380	SEA
871	166	1635	SEA
871	185	582	SEA
871	74	532	SEA
876	105	497	SEA
876	106	6	SEA
876	14	520	SEA
876	147	680	SEA
876	166	1634	SEA
876	185	551	SEA
876	74	387	SEA
887	105	454	SDA
887	106	9	SEA
887	14	457	SEA
887	147	965	SEA
887	185	399	SEA
887	74	486	SEA
889	105	535	SDA
889	106	39	SEA
889	14	466	SEA
889	147	948	SEA
889	185	422	SEA
889	74	489	SEA
893	105	363	SEA
893	106	5	SEA
893	14	1970	SEA
893	147	1030	SEA
893	166	1229	SEA
893	185	576	SEA
893	74	675	SEA
895	105	286	SEA
895	106	8	SEA
895	14	1973	SEA
895	147	766	SEA
895	166	1238	SEA
895	185	561	SEA
895	74	994	SEA
901	105	1112	SDA
901	106	894	SEA
901	14	1791	SEA
901	147	661	SEA
901	166	1154	SEA
901	185	591	SEA
901	74	415	SEA
908	105	559	SEA
908	106	313	SEA
908	14	182	SEA
908	147	800	SEA
908	166	1192	SEA
908	185	518	SEA
908	74	741	SEA
918	105	760	SDA
918	106	283	SEA
918	14	247	SEA
918	147	1365	SEA
918	166	899	SEA
918	185	750	SEA
918	74	384	SEA
920	105	798	SDA
920	106	1504	SEA
920	14	118	SEA
920	147	1434	SEA
920	166	888	SEA
920	185	660	SEA
920	74	478	SEA
922	105	621	SDA
922	106	1497	SEA
922	14	66	SEA
922	147	12	SEA
922	166	862	SEA
922	185	599	SEA
922	74	473	SEA
923	105	713	SEA
923	106	1470	SEA
923	14	96	SEA
923	147	8	SEA
923	166	864	SEA
923	185	578	SEA
923	74	535	SEA
924	105	632	SEA
924	106	254	SEA
924	14	49	SEA
924	147	4	SEA
924	166	897	SEA
924	185	573	SEA
924	74	283	SEA
926	105	705	SEA
926	106	195	SEA
926	14	138	SEA
926	147	4	SEA
926	166	814	SEA
926	185	515	SEA
926	74	283	SEA
932	105	792	SEA
932	106	105	SEA
932	14	1548	SEA
932	147	22	SEA
932	166	918	SDA
932	185	603	SEA
932	74	542	SEA
933	105	757	SEA
933	106	149	SEA
933	14	1497	SEA
933	147	53	SEA
933	166	923	SDA
933	185	667	SEA
933	74	525	SEA
936	105	758	SDA
936	106	99	SEA
936	14	1568	SEA
936	147	106	SEA
936	166	1113	SEA
936	185	621	SEA
936	74	495	SEA
937	105	705	SDA
937	106	138	SEA
937	14	1698	SEA
937	147	112	SEA
937	166	1103	SEA
937	185	706	SEA
937	74	403	SEA
940	105	659	SDA
940	106	116	SEA
940	14	1684	SEA
940	147	207	SEA
940	166	1083	SEA
940	185	687	SEA
940	74	560	SEA
941	105	630	SDA
941	106	143	SEA
941	14	1643	SEA
941	147	191	SEA
941	166	1069	SEA
941	185	520	SEA
941	74	485	SEA
943	105	729	SDA
943	106	96	SEA
943	14	1685	SEA
943	147	127	SEA
943	166	958	SEA
943	185	478	SEA
943	74	450	SEA
944	105	664	SDA
944	106	46	SEA
944	14	1657	SEA
944	147	1042	SEA
944	166	930	SEA
944	185	822	SEA
944	74	436	SEA
950	105	1066	SEA
950	106	104	SEA
950	14	785	SEA
950	147	1166	SEA
950	166	1465	SEA
950	185	855	SEA
950	74	430	SEA
952	105	1141	SEA
952	106	221	SEA
952	14	833	SEA
952	147	1133	SEA
952	166	1513	SEA
952	185	780	SEA
952	74	322	SEA
953	105	1111	SEA
953	106	691	SEA
953	14	839	SEA
953	147	1146	SEA
953	166	1503	SEA
953	185	780	SEA
953	74	284	SEA
965	105	197	SEA
965	106	393	SEA
965	14	676	SEA
965	147	311	SEA
965	166	1481	SEA
965	185	640	SEA
965	74	329	SEA
967	105	176	SEA
967	106	367	SEA
967	14	724	SEA
967	147	264	SEA
967	166	83	SEA
967	185	720	SEA
967	74	256	SEA
972	105	757	SEA
972	106	953	SEA
972	14	1213	SEA
972	147	289	SEA
972	166	16	SEA
972	185	633	SEA
972	74	356	SDA
986	105	425	SEA
986	106	268	SEA
986	14	841	SEA
986	147	512	SEA
986	166	102	SEA
986	185	650	SEA
986	74	522	SEA
987	105	495	SEA
987	106	186	SEA
987	14	867	SEA
987	147	525	SEA
987	166	49	SEA
987	185	657	SEA
987	74	449	SEA
989	105	483	SEA
989	106	205	SEA
989	14	830	SEA
989	147	473	SEA
989	166	416	SEA
989	185	602	SEA
989	74	366	SEA
992	105	477	SEA
992	106	175	SEA
992	14	920	SEA
992	147	459	SEA
992	166	624	SEA
992	185	720	SEA
992	74	406	SEA
1000	105	338	SEA
1000	106	164	SEA
1000	14	904	SEA
1000	147	1089	SEA
1000	166	723	SEA
1000	185	665	SEA
1000	74	360	SEA
1006	105	984	SEA
1006	106	111	SEA
1006	14	376	SEA
1006	147	7	SEA
1006	166	590	SEA
1006	185	731	SEA
1006	74	608	SEA
1007	105	984	SEA
1007	106	111	SEA
1007	14	376	SEA
1007	147	7	SEA
1007	166	590	SEA
1007	185	731	SEA
1007	74	608	SEA
1008	105	925	SEA
1008	106	199	SEA
1008	14	380	SEA
1008	147	10	SEA
1008	166	607	SEA
1008	185	768	SEA
1008	74	648	SEA
1010	105	567	SEA
1010	106	1006	SEA
1010	14	467	SEA
1010	147	12	SEA
1010	166	559	SEA
1010	185	793	SEA
1010	74	575	SEA
1013	105	537	SEA
1013	106	703	SEA
1013	14	404	SEA
1013	147	54	SEA
1013	166	535	SEA
1013	185	720	SEA
1013	74	193	SEA
1014	105	542	SEA
1014	106	634	SEA
1014	14	367	SEA
1014	147	26	SEA
1014	166	474	SDA
1014	185	720	SEA
1014	74	277	SEA
1016	105	557	SEA
1016	106	617	SEA
1016	14	949	SEA
1016	147	10	SEA
1016	166	494	SDA
1016	185	719	SEA
1016	74	364	SEA
1019	105	498	SEA
1019	106	571	SEA
1019	14	936	SEA
1019	147	9	SEA
1019	166	467	SDA
1019	185	599	SEA
1019	74	306	SEA
1023	105	1018	SEA
1023	106	496	SEA
1023	14	907	SEA
1023	147	414	SEA
1023	166	1093	SEA
1023	185	580	SEA
1023	74	266	SEA
1026	105	1015	SEA
1026	106	247	SEA
1026	14	848	SEA
1026	147	343	SEA
1026	166	1006	SEA
1026	185	621	SEA
1026	74	208	SEA
1028	105	812	SDA
1028	106	266	SEA
1028	14	886	SEA
1028	147	315	SEA
1028	166	506	SEA
1028	185	912	SEA
1028	74	179	SEA
1033	105	817	SDA
1033	106	303	SEA
1033	14	956	SEA
1033	147	429	SEA
1033	166	388	SEA
1033	185	842	SEA
1033	74	415	SEA
1037	105	770	SDA
1037	106	261	SEA
1037	14	1111	SEA
1037	147	541	SEA
1037	166	377	SEA
1037	185	791	SEA
1037	74	602	SEA
1040	105	665	SDA
1040	106	884	SDA
1040	14	1244	SEA
1040	147	111	SEA
1040	166	372	SEA
1040	185	840	SEA
1040	74	642	SEA
1042	105	705	SDA
1042	106	782	SDA
1042	14	1197	SEA
1042	147	54	SEA
1042	166	445	SEA
1042	185	840	SEA
1042	74	522	SEA
1048	105	627	SDA
1048	106	763	SDA
1048	14	356	SEA
1048	147	1155	SEA
1048	166	1238	SEA
1048	185	859	SEA
1048	74	740	SEA
1049	105	651	SDA
1049	106	720	SEA
1049	14	406	SEA
1049	147	1147	SEA
1049	166	1201	SEA
1049	185	954	SEA
1049	74	377	SEA
1051	105	519	SDA
1051	106	254	SEA
1051	14	504	SEA
1051	147	131	SDA
1051	166	1176	SEA
1051	185	920	SEA
1051	74	426	SEA
1053	105	507	SDA
1053	106	255	SEA
1053	14	508	SEA
1053	147	189	SDA
1053	166	1152	SEA
1053	185	840	SEA
1053	74	401	SEA
1057	105	764	SDA
1057	106	404	SEA
1057	14	554	SEA
1057	147	188	SDA
1057	166	653	SEA
1057	185	839	SEA
1057	74	404	SEA
1059	105	776	SDA
1059	106	387	SEA
1059	14	519	SEA
1059	147	162	SEA
1059	166	756	SEA
1059	185	794	SEA
1059	74	440	SDA
1063	105	754	SDA
1063	106	1129	SEA
1063	14	619	SEA
1063	147	196	SEA
1063	166	692	SEA
1063	185	632	SEA
1063	74	444	SDA
1064	105	859	SDA
1064	106	1147	SEA
1064	14	481	SEA
1064	147	182	SEA
1064	166	686	SEA
1064	185	702	SEA
1064	74	394	SEA
1067	105	826	SDA
1067	106	1205	SEA
1067	14	927	SEA
1067	147	817	SEA
1067	166	653	SEA
1067	185	662	SEA
1067	74	512	SEA
1069	105	918	SDA
1069	106	58	SDA
1069	14	853	SEA
1069	147	78	SDA
1069	166	621	SEA
1069	185	628	SEA
1069	74	559	SEA
1071	105	838	SEA
1071	106	138	SDA
1071	14	879	SEA
1071	147	125	SDA
1071	166	592	SEA
1071	185	558	SEA
1071	74	481	SEA
1074	105	863	SDA
1074	106	100	SDA
1074	14	634	SEA
1074	147	129	SEA
1074	166	619	SEA
1074	185	571	SEA
1074	74	433	SEA
1075	105	866	SDA
1075	106	2	SEA
1075	14	655	SEA
1075	147	163	SEA
1075	166	607	SEA
1075	185	587	SEA
1075	74	363	SEA
1090	105	679	SDA
1090	106	2	SEA
1090	14	448	SEA
1090	147	436	SEA
1090	166	1176	SDA
1090	185	165	SEA
1090	74	542	SEA
1093	105	586	SDA
1093	106	792	SEA
1093	14	692	SEA
1093	147	437	SEA
1093	166	1130	SDA
1093	185	300	SEA
1093	74	437	SEA
1099	105	721	SDA
1099	106	838	SEA
1099	14	662	SEA
1099	147	629	SEA
1099	166	883	SEA
1099	185	398	SEA
1099	74	528	SDA
1103	105	633	SEA
1103	106	897	SEA
1103	14	962	SEA
1103	147	616	SEA
1103	166	885	SEA
1103	185	602	SEA
1103	74	427	SEA
1105	105	685	SEA
1105	106	783	SEA
1105	14	1032	SEA
1105	147	563	SEA
1105	166	880	SEA
1105	185	503	SEA
1105	74	392	SEA
1108	105	614	SEA
1108	106	746	SEA
1108	14	1223	SEA
1108	147	605	SEA
1108	166	840	SEA
1108	185	765	SEA
1108	74	453	SEA
1112	105	552	SDA
1112	106	286	SDA
1112	14	1208	SEA
1112	147	475	SEA
1112	166	872	SEA
1112	185	786	SEA
1112	74	373	SEA
1119	105	1062	SDA
1119	106	296	SEA
1119	14	1350	SEA
1119	147	864	SEA
1119	166	1638	SEA
1119	185	1142	SEA
1119	74	701	SEA
1127	105	314	SDA
1127	106	811	SEA
1127	14	949	SEA
1127	147	283	SDA
1127	166	1616	SEA
1127	185	1080	SEA
1127	74	679	SEA
1130	105	238	SDA
1130	106	784	SDA
1130	14	878	SEA
1130	147	275	SDA
1130	166	209	SDA
1130	185	1080	SEA
1130	74	599	SEA
1132	105	259	SDA
1132	106	795	SDA
1132	14	856	SEA
1132	147	205	SEA
1132	166	194	SDA
1132	185	1080	SEA
1132	74	643	SEA
1136	105	284	SDA
1136	106	845	SDA
1136	14	918	SEA
1136	147	260	SEA
1136	166	378	SDA
1136	185	1080	SEA
1136	74	598	SEA
1140	105	319	SEA
1140	106	701	SDA
1140	14	1002	SEA
1140	147	258	SEA
1140	166	382	SDA
1140	185	1021	SEA
1140	74	572	SEA
1146	105	821	SDA
1146	106	1505	SDA
1146	14	1096	SEA
1146	147	468	SEA
1146	166	260	SDA
1146	185	984	SEA
1146	74	571	SEA
1149	105	879	SDA
1149	106	1563	SDA
1149	14	1209	SEA
1149	147	1004	SEA
1149	166	164	SDA
1149	185	1020	SEA
1149	74	692	SEA
1153	105	551	SDA
1153	106	1381	SDA
1153	14	1214	SEA
1153	147	395	SDA
1153	166	578	SEA
1153	185	1020	SEA
1153	74	633	SEA
1154	105	569	SDA
1154	106	1419	SDA
1154	14	1241	SEA
1154	147	369	SEA
1154	166	615	SEA
1154	185	1020	SEA
1154	74	673	SEA
1157	105	519	SDA
1157	106	1381	SDA
1157	14	1258	SEA
1157	147	341	SEA
1157	166	1141	SEA
1157	185	978	SEA
1157	74	693	SEA
1164	105	396	SDA
1164	106	1156	SEA
1164	14	1182	SEA
1164	147	285	SEA
1164	166	1046	SDA
1164	185	959	SEA
1164	74	747	SEA
1168	105	737	SEA
1168	106	1247	SEA
1168	14	192	SDA
1168	147	275	SEA
1168	166	133	SEA
1168	185	1019	SEA
1168	74	714	SEA
1181	105	954	SDA
1181	106	266	SDA
1181	14	334	SDA
1181	147	116	SEA
1181	166	218	SEA
1181	185	739	SEA
1181	74	671	SEA
1183	105	1153	SDA
1183	106	234	SDA
1183	14	1422	SEA
1183	147	172	SEA
1183	166	125	SEA
1183	185	868	SEA
1183	74	672	SEA
1188	105	640	SEA
1188	106	84	SDA
1188	14	194	SEA
1188	147	174	SEA
1188	166	840	SEA
1188	185	1080	SEA
1188	74	644	SEA
1190	105	626	SEA
1190	106	77	SDA
1190	14	219	SEA
1190	147	166	SEA
1190	166	811	SEA
1190	185	1079	SEA
1190	74	642	SEA
1200	105	716	SEA
1200	106	30	SEA
1200	14	270	SEA
1200	147	156	SEA
1200	166	22	SEA
1200	185	1024	SEA
1200	74	812	SEA
1205	105	865	SDA
1205	106	583	SEA
1205	14	210	SEA
1205	147	1023	SEA
1205	166	15	SEA
1205	185	1080	SEA
1205	74	804	SEA
1209	105	758	SEA
1209	106	574	SEA
1209	14	244	SEA
1209	147	1051	SEA
1209	166	24	SEA
1209	185	1187	SEA
1209	74	882	SEA
1210	105	709	SEA
1210	106	583	SEA
1210	14	194	SEA
1210	147	405	SEA
1210	166	1164	SEA
1210	185	1126	SEA
1210	74	958	SEA
1214	105	797	SDA
1214	106	559	SEA
1214	14	426	SEA
1214	147	440	SEA
1214	166	862	SEA
1214	185	1158	SEA
1214	74	778	SEA
1228	105	872	SEA
1228	106	531	SEA
1228	14	649	SEA
1228	147	245	SEA
1228	166	737	SEA
1228	185	1052	SEA
1228	74	844	SEA
1239	105	1081	SEA
1239	106	631	SEA
1239	14	342	SEA
1239	147	301	SEA
1239	166	732	SEA
1239	185	960	SEA
1239	74	1032	SEA
1240	105	1087	SEA
1240	106	624	SEA
1240	14	1074	SEA
1240	147	877	SEA
1240	166	767	SEA
1240	185	1220	SEA
1240	74	1045	SEA
1243	105	479	SEA
1243	106	681	SEA
1243	14	973	SEA
1243	147	850	SEA
1243	166	798	SEA
1243	185	1196	SEA
1243	74	1068	SEA
1248	105	523	SEA
1248	106	1079	SEA
1248	14	682	SEA
1248	147	604	SEA
1248	166	750	SEA
1248	185	1105	SEA
1248	74	660	SEA
1252	105	611	SEA
1252	106	1050	SDA
1252	14	848	SEA
1252	147	621	SEA
1252	166	739	SEA
1252	185	900	SEA
1252	74	52	SEA
1255	105	709	SEA
1255	106	1160	SDA
1255	14	845	SEA
1255	147	634	SEA
1255	166	704	SEA
1255	185	900	SEA
1255	74	666	SEA
1257	105	712	SEA
1257	106	1122	SDA
1257	14	863	SEA
1257	147	526	SEA
1257	166	701	SEA
1257	185	900	SEA
1257	74	626	SEA
1264	105	888	SEA
1264	106	18	SEA
1264	14	379	SEA
1264	147	495	SEA
1264	166	687	SEA
1264	185	842	SEA
1264	74	418	SEA
1265	105	845	SEA
1265	106	35	SEA
1265	14	441	SEA
1265	147	486	SEA
1265	166	735	SEA
1265	185	779	SEA
1265	74	489	SEA
1275	105	925	SEA
1275	106	16	SEA
1275	14	1215	SEA
1275	147	445	SEA
1275	166	1498	SEA
1275	185	840	SEA
1275	74	627	SEA
1278	105	959	SEA
1278	106	1255	SEA
1278	14	1267	SEA
1278	147	413	SEA
1278	166	1479	SEA
1278	185	833	SEA
1278	74	543	SEA
1279	105	959	SEA
1279	106	1255	SEA
1279	14	1267	SEA
1279	147	413	SEA
1279	166	1479	SEA
1279	185	833	SEA
1279	74	543	SEA
1280	105	958	SEA
1280	106	1245	SEA
1280	14	1234	SEA
1280	147	515	SEA
1280	166	1428	SEA
1280	185	803	SEA
1280	74	526	SEA
1284	105	695	SEA
1284	106	1204	SEA
1284	14	1115	SEA
1284	147	232	SEA
1284	166	621	SEA
1284	185	780	SEA
1284	74	478	SEA
1295	105	804	SEA
1295	106	1250	SEA
1295	14	963	SEA
1295	147	497	SEA
1295	166	708	SEA
1295	185	821	SEA
1295	74	526	SEA
1296	105	804	SEA
1296	106	1250	SEA
1296	14	963	SEA
1296	147	497	SEA
1296	166	708	SEA
1296	185	821	SEA
1296	74	526	SEA
1301	105	564	SDA
1301	106	745	SDA
1301	14	911	SEA
1301	147	518	SEA
1301	166	696	SEA
1301	185	780	SEA
1301	74	612	SEA
1306	105	475	SEA
1306	106	819	SDA
1306	14	836	SEA
1306	147	548	SEA
1306	166	524	SEA
1306	185	721	SEA
1306	74	511	SEA
1308	105	447	SEA
1308	106	773	SDA
1308	14	949	SEA
1308	147	527	SEA
1308	166	559	SEA
1308	185	792	SEA
1308	74	409	SEA
1312	105	352	SEA
1312	106	762	SDA
1312	14	1052	SEA
1312	147	908	SEA
1312	166	561	SEA
1312	185	760	SEA
1312	74	347	SEA
1319	105	590	SEA
1319	106	775	SEA
1319	14	1049	SEA
1319	147	957	SEA
1319	166	1088	SEA
1319	185	825	SEA
1319	74	576	SEA
