363	154	776	SEA
363	197	883	SEA
363	198	374	SEA
363	201	203	SEA
408	154	706	SEA
408	197	384	SEA
408	198	375	SEA
408	201	468	SDA
408	97	644	SEA
409	154	698	SEA
409	197	420	SEA
409	198	446	SEA
409	201	435	SDA
409	97	638	SEA
421	154	791	SEA
421	197	862	SEA
421	198	455	SEA
421	201	624	SEA
421	97	557	SEA
422	154	764	SEA
422	197	826	SEA
422	198	476	SEA
422	201	679	SEA
422	97	524	SEA
435	154	1359	SEA
435	197	89	SEA
435	198	397	SEA
435	201	117	SEA
435	97	894	SEA
439	154	1549	SEA
439	197	27	SEA
439	198	377	SEA
439	201	53	SDA
439	97	1150	SEA
448	154	206	SEA
448	197	973	SEA
448	198	512	SEA
448	201	109	SEA
448	97	947	SEA
458	154	8	SEA
458	197	364	SDA
458	198	488	SEA
458	201	283	SEA
458	97	1940	SEA
463	154	21	SEA
463	197	278	SEA
463	198	668	SEA
463	201	673	SEA
463	97	1961	SEA
494	154	407	SEA
494	197	1750	SDA
494	198	717	SEA
494	201	1071	SEA
494	97	1195	SEA
507	154	164	SEA
507	197	582	SEA
507	198	76	SEA
507	201	587	SDA
507	97	669	SEA
520	154	181	SEA
520	197	355	SEA
520	198	977	SEA
520	201	807	SDA
520	97	554	SEA
543	154	2	SEA
543	197	373	SEA
543	198	1572	SEA
543	201	809	SDA
543	97	1114	SEA
549	154	16	SEA
549	197	1144	SEA
549	198	1133	SEA
549	201	1063	SDA
549	97	1054	SEA
554	154	13	SEA
554	197	152	SEA
554	198	766	SEA
554	201	418	SEA
554	97	455	SEA
568	154	1	SEA
568	197	57	SEA
568	198	1123	SEA
568	201	323	SEA
568	97	273	SEA
593	154	410	SEA
593	197	1	SEA
593	198	1076	SEA
593	201	442	SEA
593	97	1012	SEA
606	154	682	SEA
606	197	588	SEA
606	198	1518	SEA
606	201	42	SEA
606	97	386	SEA
607	154	139	SEA
607	197	537	SEA
607	198	165	SEA
607	201	174	SEA
607	97	372	SEA
629	154	597	SDA
629	197	1317	SEA
629	198	142	SEA
629	201	875	SEA
629	97	94	SEA
637	154	578	SDA
637	197	6	SDA
637	198	410	SEA
637	201	130	SEA
637	97	618	SEA
654	154	403	SEA
654	197	208	SEA
654	198	1174	SEA
654	201	51	SEA
654	97	1424	SEA
694	197	645	SEA
694	198	521	SEA
694	201	181	SEA
694	97	1149	SEA
710	154	1666	SDA
710	197	7	SEA
710	198	780	SEA
710	201	989	SDA
710	97	1023	SEA
718	197	32	SEA
718	198	594	SEA
718	201	1340	SEA
718	97	930	SEA
727	197	8	SEA
727	198	1371	SEA
727	201	379	SEA
727	97	1446	SEA
729	197	22	SEA
729	198	1299	SEA
729	201	368	SEA
729	97	1455	SEA
751	197	22	SEA
751	198	529	SEA
751	201	848	SEA
751	97	327	SEA
757	197	548	SEA
757	198	254	SEA
757	201	158	SEA
757	97	240	SEA
759	197	583	SEA
759	198	259	SEA
759	201	191	SDA
759	97	221	SEA
760	197	638	SEA
760	198	806	SEA
760	201	199	SDA
760	97	213	SEA
765	197	658	SEA
765	198	874	SEA
765	201	207	SEA
765	97	1519	SEA
768	197	1349	SEA
768	198	831	SEA
768	201	1141	SEA
768	97	1000	SEA
770	197	1343	SEA
770	198	837	SEA
770	201	82	SEA
770	97	1126	SEA
771	197	1391	SEA
771	198	787	SEA
771	201	39	SEA
771	97	1077	SEA
772	197	1391	SEA
772	198	787	SEA
772	201	39	SEA
772	97	1077	SEA
774	197	1375	SEA
774	198	802	SEA
774	201	213	SEA
774	97	1048	SEA
778	197	1321	SEA
778	198	734	SEA
778	201	480	SDA
778	97	996	SEA
791	154	1589	SEA
791	197	1186	SEA
791	198	666	SEA
791	201	1091	SEA
791	97	1121	SEA
798	154	153	SEA
798	197	1201	SEA
798	198	643	SEA
798	201	381	SEA
798	97	20	SEA
801	154	12	SEA
801	197	1183	SEA
801	198	619	SEA
801	201	452	SEA
801	97	22	SEA
804	154	1031	SEA
804	197	1209	SEA
804	198	541	SEA
804	201	572	SDA
804	97	10	SEA
808	154	979	SDA
808	197	1517	SEA
808	198	957	SEA
808	201	428	SDA
808	97	91	SEA
810	154	996	SDA
810	197	1542	SEA
810	198	990	SEA
810	201	420	SDA
819	154	26	SEA
819	197	1465	SEA
819	198	443	SEA
819	201	656	SEA
819	97	1708	SEA
834	154	380	SEA
834	197	384	SEA
834	198	980	SEA
834	201	612	SEA
834	97	872	SEA
840	154	333	SEA
840	197	406	SEA
840	198	1101	SEA
840	201	664	SEA
840	97	965	SEA
847	154	372	SDA
847	197	554	SEA
847	198	1248	SEA
847	201	538	SDA
847	97	1056	SEA
853	154	484	SDA
853	198	560	SEA
853	201	609	SDA
853	97	1041	SEA
859	154	1231	SDA
859	198	651	SEA
859	201	249	SEA
859	97	561	SEA
863	154	1262	SDA
863	197	559	SEA
863	198	797	SEA
863	201	359	SEA
863	97	536	SEA
871	154	134	SEA
871	197	693	SEA
871	198	701	SEA
871	201	590	SEA
871	97	584	SEA
876	154	226	SEA
876	197	672	SEA
876	198	715	SEA
876	201	499	SEA
876	97	1032	SEA
887	154	1249	SEA
887	197	578	SEA
887	198	504	SEA
887	201	1209	SEA
887	97	464	SEA
889	197	654	SEA
889	198	503	SEA
889	201	1208	SEA
889	97	446	SEA
893	197	665	SEA
893	198	431	SEA
893	201	351	SEA
893	97	458	SEA
895	197	672	SEA
895	198	435	SEA
895	201	467	SEA
895	97	485	SEA
901	197	1372	SEA
901	198	895	SEA
901	201	678	SEA
901	97	430	SEA
908	154	2482	SDA
908	197	1394	SEA
908	198	681	SEA
908	201	440	SEA
908	97	348	SEA
918	154	457	SEA
918	197	786	SEA
918	198	535	SEA
918	201	467	SEA
918	97	1199	SEA
920	154	482	SEA
920	197	761	SEA
920	198	495	SEA
920	201	416	SDA
920	97	1186	SEA
922	154	509	SEA
922	197	858	SEA
922	198	477	SEA
922	201	378	SDA
922	97	1182	SEA
923	154	527	SEA
923	197	861	SEA
923	198	505	SEA
923	201	385	SDA
923	97	1226	SEA
924	154	478	SEA
924	197	925	SEA
924	198	474	SEA
924	201	427	SDA
924	97	1271	SEA
926	154	534	SEA
926	197	896	SEA
926	198	1058	SEA
926	201	497	SDA
926	97	1294	SEA
932	154	523	SEA
932	197	616	SDA
932	198	1137	SEA
932	201	437	SEA
932	97	375	SEA
933	154	523	SEA
933	197	602	SDA
933	198	1173	SEA
933	201	441	SEA
933	97	405	SEA
936	154	554	SDA
936	197	539	SDA
936	198	526	SEA
936	201	712	SEA
936	97	308	SDA
937	154	613	SDA
937	197	476	SDA
937	198	411	SEA
937	201	730	SEA
937	97	291	SDA
940	154	690	SDA
940	197	344	SDA
940	198	460	SEA
940	201	725	SEA
940	97	261	SEA
941	154	649	SDA
941	197	340	SDA
941	198	461	SEA
941	201	751	SEA
941	97	283	SEA
943	154	724	SDA
943	197	359	SDA
943	198	399	SEA
943	201	605	SEA
943	97	284	SEA
944	154	726	SDA
944	197	279	SDA
944	198	420	SEA
944	201	571	SDA
944	97	321	SDA
950	154	594	SDA
950	197	524	SEA
950	198	334	SEA
950	201	715	SEA
950	97	345	SEA
952	154	19	SEA
952	197	525	SEA
952	198	297	SEA
952	201	708	SEA
952	97	1192	SEA
953	154	1	SEA
953	197	517	SEA
953	198	292	SEA
953	201	594	SEA
953	97	1181	SEA
965	154	628	SDA
965	197	456	SEA
965	198	112	SEA
965	201	1163	SDA
965	97	1840	SEA
967	154	494	SEA
967	197	460	SEA
967	198	72	SEA
967	201	579	SEA
967	97	1900	SEA
972	154	1124	SDA
972	197	274	SEA
972	198	113	SEA
972	201	608	SEA
972	97	1887	SEA
986	154	317	SDA
986	197	77	SEA
986	198	456	SEA
986	201	801	SEA
986	97	959	SEA
987	154	339	SDA
987	197	71	SEA
987	198	474	SEA
987	201	848	SEA
987	97	960	SEA
989	154	247	SDA
989	197	62	SEA
989	198	542	SEA
989	201	744	SEA
989	97	916	SEA
992	154	228	SDA
992	197	199	SDA
992	198	254	SEA
992	201	733	SEA
992	97	891	SEA
1000	154	500	SEA
1000	197	532	SEA
1000	198	334	SEA
1000	201	1174	SEA
1000	97	996	SEA
1006	154	325	SEA
1006	197	354	SEA
1006	198	344	SEA
1006	201	829	SEA
1006	97	767	SEA
1007	154	325	SEA
1007	197	354	SEA
1007	198	344	SEA
1007	201	829	SEA
1007	97	767	SEA
1008	154	332	SEA
1008	197	347	SEA
1008	198	324	SEA
1008	201	842	SEA
1008	97	801	SEA
1010	154	622	SEA
1010	197	331	SEA
1010	198	285	SEA
1010	201	627	SEA
1010	97	817	SEA
1013	154	584	SEA
1013	197	586	SDA
1013	198	585	SEA
1013	201	586	SDA
1013	97	890	SEA
1014	154	516	SEA
1014	197	558	SDA
1014	198	109	SEA
1014	201	611	SDA
1014	97	899	SEA
1016	154	908	SEA
1016	197	964	SEA
1016	198	150	SEA
1016	201	555	SDA
1016	97	897	SEA
1019	154	884	SEA
1019	197	973	SEA
1019	198	166	SEA
1019	201	531	SDA
1019	97	437	SEA
1023	154	892	SEA
1023	197	1018	SDA
1023	198	157	SEA
1023	201	683	SDA
1023	97	387	SEA
1026	154	205	SDA
1026	197	535	SEA
1026	198	464	SEA
1026	201	704	SDA
1026	97	387	SEA
1028	154	111	SDA
1028	197	550	SEA
1028	198	487	SEA
1028	201	734	SDA
1028	97	333	SEA
1033	154	70	SDA
1033	197	639	SDA
1033	198	521	SEA
1033	201	708	SDA
1033	97	914	SEA
1037	154	21	SDA
1037	197	653	SDA
1037	198	518	SEA
1037	201	719	SDA
1037	97	897	SEA
1040	154	14	SDA
1040	197	670	SEA
1040	198	536	SEA
1040	201	658	SDA
1040	97	1126	SEA
1042	154	179	SDA
1042	197	1009	SEA
1042	198	582	SEA
1042	201	772	SDA
1042	97	1078	SEA
1048	154	328	SDA
1048	197	1092	SEA
1048	198	500	SEA
1048	201	786	SDA
1048	97	1101	SDA
1049	154	322	SDA
1049	197	1113	SEA
1049	198	542	SEA
1049	201	697	SDA
1049	97	1172	SDA
1051	154	294	SDA
1051	197	1102	SEA
1051	198	505	SEA
1051	201	628	SDA
1051	97	1163	SDA
1053	154	265	SDA
1053	197	1094	SEA
1053	198	500	SEA
1053	201	598	SDA
1053	97	1179	SDA
1057	154	297	SEA
1057	197	470	SDA
1057	198	518	SEA
1057	201	696	SDA
1057	97	271	SEA
1059	154	322	SEA
1059	197	484	SDA
1059	198	541	SEA
1059	201	437	SDA
1059	97	160	SEA
1063	154	37	SEA
1063	197	430	SDA
1063	198	355	SDA
1063	201	401	SDA
1063	97	182	SEA
1064	154	40	SEA
1064	197	451	SDA
1064	198	306	SDA
1064	201	425	SDA
1064	97	134	SDA
1067	154	656	SEA
1067	197	378	SDA
1067	198	257	SDA
1067	201	347	SDA
1067	97	178	SDA
1069	154	526	SEA
1069	197	355	SDA
1069	198	223	SDA
1069	201	295	SDA
1069	97	120	SDA
1071	154	814	SDA
1071	197	1202	SDA
1071	198	1019	SEA
1071	201	350	LSD
1071	97	776	SEA
1074	154	761	SDA
1074	197	1229	SEA
1074	198	168	SDA
1074	201	345	SDA
1074	97	810	SEA
1075	154	753	SDA
1075	197	1221	SEA
1075	198	184	SDA
1075	201	280	SDA
1075	97	890	SEA
1090	154	12	SDA
1090	197	321	SDA
1090	198	61	SDA
1090	201	561	SDA
1090	97	820	SEA
1093	154	816	SEA
1093	197	325	SDA
1093	198	814	SDA
1093	201	566	SEA
1093	97	838	SDA
1099	154	436	SDA
1099	197	243	SDA
1099	198	578	SDA
1099	201	385	SDA
1099	97	881	SEA
1103	154	429	SDA
1103	197	294	SEA
1103	198	622	SDA
1103	201	426	SEA
1103	97	368	SDA
1105	154	436	SDA
1105	197	282	SEA
1105	198	654	SDA
1105	201	644	SDA
1105	97	378	SDA
1108	154	439	SDA
1108	197	254	SEA
1108	198	272	SEA
1108	201	638	SDA
1108	97	390	SDA
1112	154	552	SDA
1112	197	159	SEA
1112	198	298	SDA
1112	201	399	SEA
1112	97	367	SDA
1119	154	305	LSD
1119	197	199	SEA
1119	198	248	SDA
1119	201	194	SDA
1119	97	949	SDA
1127	154	347	SDA
1127	197	84	SEA
1127	198	330	SEA
1127	201	458	SEA
1127	97	472	SDA
1130	154	402	SDA
1130	197	76	SEA
1130	198	288	SEA
1130	201	450	SEA
1130	97	344	SDA
1132	154	426	SDA
1132	197	77	SEA
1132	198	467	SEA
1132	201	517	SEA
1132	97	362	SDA
1136	154	485	SDA
1136	197	103	SEA
1136	198	470	SEA
1136	201	466	SDA
1136	97	262	LSD
1140	154	14	SDA
1140	197	143	SEA
1140	198	546	SEA
1140	201	454	SEA
1140	97	312	LSD
1146	154	109	SDA
1146	197	68	SEA
1146	198	662	SDA
1146	201	459	SDA
1146	97	161	SDA
1149	154	952	SDA
1149	197	37	SEA
1149	198	611	SDA
1149	201	737	SDA
1149	97	131	SDA
1153	154	936	SEA
1153	197	1325	SEA
1153	198	656	SEA
1153	201	811	SDA
1153	97	1509	SEA
1154	154	181	SEA
1154	197	1256	SEA
1154	198	655	SEA
1154	201	832	SDA
1154	97	1460	SEA
1157	154	125	SEA
1157	197	1319	SEA
1157	198	689	SEA
1157	201	581	SEA
1157	97	1454	SEA
1164	154	122	SEA
1164	197	207	SEA
1164	198	291	SEA
1164	201	961	SEA
1164	97	1276	SEA
1168	154	152	SDA
1168	197	90	SEA
1168	198	341	SEA
1168	201	1057	SDA
1168	97	1320	SEA
1181	154	380	SEA
1181	197	30	SEA
1181	198	334	SEA
1181	201	436	SEA
1181	97	344	SEA
1183	154	469	SEA
1183	197	1544	SEA
1183	198	328	SEA
1183	201	417	SEA
1183	97	821	SEA
1188	154	389	SEA
1188	197	579	SEA
1188	198	386	SEA
1188	201	673	SEA
1188	97	858	SEA
1190	154	411	SDA
1190	197	518	SEA
1190	198	452	SEA
1190	201	629	SEA
1190	97	523	SEA
1200	154	173	SEA
1200	197	411	SEA
1200	198	937	SEA
1200	201	622	SEA
1200	97	581	SDA
1205	154	1918	SDA
1205	197	359	SEA
1205	201	564	SEA
1205	97	814	SEA
1209	154	1810	SDA
1209	197	299	SEA
1209	201	480	SEA
1209	97	834	SEA
1210	154	1810	SDA
1210	197	264	SEA
1210	198	1280	SDA
1210	201	437	SEA
1210	97	815	SEA
1214	154	1807	SDA
1214	197	493	SEA
1214	198	1266	SDA
1214	201	365	SDA
1214	97	1233	SEA
1228	154	809	SEA
1228	197	838	SEA
1228	198	813	SEA
1228	201	840	SEA
1228	97	412	SEA
1239	154	759	SEA
1239	197	1048	SEA
1239	198	789	SEA
1239	201	875	SEA
1239	97	466	SEA
1240	154	714	SEA
1240	197	989	SEA
1240	198	776	SEA
1240	201	917	SEA
1240	97	466	SEA
1243	154	697	SEA
1243	197	958	SEA
1243	198	1260	SEA
1243	201	884	SEA
1243	97	497	SEA
1248	154	511	SDA
1248	197	940	SEA
1248	198	1143	SDA
1248	201	875	SEA
1248	97	874	SEA
1252	154	1252	SDA
1252	197	829	SEA
1252	198	1179	SDA
1252	201	793	SEA
1252	97	800	SEA
1255	154	1338	SDA
1255	197	220	SEA
1255	198	1154	SDA
1255	201	818	SEA
1255	97	1245	SEA
1257	154	1332	SDA
1257	197	203	SEA
1257	201	845	SEA
1257	97	1229	SEA
1264	154	467	SDA
1264	197	239	SEA
1264	198	1001	SEA
1264	201	700	SDA
1264	97	1180	SEA
1265	154	573	SDA
1265	197	238	SEA
1265	198	957	SEA
1265	201	721	SDA
1265	97	1141	SEA
1275	154	428	LSD
1275	197	1064	SEA
1275	198	924	SEA
1275	201	897	LSD
1275	97	981	SEA
1278	154	399	LSD
1278	197	1048	SEA
1278	198	805	SEA
1278	201	813	SDA
1278	97	999	SEA
1279	154	399	LSD
1279	197	1048	SEA
1279	198	805	SEA
1279	201	813	SDA
1279	97	999	SEA
1280	154	403	SDA
1280	197	995	SEA
1280	198	812	SEA
1280	201	826	SDA
1280	97	1012	SEA
1284	154	1217	SEA
1284	197	1052	SEA
1284	198	891	SEA
1284	201	834	SDA
1284	97	1036	SEA
1289	154	491	SDA
1289	197	844	SEA
1289	198	899	SEA
1289	201	966	SDA
1289	97	671	SEA
1295	154	494	SDA
1295	197	816	SEA
1295	198	1176	SEA
1295	201	1287	SDA
1295	97	726	SEA
1296	154	494	SDA
1296	197	816	SEA
1296	198	1176	SEA
1296	201	1287	SDA
1296	97	726	SEA
1301	154	525	SDA
1301	197	830	SEA
1301	198	1131	SEA
1301	201	839	SEA
1301	97	681	SEA
1306	154	570	SDA
1306	197	949	SDA
1306	198	1170	SEA
1306	201	882	SEA
1308	154	812	SDA
1308	197	967	SEA
1308	198	931	SEA
1308	201	887	SEA
1312	154	889	SDA
1312	197	1013	SDA
1312	198	940	SEA
1312	201	926	SEA
1319	154	625	SDA
1319	197	1035	SEA
1319	198	855	SEA
1319	201	1029	SEA
