363	154	776	SEA
363	197	883	SEA
363	198	374	SEA
375	154	808	SEA
375	197	921	SEA
375	198	250	SEA
385	154	646	SEA
385	197	1159	SEA
385	198	375	SEA
385	97	634	SEA
408	154	706	SEA
408	197	384	SEA
408	198	375	SEA
408	97	644	SEA
409	154	698	SEA
409	197	420	SEA
409	198	394	SEA
409	97	638	SEA
421	154	797	SEA
421	197	862	SEA
421	198	465	SEA
421	97	557	SEA
427	154	728	SEA
427	197	181	SDA
427	198	519	SEA
427	97	546	SEA
435	154	769	SDA
435	197	89	SEA
435	198	398	SEA
435	97	886	SEA
439	154	1549	SEA
439	197	27	SEA
439	198	378	SEA
439	97	1150	SEA
448	154	1331	SEA
448	197	973	SEA
448	198	258	SEA
448	97	947	SEA
453	154	213	SEA
453	197	869	SEA
453	198	429	SEA
453	97	919	SEA
458	154	8	SEA
458	197	364	SDA
458	198	488	SEA
458	97	1932	SEA
463	154	21	SEA
463	197	278	SEA
463	198	660	SEA
463	97	1953	SEA
490	154	269	SEA
490	197	1601	SDA
490	198	360	SEA
490	97	989	SEA
494	154	407	SEA
494	197	1747	SDA
494	198	467	SEA
494	97	1201	SEA
517	154	258	SEA
517	197	382	SEA
517	198	760	SEA
517	97	680	SEA
529	154	893	SEA
529	197	385	SEA
529	198	933	SEA
529	97	895	SEA
543	154	966	SEA
543	197	373	SEA
543	198	1568	SEA
543	97	1107	SEA
549	154	279	SEA
549	197	1136	SEA
549	198	1129	SEA
549	97	1047	SEA
554	154	13	SEA
554	197	1117	SEA
554	198	1071	SEA
554	97	455	SEA
568	154	1	SEA
568	197	57	SEA
568	198	1123	SEA
568	97	273	SEA
570	154	21	SEA
570	197	77	SEA
570	198	1171	SEA
570	97	225	SEA
593	154	404	SEA
593	197	26	SEA
593	198	1008	SEA
593	97	1023	SEA
596	154	320	SEA
596	197	4	SEA
596	198	1255	SEA
596	97	1069	SEA
606	154	682	SEA
606	197	588	SEA
606	198	1518	SEA
606	97	386	SEA
607	154	139	SEA
607	197	537	SEA
607	198	1576	SEA
607	97	372	SEA
610	154	236	SEA
610	197	576	SEA
610	198	344	SEA
610	97	406	SEA
623	154	1078	SEA
623	197	405	SEA
623	198	548	SEA
623	97	410	SEA
624	154	969	SEA
624	197	443	SEA
624	198	565	SEA
624	97	471	SEA
654	154	403	SEA
654	197	208	SEA
654	198	1174	SEA
654	97	1424	SEA
667	197	780	SEA
667	198	1076	SEA
667	97	1041	SEA
684	154	1437	SEA
684	197	588	SEA
684	198	1598	SEA
684	97	1451	SEA
694	197	645	SEA
694	198	521	SEA
694	97	1468	SEA
710	154	1668	SDA
710	197	7	SEA
710	198	782	SEA
710	97	1022	SEA
718	197	32	SEA
718	198	596	SEA
718	97	929	SEA
727	197	8	SEA
727	198	1371	SEA
727	97	1446	SEA
729	197	22	SEA
729	198	154	SEA
729	97	1455	SEA
749	197	31	SEA
749	198	486	SEA
749	97	307	SEA
757	197	548	SEA
757	198	255	SEA
757	97	533	SEA
760	197	585	SEA
760	198	310	SEA
760	97	257	SEA
761	197	644	SEA
761	198	825	SEA
761	97	215	SEA
765	197	658	SEA
765	198	874	SEA
765	97	196	SEA
768	197	730	SEA
768	198	831	SEA
768	97	1622	SEA
770	197	1339	SEA
770	198	837	SEA
770	97	1131	SEA
771	197	1387	SEA
771	198	787	SEA
771	97	1082	SEA
773	197	1358	SEA
773	198	809	SEA
773	97	1090	SEA
774	197	1371	SEA
774	198	802	SEA
774	97	1053	SEA
778	197	1317	SEA
778	198	814	SEA
778	97	1001	SEA
791	154	1589	SEA
791	197	1186	SEA
791	198	669	SEA
791	97	1126	SEA
798	154	156	SEA
798	197	1201	SEA
798	198	643	SEA
798	97	20	SEA
801	154	269	SEA
801	197	1183	SEA
801	198	619	SEA
801	97	22	SEA
804	154	513	SEA
804	197	1209	SEA
804	198	541	SEA
804	97	10	SEA
808	154	979	SDA
808	197	1525	SEA
808	198	957	SEA
808	97	91	SEA
810	154	996	SDA
810	197	1550	SEA
810	198	990	SEA
810	97	1289	SEA
819	154	26	SEA
819	197	1473	SEA
819	198	443	SEA
819	97	1709	SEA
834	154	394	SEA
834	197	384	SEA
834	198	989	SEA
834	97	872	SEA
840	154	332	SEA
840	197	406	SEA
840	198	1090	SEA
840	97	965	SEA
847	154	759	SEA
847	197	554	SEA
847	198	1248	SEA
847	97	1056	SEA
853	154	484	SDA
853	198	1333	SEA
853	97	1041	SEA
859	154	399	SDA
859	197	2400	SEA
859	198	646	SEA
859	97	1043	SEA
863	154	1252	SDA
863	198	792	SEA
863	97	533	SEA
871	154	134	SEA
871	197	693	SEA
871	198	696	SEA
871	97	581	SEA
876	154	226	SEA
876	197	672	SEA
876	198	715	SEA
876	97	1032	SEA
887	154	70	SEA
887	197	578	SEA
887	198	755	SEA
887	97	1205	SEA
889	154	39	SEA
889	197	654	SEA
889	198	503	SEA
889	97	1201	SEA
893	197	665	SEA
893	198	431	SEA
893	97	458	SEA
895	197	672	SEA
895	198	435	SEA
895	97	485	SEA
901	197	1376	SEA
901	198	896	SEA
901	97	430	SEA
908	154	2488	SDA
908	197	1398	SEA
908	198	948	SEA
908	97	348	SEA
918	154	457	SEA
918	197	786	SEA
918	198	535	SEA
918	97	1199	SEA
920	154	482	SEA
920	197	761	SEA
920	198	495	SEA
920	97	1186	SEA
922	154	509	SEA
922	197	858	SEA
922	198	477	SEA
922	97	1182	SEA
923	154	523	SEA
923	197	861	SEA
923	198	505	SEA
923	97	1226	SEA
924	154	478	SEA
924	197	925	SEA
924	198	474	SEA
924	97	1271	SEA
926	154	530	SEA
926	197	896	SEA
926	198	486	SEA
926	97	1294	SEA
932	154	516	SEA
932	197	860	SEA
932	198	1137	SEA
932	97	375	SEA
933	154	516	SEA
933	197	602	SDA
933	198	1173	SEA
933	97	405	SEA
936	154	547	SDA
936	197	539	SDA
936	198	524	SEA
936	97	308	SDA
937	154	606	SDA
937	197	476	SDA
937	198	406	SEA
937	97	291	SDA
940	154	683	SDA
940	197	344	SDA
940	198	455	SEA
940	97	261	SEA
941	154	642	SDA
941	197	340	SDA
941	198	459	SEA
941	97	283	SEA
943	154	717	SDA
943	197	359	SDA
943	198	397	SEA
943	97	284	SEA
944	154	640	SDA
944	197	267	SDA
944	198	388	SEA
944	97	331	SDA
950	154	587	SDA
950	197	2217	SEA
950	198	329	SEA
950	97	345	SEA
952	154	623	SDA
952	197	525	SEA
952	198	297	SEA
952	97	286	SEA
953	154	615	SEA
953	197	517	SEA
953	198	292	SEA
953	97	275	SEA
965	154	628	SDA
965	197	456	SEA
965	198	112	SEA
965	97	1838	SEA
967	154	494	SEA
967	197	460	SEA
967	198	72	SEA
967	97	1898	SEA
972	154	1124	SDA
972	197	274	SEA
972	198	113	SEA
972	97	1885	SEA
986	154	314	SDA
986	197	77	SEA
986	198	456	SEA
986	97	959	SEA
987	154	336	SDA
987	197	71	SEA
987	198	474	SEA
987	97	960	SEA
989	154	244	SDA
989	197	62	SEA
989	198	542	SEA
989	97	916	SEA
992	154	255	SDA
992	197	155	SDA
992	198	314	SEA
992	97	872	SEA
1000	154	502	SEA
1000	197	535	SEA
1000	198	334	SEA
1000	97	996	SEA
1006	154	325	SEA
1006	197	354	SEA
1006	198	344	SEA
1006	97	767	SEA
1007	154	325	SEA
1007	197	354	SEA
1007	198	344	SEA
1007	97	767	SEA
1008	154	332	SEA
1008	197	347	SEA
1008	198	324	SEA
1008	97	801	SEA
1010	154	354	SEA
1010	197	331	SEA
1010	198	285	SEA
1010	97	817	SEA
1013	154	584	SEA
1013	197	586	SDA
1013	198	585	SEA
1013	97	890	SEA
1014	154	516	SEA
1014	197	558	SDA
1014	198	610	SEA
1014	97	899	SEA
1016	154	505	SEA
1016	197	580	SEA
1016	198	150	SEA
1016	97	897	SEA
1019	154	884	SEA
1019	197	989	SEA
1019	198	166	SEA
1019	97	886	SEA
1023	154	892	SEA
1023	197	1033	SDA
1023	198	157	SEA
1023	97	387	SEA
1026	154	225	SDA
1026	197	1013	SEA
1026	198	464	SEA
1026	97	387	SEA
1028	154	130	SDA
1028	197	549	SEA
1028	198	503	SEA
1028	97	333	SEA
1033	154	70	SDA
1033	197	638	SDA
1033	198	537	SEA
1033	97	284	SEA
1037	154	21	SDA
1037	197	652	SDA
1037	198	518	SEA
1037	97	923	SEA
1040	154	33	SDA
1040	197	669	SEA
1040	198	536	SEA
1040	97	1126	SEA
1042	154	1105	SEA
1042	197	702	SEA
1042	198	582	SEA
1042	97	1078	SEA
1048	154	328	SDA
1048	197	1092	SEA
1048	198	500	SEA
1048	97	1101	SDA
1049	154	322	SDA
1049	197	1113	SEA
1049	198	542	SEA
1049	97	1172	SDA
1051	154	294	SDA
1051	197	1102	SEA
1051	198	505	SEA
1051	97	1163	SDA
1053	154	265	SDA
1053	197	1094	SEA
1053	198	510	SEA
1053	97	1179	SDA
1057	154	297	SEA
1057	197	470	SDA
1057	198	518	SEA
1057	97	271	SEA
1059	154	322	SEA
1059	197	484	SDA
1059	198	541	SEA
1059	97	160	SEA
1063	154	37	SEA
1063	197	430	SDA
1063	198	355	SDA
1063	97	182	SEA
1064	154	40	SEA
1064	197	451	SDA
1064	198	306	SDA
1064	97	134	SDA
1067	154	6	SEA
1067	197	378	SDA
1067	198	257	SDA
1067	97	178	SDA
1069	154	132	SEA
1069	197	355	SDA
1069	198	223	SDA
1069	97	120	SDA
1071	154	825	SDA
1071	197	367	SDA
1071	198	1037	SEA
1071	97	116	SEA
1074	154	772	SDA
1074	197	1240	SEA
1074	198	168	SDA
1074	97	806	SEA
1075	154	764	SDA
1075	197	1232	SEA
1075	198	184	SDA
1075	97	890	SEA
1090	154	12	SDA
1090	197	321	SDA
1090	198	61	SDA
1090	97	820	SEA
1093	154	346	SDA
1093	197	325	SDA
1093	198	65	SDA
1093	97	838	SDA
1099	154	897	SEA
1099	197	243	SDA
1099	198	578	SDA
1099	97	881	SEA
1103	154	429	SDA
1103	197	1099	SEA
1103	198	622	SDA
1103	97	360	SDA
1105	154	436	SDA
1105	197	282	SEA
1105	198	654	SDA
1105	97	370	SDA
1108	154	439	SDA
1108	197	255	SEA
1108	198	251	SEA
1108	97	382	SDA
1112	154	535	SDA
1112	197	159	SEA
1112	198	277	SDA
1112	97	359	SDA
1119	154	305	LSD
1119	197	199	SEA
1119	198	227	SDA
1119	97	949	SDA
1127	154	347	SDA
1127	197	84	SEA
1127	198	330	SEA
1127	97	472	SDA
1130	154	402	SDA
1130	197	76	SEA
1130	198	288	SEA
1130	97	344	SDA
1132	154	426	SDA
1132	197	77	SEA
1132	198	329	SEA
1132	97	362	SDA
1136	154	485	SDA
1136	197	103	SEA
1136	198	470	SEA
1136	97	262	LSD
1140	154	14	SDA
1140	197	143	SEA
1140	198	546	SEA
1140	97	312	LSD
1146	154	130	SDA
1146	197	53	SEA
1146	198	658	SDA
1146	97	169	SDA
1149	154	284	SEA
1149	197	37	SEA
1149	198	602	SDA
1149	97	131	SDA
1153	154	924	SEA
1153	197	38	SEA
1153	198	616	SEA
1153	97	361	SEA
1154	154	904	SEA
1154	197	294	SEA
1154	198	622	SEA
1154	97	1451	SEA
1157	154	125	SEA
1157	197	1305	SEA
1157	198	689	SEA
1157	97	1445	SEA
1164	154	122	SEA
1164	197	207	SEA
1164	198	291	SEA
1164	97	1272	SEA
1168	154	152	SDA
1168	197	90	SEA
1168	198	341	SEA
1168	97	1316	SEA
1181	154	681	SDA
1181	197	30	SEA
1181	198	328	SEA
1181	97	344	SEA
1183	154	469	SEA
1183	197	38	SEA
1183	198	322	SEA
1183	97	321	SEA
1188	154	389	SEA
1188	197	579	SEA
1188	198	380	SEA
1188	97	854	SEA
1190	154	411	SDA
1190	197	518	SEA
1190	198	446	SEA
1190	97	887	SEA
1200	154	175	SEA
1200	197	411	SEA
1200	198	937	SEA
1200	97	581	SDA
1205	154	1919	SDA
1205	197	359	SEA
1205	198	898	SEA
1205	97	814	SEA
1209	154	1811	SDA
1209	197	299	SEA
1209	97	834	SEA
1210	154	1811	SDA
1210	197	264	SEA
1210	198	1272	SDA
1210	97	815	SEA
1214	154	1802	SDA
1214	197	511	SEA
1214	198	1259	SDA
1214	97	1215	SDA
1228	154	809	SEA
1228	197	841	SEA
1228	198	813	SEA
1228	97	412	SEA
1239	154	759	SEA
1239	197	926	SEA
1239	198	789	SEA
1239	97	466	SEA
1240	154	714	SEA
1240	197	989	SEA
1240	198	776	SEA
1240	97	466	SEA
1243	154	697	SEA
1243	197	958	SEA
1243	198	741	SDA
1243	97	497	SEA
1248	154	511	SDA
1248	197	940	SEA
1248	198	1143	SDA
1248	97	874	SEA
1252	154	1252	SDA
1252	197	829	SEA
1252	198	1179	SDA
1252	97	800	SEA
1255	154	1338	SDA
1255	197	825	SEA
1255	198	1154	SDA
1255	97	1242	SEA
1256	154	1332	SDA
1256	197	203	SEA
1256	198	1143	SDA
1256	97	1226	SEA
1257	154	1332	SDA
1257	197	203	SEA
1257	198	1143	SDA
1257	97	1226	SEA
1264	154	465	SDA
1264	197	239	SEA
1264	198	998	SEA
1264	97	1177	SEA
1265	154	516	SDA
1265	197	221	SEA
1265	198	986	SEA
1265	97	1141	SEA
1275	154	426	LSD
1275	197	1064	SEA
1275	198	1046	SEA
1275	97	981	SEA
1278	154	397	LSD
1278	197	1048	SEA
1278	198	805	SEA
1278	97	999	SEA
1280	154	402	SDA
1280	197	995	SEA
1280	198	812	SEA
1280	97	1012	SEA
1284	154	1217	SEA
1284	197	1052	SEA
1284	198	891	SEA
1284	97	1036	SEA
1295	154	494	SDA
1295	197	816	SEA
1295	198	1175	SEA
1295	97	726	SEA
1296	154	494	SDA
1296	197	816	SEA
1296	198	1175	SEA
1296	97	726	SEA
1301	154	525	SDA
1301	197	830	SEA
1301	198	1130	SEA
1301	97	681	SEA
1306	154	570	SDA
1306	197	945	SDA
1306	198	1169	SEA
1306	97	709	SEA
1308	154	609	SDA
1308	197	963	SEA
1308	198	1152	SEA
1312	154	887	SDA
1312	197	1009	SDA
1312	198	940	SEA
1319	154	885	SDA
1319	197	1031	SEA
1319	198	855	SEA
