363	246	652	SEA
375	246	656	SEA
377	246	692	SEA
385	246	363	SEA
392	246	228	SEA
395	246	231	SEA
400	246	447	SEA
408	246	367	SEA
409	246	356	SEA
414	246	381	SEA
421	246	1014	SEA
422	246	1022	SEA
425	246	562	SDA
427	246	574	SDA
432	246	366	SDA
435	246	298	SDA
436	246	318	SEA
439	246	381	SEA
441	246	406	SEA
448	246	538	SEA
450	246	527	SEA
458	246	503	SEA
463	246	525	SEA
465	246	887	SEA
490	246	810	SEA
492	246	824	SEA
494	246	860	SEA
500	246	1347	SEA
501	246	1377	SEA
505	246	1379	SEA
507	246	1393	SEA
508	246	1424	SEA
512	246	32	SEA
513	246	51	SEA
516	246	89	SEA
520	246	95	SEA
529	246	62	SEA
531	246	41	SEA
536	246	852	SEA
541	246	985	SEA
542	246	987	SEA
543	246	987	SEA
549	246	559	SDA
554	246	703	SDA
564	246	494	SEA
566	246	450	SEA
568	246	467	SEA
593	246	280	SEA
597	246	260	SEA
606	246	297	SEA
607	246	341	SEA
615	246	738	SEA
624	246	1021	SEA
629	246	1109	SEA
630	246	1109	SEA
637	246	864	SEA
654	246	882	SEA
663	246	1008	SEA
672	246	877	SEA
684	246	1157	SEA
692	246	1205	SEA
694	246	1094	SEA
710	246	860	SEA
718	246	826	SEA
720	246	1019	SEA
727	246	1043	SEA
729	246	934	SEA
735	246	843	SEA
736	246	817	SEA
739	246	809	SEA
740	246	843	SEA
749	246	841	SEA
750	246	830	SEA
751	246	830	SEA
756	246	671	SEA
757	246	599	SEA
759	246	569	SEA
760	246	520	SEA
765	246	1361	SEA
768	246	1337	SEA
770	246	1315	SEA
771	246	788	SEA
772	246	788	SEA
773	246	810	SEA
774	246	874	SEA
775	246	874	SEA
778	246	958	SEA
779	246	906	SEA
784	246	923	SEA
791	246	961	SEA
798	246	1059	SEA
801	246	1025	SEA
804	246	1075	SEA
808	246	818	SEA
810	246	780	SEA
819	246	765	SEA
834	246	1218	SEA
840	246	621	SEA
847	246	485	SEA
853	246	393	SEA
859	246	285	SEA
863	246	285	SEA
871	246	1012	SEA
876	246	1184	SEA
887	246	568	SEA
889	246	533	SEA
893	246	488	SEA
895	246	504	SEA
901	246	469	SEA
908	246	282	SEA
918	246	835	SEA
920	246	872	SEA
922	246	876	SEA
923	246	883	SEA
924	246	851	SEA
926	246	829	SEA
932	246	712	SEA
933	246	692	SEA
936	246	748	SEA
937	246	710	SEA
940	246	565	SEA
941	246	496	SEA
943	246	479	SEA
944	246	415	SEA
950	246	522	SEA
952	246	784	SDA
953	246	732	SDA
965	246	664	SEA
967	246	664	SEA
972	246	794	SEA
986	246	332	SEA
987	246	404	SEA
989	246	373	SEA
992	246	343	SEA
1000	246	792	SEA
1006	246	697	SEA
1007	246	697	SEA
1008	246	636	SEA
1010	246	623	SEA
1013	246	637	SEA
1014	246	679	SEA
1016	246	709	SEA
1019	246	704	SEA
1023	246	671	SEA
1026	246	630	SEA
1028	246	745	SEA
1033	246	649	SEA
1037	246	611	SEA
1040	246	646	SEA
1042	246	771	SEA
1048	246	557	SEA
1049	246	517	SEA
1051	246	466	SEA
1053	246	463	SEA
1057	246	726	SEA
1059	246	764	SEA
1063	246	1022	SEA
1064	246	1041	SEA
1067	246	985	SEA
1069	246	1007	SEA
1071	246	989	SEA
1074	246	681	SDA
1075	246	638	SEA
1090	246	958	SEA
1093	246	784	SEA
1099	246	742	SEA
1103	246	936	SEA
1105	246	974	SEA
1108	246	969	SEA
1112	246	822	SEA
1119	246	638	SEA
1127	246	733	SEA
1130	246	1017	SEA
1132	246	1094	SEA
1136	246	1129	SEA
1140	246	1032	SEA
1146	246	711	SDA
1149	246	729	SDA
1153	246	713	SEA
1154	246	726	SEA
1157	246	1107	SEA
1164	246	1169	SEA
1168	246	981	SEA
1181	246	1281	SEA
1183	246	1258	SEA
1188	246	1262	SEA
1190	246	1273	SEA
1200	246	436	SEA
1205	246	457	SEA
1209	246	316	SEA
1210	246	316	SEA
1214	246	987	SEA
1228	246	968	SEA
1239	246	997	SEA
1240	246	952	SEA
1243	246	1014	SEA
1248	246	883	SEA
1252	246	970	SEA
1255	246	984	SEA
1256	246	995	SEA
1257	246	995	SEA
1264	246	1031	SEA
1265	246	972	SEA
1267	246	945	SEA
1275	246	1013	SEA
1278	246	968	SDA
1279	246	968	SDA
1280	246	993	SDA
1284	246	913	SEA
1289	246	1126	SEA
1295	246	1111	SEA
1296	246	1111	SEA
1301	246	1171	SEA
1306	246	1175	SEA
1308	246	1157	SEA
1312	246	1175	SEA
1319	246	1326	SEA
