363	154	508	SEA
385	154	422	SEA
408	154	254	SEA
409	154	311	SEA
414	154	493	SEA
421	154	300	SDA
435	154	408	SDA
439	154	326	SDA
448	154	312	SDA
458	154	406	SDA
494	154	582	SDA
529	154	363	SEA
536	154	431	SEA
549	154	386	SEA
554	154	253	SEA
568	154	128	SEA
593	154	581	SEA
606	154	549	SEA
607	154	614	SEA
624	154	7	SEA
654	154	153	SEA
694	154	590	SEA
710	154	671	SEA
720	154	624	SEA
727	154	379	SEA
729	154	299	SEA
751	154	599	SEA
757	154	1367	SEA
760	154	489	SEA
761	154	547	SEA
765	154	635	SDA
768	154	705	SEA
770	154	671	SEA
771	154	664	SEA
773	154	707	SEA
774	154	789	SEA
775	154	789	SEA
791	154	556	SEA
801	154	359	SEA
804	154	139	SEA
808	154	650	SEA
810	154	530	SEA
819	154	780	SEA
834	154	770	SEA
840	154	239	SEA
847	154	645	SEA
853	154	670	SEA
859	154	615	SEA
863	154	1160	SEA
871	154	610	SEA
876	154	543	SEA
887	154	471	SEA
889	154	475	SEA
893	154	465	SEA
895	154	348	SEA
901	154	843	SEA
908	154	850	SEA
918	154	632	SEA
920	154	684	SEA
922	154	583	SEA
923	154	783	SEA
924	154	846	SEA
926	154	807	SEA
932	154	209	SEA
933	154	135	SEA
936	154	670	SEA
937	154	463	SEA
940	154	560	SEA
941	154	580	SEA
943	154	680	SEA
944	154	682	SEA
950	154	407	SEA
952	154	429	SEA
953	154	338	SEA
965	154	52	SEA
967	154	90	SEA
972	154	483	SEA
986	154	824	SEA
987	154	179	SEA
989	154	119	SEA
992	154	419	SEA
1000	154	415	SEA
1006	154	463	SEA
1007	154	463	SEA
1008	154	406	SEA
1010	154	417	SEA
1013	154	221	SEA
1014	154	245	SEA
1016	154	140	SEA
1019	154	491	SEA
1023	154	466	SEA
1026	154	598	SEA
1028	154	425	SEA
1033	154	342	SEA
1037	154	286	SEA
1040	154	194	SEA
1042	154	561	SEA
1048	154	469	SEA
1049	154	401	SEA
1051	154	420	SEA
1053	154	391	SEA
1057	154	391	SEA
1059	154	346	SEA
1063	154	493	SEA
1064	154	638	SEA
1067	154	653	SEA
1069	154	622	SEA
1071	154	314	SEA
1074	154	608	SEA
1075	154	656	SEA
1090	154	383	SEA
1093	154	352	SEA
1099	154	488	SDA
1103	154	802	SEA
1105	154	479	SEA
1108	154	219	SEA
1112	154	271	SEA
1119	154	386	SEA
1127	154	578	SEA
1130	154	521	SEA
1132	154	485	SEA
1136	154	536	SEA
1140	154	733	SEA
1146	154	519	SDA
1149	154	605	SDA
1153	154	652	SDA
1154	154	661	SDA
1157	154	585	SDA
1164	154	439	SEA
1168	154	534	SEA
1181	154	499	SEA
1183	154	403	SEA
1188	154	409	SEA
1190	154	1372	SEA
1200	154	625	SEA
1205	154	659	SEA
1209	154	595	SEA
1210	154	565	SEA
1214	154	773	SEA
1228	154	727	SEA
1240	154	803	SEA
1243	154	861	SEA
1248	154	935	SEA
1252	154	780	SEA
1255	154	12	SEA
1257	154	6	SEA
1264	154	635	SDA
1265	154	612	SDA
1275	154	729	SEA
1278	154	788	SEA
1279	154	788	SEA
1280	154	619	SEA
1284	154	299	SEA
1289	154	659	SEA
1295	154	52	SEA
1296	154	52	SEA
1301	154	394	SEA
1306	154	482	SEA
1308	154	553	SEA
1312	154	555	SEA
1319	154	1259	SEA
