363	251	673	SEA
375	251	324	SEA
385	251	480	SEA
395	251	691	SEA
408	251	827	SEA
409	251	833	SEA
421	251	278	SEA
422	251	254	SEA
435	251	482	SEA
439	251	583	SEA
453	251	547	SEA
458	251	241	SEA
463	251	189	SEA
465	251	232	SEA
490	251	494	SEA
492	251	561	SEA
494	251	533	SEA
500	251	489	SEA
507	251	587	SEA
512	251	502	SEA
517	251	97	SEA
520	251	7	SEA
529	251	277	SEA
531	251	416	SEA
543	251	282	SEA
549	251	264	SEA
554	251	519	SEA
564	251	501	SEA
568	251	428	SEA
570	251	431	SEA
578	251	443	SEA
593	251	295	SEA
606	251	690	SEA
607	251	547	SEA
615	251	758	SEA
624	251	1162	SEA
629	251	510	SEA
637	251	423	SEA
654	251	652	SEA
667	251	856	SEA
672	251	917	SEA
692	251	562	SEA
694	251	558	SEA
710	251	495	SEA
718	251	974	SEA
720	251	877	SEA
727	251	878	SEA
729	251	910	SEA
749	251	898	SEA
750	251	865	SEA
751	251	865	SEA
757	251	575	SEA
759	251	527	SEA
760	251	506	SEA
761	251	441	SEA
765	251	381	SEA
768	251	386	SEA
770	251	847	SEA
771	251	805	SEA
772	251	805	SEA
773	251	788	SEA
774	251	718	SEA
778	251	949	SEA
783	251	891	SEA
791	251	939	SEA
798	251	912	SEA
801	251	1014	SEA
804	251	926	SEA
808	251	840	SEA
810	251	856	SEA
819	251	578	SEA
834	251	1132	SEA
840	251	1031	SEA
847	251	806	SEA
853	251	705	SEA
859	251	652	SEA
863	251	777	SEA
871	251	818	SEA
876	251	1013	SEA
887	251	1067	SEA
889	251	570	SEA
893	251	622	SEA
895	251	625	SEA
901	251	683	SEA
908	251	570	SEA
918	251	810	SEA
920	251	717	SEA
922	251	697	SEA
923	251	772	SEA
924	251	480	SEA
926	251	392	SEA
932	251	223	SEA
933	251	313	SEA
936	251	260	SEA
937	251	258	SEA
940	251	644	SEA
943	251	608	SEA
944	251	635	SEA
950	251	361	SEA
952	251	185	SEA
953	251	211	SEA
965	251	562	SEA
967	251	508	SEA
972	251	460	SEA
986	251	573	SEA
987	251	549	SEA
989	251	251	SEA
992	251	223	SEA
1000	251	871	SEA
1006	251	428	SEA
1007	251	428	SEA
1008	251	457	SEA
1010	251	469	SEA
1013	251	454	SEA
1014	251	436	SEA
1016	251	428	SEA
1019	251	263	SEA
1023	251	792	SEA
1026	251	759	SEA
1028	251	722	SEA
1033	251	307	SDA
1037	251	335	SDA
1040	251	469	SDA
1042	251	448	SDA
1048	251	523	SDA
1049	251	628	SDA
1051	251	718	SDA
1053	251	747	SDA
1057	251	493	SEA
1059	251	521	SEA
1063	251	639	SEA
1064	251	535	SEA
1067	251	591	SDA
1069	251	596	SDA
1071	251	360	LSD
1074	251	453	LSD
1075	251	473	LSD
1090	251	303	SEA
1093	251	281	SEA
1099	251	668	SEA
1103	251	249	SDA
1105	251	248	SDA
1108	251	552	SEA
1112	251	620	SEA
1119	251	552	SEA
1127	251	453	SEA
1130	251	1068	SEA
1132	251	1073	SEA
1136	251	300	SEA
1140	251	305	SEA
1146	251	237	SEA
1149	251	279	SEA
1153	251	425	SEA
1154	251	455	SEA
1157	251	784	SEA
1164	251	415	SEA
1168	251	395	SEA
1181	251	566	SEA
1183	251	533	SEA
1188	251	571	SEA
1190	251	498	SEA
1200	251	562	SEA
1209	251	985	SEA
1210	251	1029	SEA
1214	251	1190	SEA
1228	251	833	SEA
1239	251	812	SEA
1240	251	804	SEA
1243	251	757	SEA
1248	251	740	SEA
1252	251	990	SEA
1255	251	1023	SEA
1257	251	1041	SEA
1264	251	1200	SEA
1265	251	1154	SEA
1275	251	1264	SEA
1278	251	1153	SEA
1280	251	1157	SEA
1284	251	1128	SEA
1295	251	1027	SEA
1296	251	1027	SEA
1301	251	1318	SEA
1306	251	1274	SEA
1308	251	1243	SEA
1312	251	1343	SEA
