363	192	780	SEA
363	974	432	SEA
363	99	272	SEA
385	192	831	SEA
385	974	441	SEA
385	99	320	SEA
395	192	1108	SEA
395	974	403	SEA
395	99	373	SEA
408	192	438	SEA
408	974	780	SEA
408	99	420	SEA
409	192	449	SEA
409	974	780	SEA
409	99	413	SEA
421	192	118	SEA
421	974	720	SEA
421	99	210	SEA
422	192	104	SEA
422	974	720	SEA
422	99	242	SEA
435	192	653	SEA
435	974	720	SEA
435	99	182	SEA
439	192	734	SEA
439	974	621	SEA
439	99	234	SEA
448	192	536	SEA
448	974	732	SEA
448	99	253	SEA
453	192	441	SEA
453	974	561	SEA
453	99	195	SEA
458	192	709	SEA
458	974	780	SEA
458	99	158	SEA
463	192	723	SEA
463	974	632	SEA
463	99	190	SEA
494	192	612	SEA
494	974	840	SEA
494	99	433	SEA
507	192	381	SEA
507	974	603	SEA
507	99	375	SEA
512	192	544	SEA
512	974	840	SEA
512	99	219	SEA
520	192	742	SEA
520	974	840	SEA
520	99	341	SEA
529	192	259	SEA
529	974	812	SEA
529	99	322	SEA
543	192	337	SEA
543	974	840	SEA
543	99	71	SEA
549	192	1079	SEA
549	974	738	SEA
549	99	69	SEA
554	192	441	SEA
554	974	840	SEA
554	99	975	SEA
568	192	610	SEA
568	974	840	SEA
568	99	540	SEA
578	192	927	SEA
578	974	472	SEA
578	99	50	SEA
593	192	848	SEA
593	974	840	SEA
593	99	225	SEA
606	192	820	SEA
606	974	840	SEA
606	99	540	SEA
607	192	757	SEA
607	974	840	SEA
607	99	433	SEA
629	192	752	SEA
629	974	672	SEA
629	99	360	SEA
637	192	840	SEA
637	974	840	SEA
637	99	508	SEA
654	192	272	SEA
654	974	840	SEA
654	99	373	SEA
694	192	946	SEA
694	974	900	SEA
694	99	540	SEA
710	192	611	SEA
710	974	900	SEA
710	99	439	SEA
720	192	805	SEA
720	974	840	SEA
720	99	540	SEA
727	192	785	SEA
727	974	840	SEA
727	99	273	SEA
729	192	1008	SEA
729	974	840	SEA
729	99	294	SEA
751	192	578	SEA
751	974	840	SEA
751	99	366	SEA
757	192	431	SEA
757	974	792	SEA
757	99	433	SEA
759	192	435	SEA
759	974	752	SEA
759	99	433	SEA
760	192	458	SEA
760	974	754	SEA
760	99	434	SEA
761	192	376	SEA
761	974	733	SEA
761	99	480	SEA
765	192	1079	SEA
765	974	840	SEA
765	99	373	SEA
768	192	1104	SEA
768	974	840	SEA
768	99	209	SEA
770	192	586	SEA
770	974	840	SEA
770	99	239	SEA
771	192	600	SEA
771	974	792	SEA
771	99	265	SEA
772	192	600	SEA
772	974	792	SEA
772	99	265	SEA
774	192	581	SEA
774	974	756	SEA
774	99	273	SEA
775	192	581	SEA
775	974	756	SEA
775	99	273	SEA
778	192	702	SDA
778	974	840	SEA
778	99	75	SEA
783	192	794	SEA
783	974	840	SEA
783	99	178	SEA
791	192	638	SEA
791	974	1680	SEA
791	99	179	SEA
798	192	704	SEA
798	974	1680	SEA
798	99	170	SEA
801	192	678	SEA
801	974	1621	SEA
801	99	193	SEA
804	192	740	SEA
804	974	1613	SEA
804	99	156	SEA
808	192	792	SEA
808	974	840	SEA
808	99	239	SEA
810	192	857	SEA
810	974	840	SEA
810	99	193	SEA
819	192	641	SEA
819	974	699	SEA
819	99	226	SEA
834	192	733	SEA
834	974	780	SEA
834	99	432	SEA
840	192	776	SEA
840	974	637	SEA
840	99	337	SEA
847	192	1008	SEA
847	974	983	SEA
847	99	293	SEA
853	192	692	SEA
853	974	852	SEA
853	99	353	SEA
859	192	748	SEA
859	974	803	SEA
859	99	420	SEA
863	192	1122	SEA
863	974	840	SEA
863	99	320	SEA
871	192	525	SEA
871	974	612	SEA
871	99	420	SEA
876	192	641	SEA
876	974	780	SEA
876	99	257	SEA
887	192	908	SEA
887	974	636	SEA
887	99	373	SEA
889	192	415	SEA
889	974	628	SEA
889	99	345	SEA
893	192	626	SEA
893	974	780	SEA
893	99	322	SEA
895	192	833	SEA
895	974	780	SEA
895	99	573	SEA
901	192	845	SEA
901	974	615	SEA
901	99	600	SEA
908	192	813	SEA
908	974	792	SEA
908	99	541	SEA
918	192	551	SEA
918	974	840	SEA
918	99	423	SEA
920	192	688	SEA
920	974	840	SEA
920	99	480	SEA
922	192	689	SEA
922	974	840	SEA
922	99	480	SEA
923	192	818	SEA
923	974	707	SEA
923	99	439	SEA
924	192	764	SEA
924	974	714	SEA
924	99	505	SEA
926	192	723	SEA
926	974	773	SEA
926	99	480	SEA
932	192	712	SEA
932	974	780	SEA
932	99	406	SEA
933	192	729	SEA
933	974	780	SEA
933	99	885	SEA
936	192	792	SEA
936	974	780	SEA
936	99	480	SEA
937	192	761	SEA
937	974	657	SEA
937	99	480	SEA
940	192	730	SEA
940	974	752	SEA
940	99	403	SEA
941	192	728	SEA
941	974	780	SEA
941	99	427	SEA
943	192	660	SEA
943	974	780	SEA
943	99	417	SEA
944	192	819	SEA
944	974	780	SEA
944	99	420	SEA
950	192	702	SEA
950	974	660	SEA
950	99	368	SEA
952	192	798	SEA
952	974	701	SEA
952	99	420	SEA
953	192	805	SEA
953	974	699	SEA
953	99	420	SEA
965	192	868	SEA
965	974	683	SEA
965	99	303	SEA
967	192	405	SEA
967	974	733	SEA
967	99	299	SEA
972	192	723	SEA
972	974	720	SEA
972	99	309	SEA
986	192	796	SEA
986	974	720	SEA
986	99	401	SEA
987	192	777	SEA
987	974	672	SEA
987	99	352	SEA
989	192	801	SEA
989	974	612	SEA
989	99	365	SEA
992	192	248	SEA
992	974	525	SEA
992	99	433	SEA
1000	192	456	SEA
1000	974	649	SEA
1000	99	384	SEA
1006	192	441	SEA
1006	974	720	SEA
1006	99	480	SEA
1007	192	441	SEA
1007	974	720	SEA
1007	99	480	SEA
1008	192	449	SEA
1008	974	720	SEA
1008	99	433	SEA
1010	192	466	SEA
1010	974	720	SEA
1010	99	410	SEA
1013	192	515	SEA
1013	974	592	SEA
1013	99	480	SEA
1014	192	417	SEA
1014	974	572	SEA
1014	99	480	SEA
1016	192	323	SEA
1016	974	577	SEA
1016	99	390	SEA
1019	192	504	SEA
1019	974	660	SEA
1019	99	384	SEA
1023	192	449	SEA
1023	974	660	SEA
1023	99	480	SEA
1026	192	736	SEA
1026	974	618	SEA
1026	99	296	SEA
1028	192	740	SEA
1028	974	660	SEA
1028	99	274	SEA
1033	192	474	SEA
1033	974	660	SEA
1033	99	393	SEA
1037	192	606	SEA
1037	974	566	SEA
1037	99	694	SEA
1040	192	647	SEA
1040	974	461	SEA
1040	99	373	SEA
1042	192	693	SEA
1042	974	466	SEA
1042	99	256	SEA
1048	192	736	SEA
1048	974	437	SEA
1048	99	293	SDA
1049	192	719	SEA
1049	974	434	SEA
1049	99	301	SDA
1051	192	784	SEA
1051	974	393	SEA
1051	99	278	SDA
1053	192	786	SEA
1053	974	387	SEA
1053	99	286	SDA
1057	192	661	SEA
1057	974	416	SEA
1057	99	276	SEA
1059	192	586	SEA
1059	974	430	SEA
1059	99	420	SEA
1063	192	631	SEA
1063	974	600	SEA
1063	99	225	SEA
1064	192	643	SEA
1064	974	600	SEA
1064	99	206	SEA
1067	192	889	SEA
1067	974	424	SEA
1067	99	218	SEA
1069	192	897	SEA
1069	974	404	SEA
1069	99	353	SEA
1071	192	853	SEA
1071	974	510	SEA
1071	99	233	SEA
1074	192	899	SEA
1074	974	600	SEA
1074	99	373	SEA
1075	192	596	SDA
1075	974	552	SEA
1075	99	313	SEA
1090	192	678	SEA
1090	974	532	SEA
1090	99	453	SEA
1093	192	688	SEA
1093	974	600	SEA
1093	99	349	SEA
1099	192	353	SEA
1099	974	528	SEA
1099	99	354	SEA
1103	192	302	SEA
1103	974	600	SEA
1103	99	480	SEA
1105	192	358	SEA
1105	974	552	SEA
1105	99	433	SEA
1108	192	526	SEA
1108	974	1231	SEA
1108	99	349	SEA
1112	192	467	SEA
1112	974	780	SEA
1112	99	480	SEA
1119	192	292	SEA
1119	974	669	SEA
1119	99	347	SEA
1127	192	441	SEA
1127	974	780	SEA
1127	99	119	SEA
1130	192	290	SDA
1130	974	612	SEA
1130	99	216	SEA
1132	192	346	SEA
1132	974	515	SEA
1132	99	359	SEA
1136	192	394	SEA
1136	974	522	SEA
1136	99	480	SEA
1140	192	990	SEA
1140	974	960	SEA
1140	99	313	SEA
1146	192	667	SEA
1146	974	778	SEA
1146	99	1293	SEA
1149	192	760	SEA
1149	974	960	SEA
1149	99	1155	SDA
1153	192	971	SEA
1153	974	960	SEA
1153	99	660	SEA
1154	192	980	SEA
1154	974	960	SEA
1154	99	660	SEA
1157	192	989	SDA
1157	974	960	SEA
1157	99	613	SEA
1164	192	746	SEA
1164	974	756	SEA
1164	99	208	SDA
1168	192	988	SEA
1168	974	960	SEA
1168	99	553	SEA
1181	192	877	SEA
1181	974	475	SEA
1181	99	545	SDA
1183	192	963	SEA
1183	974	544	SEA
1183	99	548	SDA
1188	192	1237	SEA
1188	974	960	SEA
1188	99	660	SEA
1190	192	1174	SEA
1190	974	912	SEA
1190	99	613	SEA
1200	192	616	SEA
1200	974	960	SEA
1200	99	660	SEA
1205	192	610	SEA
1205	974	912	SEA
1205	99	579	SDA
1209	192	607	SEA
1209	974	874	SEA
1209	99	780	SEA
1210	192	695	SEA
1210	974	888	SEA
1210	99	780	SEA
1214	192	773	SDA
1214	974	960	SEA
1214	99	707	SEA
1228	192	807	SEA
1228	974	960	SEA
1228	99	624	SEA
1239	192	1711	SDA
1239	974	845	SEA
1239	99	613	SEA
1240	192	1721	SDA
1240	974	873	SEA
1240	99	573	SEA
1243	192	1735	SEA
1243	974	816	SEA
1243	99	532	SEA
1248	192	1007	SEA
1248	974	960	SEA
1248	99	780	SEA
1252	192	1662	SEA
1252	974	960	SEA
1252	99	697	SEA
1255	192	1637	SEA
1255	974	812	SEA
1255	99	695	SEA
1256	192	1663	SEA
1256	974	732	SEA
1256	99	780	SEA
1257	192	1663	SEA
1257	974	732	SEA
1257	99	780	SEA
1264	192	813	SEA
1264	974	332	SEA
1264	99	753	SEA
1265	192	844	SEA
1265	974	960	SEA
1265	99	673	SEA
1275	192	1008	SEA
1275	974	960	SEA
1275	99	780	SEA
1278	192	935	SEA
1278	974	960	SEA
1278	99	714	SEA
1279	192	935	SEA
1279	974	960	SEA
1279	99	714	SEA
1280	192	951	SEA
1280	974	960	SEA
1280	99	701	SEA
1284	192	725	SEA
1284	974	960	SEA
1284	99	780	SEA
1289	192	821	SEA
1289	974	672	SEA
1289	99	733	SEA
1295	192	695	SEA
1295	974	539	SEA
1295	99	780	SEA
1296	192	695	SEA
1296	974	539	SEA
1296	99	780	SEA
1301	192	1091	SEA
1301	974	960	SEA
1301	99	975	SEA
1306	192	1180	SEA
1306	974	960	SEA
1306	99	647	SEA
1308	192	1333	SEA
1308	974	960	SEA
1308	99	780	SEA
1312	192	859	SEA
1312	974	960	SEA
1312	99	780	SEA
1319	192	967	SEA
1319	974	872	SEA
1319	99	705	SEA
