363	192	635	SEA
363	974	631	SEA
363	99	568	SDA
375	192	632	SEA
375	974	736	SEA
375	99	441	SEA
385	192	532	SEA
385	974	658	SEA
385	99	441	SDA
392	192	951	SEA
392	974	559	SEA
392	99	274	SEA
394	192	937	SEA
394	974	645	SEA
394	99	265	SEA
395	192	941	SEA
395	974	555	SEA
395	99	273	SEA
400	192	270	SEA
400	974	478	SDA
400	99	260	SDA
408	192	370	SDA
408	974	250	SDA
408	99	136	SDA
409	192	464	SDA
409	974	302	SDA
409	99	121	SDA
421	192	417	SEA
421	974	456	SDA
421	99	273	SDA
422	192	478	SEA
422	974	412	SDA
422	99	310	SDA
427	192	625	SEA
427	974	382	SDA
427	99	263	SDA
435	192	916	SEA
435	974	370	SDA
435	99	611	SEA
439	192	141	SEA
439	974	275	SDA
439	99	364	SDA
441	192	202	SEA
441	974	238	SDA
441	99	344	SDA
448	192	469	SEA
448	974	237	SEA
448	99	459	SDA
450	192	520	SDA
450	974	225	SEA
450	99	450	SDA
453	192	248	SEA
453	974	297	SEA
453	99	208	SDA
457	192	110	SEA
457	974	343	SEA
457	99	217	SDA
458	192	97	SEA
458	974	297	SEA
458	99	139	SDA
463	192	7	SEA
463	974	909	SEA
463	99	193	SEA
490	192	1422	SEA
490	974	450	SEA
490	99	231	SDA
492	192	605	SEA
492	974	697	SEA
492	99	212	SDA
494	192	515	SEA
494	974	753	SEA
494	99	281	SDA
500	192	1048	SEA
500	974	279	SEA
500	99	419	SEA
501	192	1027	SEA
501	974	223	SEA
501	99	452	SEA
507	192	775	SEA
507	974	259	SEA
507	99	338	SEA
508	192	761	SEA
508	974	259	SEA
508	99	592	SEA
512	192	869	SEA
512	974	893	SEA
512	99	614	SEA
513	192	1468	SEA
513	974	874	SEA
513	99	389	SEA
516	192	668	SEA
516	974	800	SEA
516	99	391	SEA
517	192	628	SEA
517	974	1122	SEA
517	99	428	SEA
520	192	652	SEA
520	974	1054	SEA
520	99	436	SEA
529	192	359	SEA
529	974	245	SEA
529	99	67	SEA
531	192	307	SEA
531	974	220	SEA
531	99	84	SEA
536	192	198	SEA
536	974	363	SEA
536	99	368	SEA
541	192	36	SEA
541	974	300	SEA
541	99	334	SEA
542	192	35	SEA
542	974	364	SEA
542	99	750	SEA
543	192	35	SEA
543	974	364	SEA
543	99	750	SEA
549	192	377	SEA
549	974	507	SEA
549	99	376	SEA
554	192	381	SEA
554	974	633	SEA
554	99	423	SEA
558	192	641	SEA
558	974	804	SEA
558	99	1242	SEA
564	192	1480	SEA
564	974	737	SEA
564	99	1060	SEA
568	192	646	SEA
568	974	758	SEA
568	99	157	SEA
570	192	568	SEA
570	974	455	SEA
570	99	183	SEA
578	192	1009	SEA
578	974	428	SEA
578	99	305	SEA
593	192	833	SEA
593	974	1141	SEA
593	99	758	SEA
596	192	739	SEA
596	974	1048	SEA
596	99	336	SEA
597	192	659	SEA
597	974	1056	SEA
597	99	408	SEA
606	192	737	SEA
606	974	403	SEA
606	99	167	SEA
607	192	743	SEA
607	974	441	SEA
607	99	150	SEA
610	192	1417	SEA
610	974	423	SEA
610	99	222	SEA
615	192	1397	SEA
615	974	501	SEA
615	99	902	SEA
624	192	660	SEA
624	974	731	SEA
624	99	389	SEA
629	192	885	SEA
629	974	759	SEA
629	99	417	SEA
630	192	885	SEA
630	974	759	SEA
630	99	417	SEA
637	192	915	SEA
637	974	1046	SEA
637	99	1043	SEA
652	192	840	SEA
652	974	260	SEA
652	99	857	SEA
654	192	839	SEA
654	974	271	SEA
654	99	813	SEA
663	192	862	SEA
663	974	161	SEA
663	99	27	SEA
667	192	899	SEA
667	974	91	SEA
667	99	1165	SEA
672	192	859	SEA
672	974	1052	SEA
672	99	516	SEA
684	192	912	SEA
684	974	939	SEA
684	99	488	SEA
692	192	897	SEA
692	974	927	SEA
692	99	868	SEA
694	192	805	SEA
694	974	805	SEA
694	99	828	SEA
701	192	923	SEA
701	974	877	SEA
701	99	314	SEA
710	192	775	SEA
710	974	430	SEA
710	99	386	SEA
718	192	953	SEA
718	974	404	SEA
718	99	441	SEA
720	192	907	SEA
720	974	446	SEA
720	99	463	SEA
726	192	951	SEA
726	974	925	SEA
726	99	852	SEA
727	192	958	SEA
727	974	899	SEA
727	99	315	SEA
729	192	919	SEA
729	974	824	SEA
729	99	324	SEA
735	192	780	SEA
735	974	1413	SEA
735	99	288	SEA
736	192	780	SEA
736	974	1473	SEA
736	99	231	SEA
739	192	911	SEA
739	974	1463	SEA
739	99	174	SEA
745	192	795	SEA
745	974	754	SDA
745	99	703	SEA
749	192	793	SEA
749	974	795	SDA
749	99	520	SEA
750	192	779	SEA
750	974	759	SDA
750	99	555	SEA
751	192	779	SEA
751	974	759	SDA
751	99	555	SEA
756	192	857	SEA
756	974	824	SEA
756	99	375	SEA
757	192	832	SEA
757	974	794	SEA
757	99	378	SEA
759	192	801	SEA
759	974	811	SEA
759	99	701	SEA
760	192	860	SEA
760	974	796	SEA
760	99	711	SEA
761	192	805	SEA
761	974	792	SEA
761	99	720	SEA
765	192	659	SEA
765	974	827	SEA
765	99	823	SEA
768	192	559	SEA
768	974	737	SEA
768	99	799	SEA
770	192	359	SEA
770	974	1024	SEA
770	99	706	SEA
771	192	299	SEA
771	974	1012	SEA
771	99	726	SEA
772	192	299	SEA
772	974	1012	SEA
772	99	726	SEA
773	192	780	SEA
773	974	990	SEA
773	99	652	SEA
774	192	780	SEA
774	974	990	SEA
774	99	676	SEA
775	192	780	SEA
775	974	990	SEA
775	99	676	SEA
778	192	218	SEA
778	974	967	SEA
778	99	549	SEA
779	192	287	SEA
779	974	927	SEA
779	99	543	SEA
783	192	158	SEA
783	99	487	SEA
784	192	158	SEA
784	99	487	SEA
791	192	1001	SEA
791	974	402	SEA
791	99	959	SEA
798	192	1063	SEA
798	974	495	SEA
798	99	43	SDA
801	192	840	SEA
801	974	1618	SEA
801	99	190	SDA
804	192	839	SEA
804	974	1623	SEA
804	99	154	SEA
808	192	733	SEA
808	974	10	SEA
808	99	693	SEA
810	192	791	SDA
810	974	4	SEA
810	99	397	SEA
819	192	719	SEA
819	974	98	SEA
819	99	454	SEA
834	192	800	SEA
834	974	2	SEA
834	99	570	SEA
840	192	902	SEA
840	974	5	SEA
840	99	588	SEA
847	192	847	SEA
847	974	637	SEA
847	99	503	SEA
853	192	877	SEA
853	974	795	SEA
853	99	487	SEA
859	192	839	SEA
859	974	672	SDA
859	99	462	SEA
863	192	950	SEA
863	974	644	SDA
863	99	597	SEA
871	192	840	SEA
871	974	523	SEA
871	99	451	SEA
876	192	943	SEA
876	974	898	SEA
876	99	505	SEA
887	192	930	SEA
887	974	776	SEA
887	99	452	SEA
889	192	889	SEA
889	974	726	SEA
889	99	479	SEA
893	192	857	SEA
893	974	694	SEA
893	99	488	SEA
895	192	796	SEA
895	974	647	SEA
895	99	523	SEA
901	192	1185	SEA
901	974	523	SEA
901	99	555	SEA
908	192	1126	SEA
908	974	517	SEA
908	99	927	SEA
918	192	919	SEA
918	974	1051	SEA
918	99	146	SEA
920	192	889	SEA
920	974	866	SEA
920	99	167	SEA
922	192	928	SEA
922	974	838	SEA
922	99	181	SEA
923	192	926	SEA
923	974	902	SEA
923	99	94	SEA
924	192	934	SEA
924	974	815	SEA
924	99	1126	SEA
926	192	915	SEA
926	974	890	SEA
926	99	1047	SEA
932	192	839	SEA
932	974	811	SEA
932	99	100	SEA
933	192	779	SEA
933	974	833	SEA
933	99	190	SEA
936	192	599	SEA
936	974	871	SEA
936	99	263	SEA
937	192	479	SEA
937	974	833	SEA
937	99	192	SEA
940	192	299	SEA
940	974	778	SEA
940	99	177	SEA
941	192	259	SEA
941	974	707	SEA
941	99	323	SEA
943	192	1440	SEA
943	974	714	SEA
943	99	376	SEA
944	192	1440	SEA
944	974	709	SEA
944	99	480	SEA
950	192	1510	SEA
950	974	644	SEA
950	99	730	SEA
952	192	875	SEA
952	974	672	SEA
952	99	750	SEA
953	192	880	SEA
953	974	650	SEA
953	99	757	SEA
965	192	545	SEA
965	974	822	SEA
965	99	211	SEA
967	192	603	SEA
967	974	786	SEA
967	99	187	SEA
972	192	401	SEA
972	974	308	SEA
972	99	465	SEA
986	192	728	SEA
986	974	356	SEA
986	99	307	SEA
987	192	730	SEA
987	974	377	SEA
987	99	779	SEA
989	192	725	SEA
989	974	291	SEA
989	99	831	SEA
992	192	959	SEA
992	974	1271	SEA
992	99	730	SEA
1000	192	905	SEA
1000	974	698	SEA
1000	99	783	SEA
1006	192	600	SEA
1006	974	625	SEA
1006	99	371	SEA
1007	192	600	SEA
1007	974	625	SEA
1007	99	371	SEA
1008	192	599	SEA
1008	974	666	SEA
1008	99	370	SEA
1010	192	667	SEA
1010	974	579	SEA
1010	99	371	SEA
1013	192	640	SEA
1013	974	481	SEA
1013	99	314	SEA
1014	192	634	SEA
1014	974	550	SEA
1014	99	288	SEA
1016	192	653	SEA
1016	974	534	SEA
1016	99	236	SEA
1019	192	721	SEA
1019	974	619	SEA
1019	99	141	SEA
1023	192	550	SEA
1023	974	1085	SEA
1023	99	433	SEA
1026	192	574	SEA
1026	974	1045	SEA
1026	99	332	SEA
1028	192	566	SEA
1028	974	1088	SEA
1028	99	250	SEA
1033	192	564	SEA
1033	974	775	SEA
1033	99	479	SEA
1037	192	549	SEA
1037	974	715	SEA
1037	99	369	SEA
1040	192	1218	SEA
1040	974	601	SEA
1040	99	484	SEA
1042	192	1181	SEA
1042	974	598	SEA
1042	99	395	SEA
1048	192	523	SEA
1048	974	497	SEA
1048	99	11	SEA
1049	192	428	SEA
1049	974	427	SEA
1049	99	7	SEA
1051	192	609	SEA
1051	974	431	SEA
1051	99	15	SEA
1053	192	594	SEA
1053	974	464	SEA
1053	99	90	SEA
1057	192	407	SEA
1057	974	1103	SEA
1057	99	732	SEA
1059	192	1362	SEA
1059	974	1079	SEA
1059	99	760	SEA
1063	192	1454	SEA
1063	974	1091	SEA
1063	99	226	SEA
1064	192	1446	SEA
1064	974	1082	SEA
1064	99	215	SEA
1067	192	539	SEA
1067	974	950	SEA
1067	99	160	SEA
1069	192	578	SEA
1069	974	1052	SEA
1069	99	164	SEA
1071	192	646	SEA
1071	974	929	SEA
1071	99	52	SEA
1074	192	580	SEA
1074	974	871	SEA
1074	99	241	SEA
1075	192	574	SEA
1075	974	917	SEA
1075	99	221	SEA
1090	192	760	SEA
1090	974	772	SEA
1090	99	325	SEA
1093	192	1027	SEA
1093	974	755	SEA
1093	99	810	SEA
1099	192	1079	SEA
1099	974	785	SEA
1099	99	260	SEA
1103	192	420	SEA
1103	974	406	SEA
1103	99	336	SEA
1105	192	420	SEA
1105	974	324	SEA
1105	99	344	SEA
1108	192	420	SEA
1108	974	351	SEA
1108	99	334	SEA
1112	192	995	SEA
1112	974	445	SEA
1112	99	246	SEA
1119	192	478	SEA
1119	974	195	SEA
1119	99	679	SEA
1127	192	348	SEA
1127	974	1596	SEA
1127	99	649	SEA
1130	192	344	SEA
1130	974	1550	SEA
1130	99	595	SEA
1132	192	446	SEA
1132	974	1538	SEA
1132	99	646	SEA
1136	192	411	SEA
1136	974	364	SDA
1136	99	635	SEA
1140	192	434	SEA
1140	974	421	SDA
1140	99	376	SEA
1146	192	411	SEA
1146	974	426	SEA
1146	99	331	SEA
1149	192	388	SEA
1149	974	368	SEA
1149	99	269	SEA
1153	192	643	SEA
1153	974	299	SEA
1153	99	355	SEA
1154	192	624	SEA
1154	974	201	SEA
1154	99	322	SEA
1157	192	638	SEA
1157	974	347	SEA
1157	99	416	SEA
1164	192	272	SEA
1164	974	15	SEA
1164	99	405	SEA
1168	192	136	SEA
1168	974	874	SEA
1168	99	454	SEA
1181	192	130	SEA
1181	974	486	SEA
1181	99	1022	SEA
1183	192	354	SEA
1183	974	347	SEA
1183	99	179	SEA
1188	192	823	SEA
1188	974	555	SEA
1188	99	148	SEA
1190	192	822	SEA
1190	974	479	SEA
1190	99	126	SEA
1200	192	804	SEA
1200	974	53	SEA
1200	99	87	SEA
1205	192	750	SEA
1205	974	1337	SEA
1205	99	1403	SEA
1209	192	787	SEA
1209	974	1338	SEA
1209	99	114	SDA
1210	192	922	SEA
1210	974	1334	SEA
1210	99	140	SEA
1214	192	956	SEA
1214	974	11	SEA
1214	99	4	SEA
1228	192	618	SEA
1228	974	156	SEA
1228	99	42	SEA
1239	192	719	SEA
1239	974	395	SEA
1239	99	447	SEA
1240	192	679	SEA
1240	974	348	SEA
1240	99	457	SEA
1243	192	668	SEA
1243	974	460	SEA
1243	99	568	SEA
1248	192	538	SEA
1248	974	460	SEA
1248	99	466	SEA
1252	192	426	SEA
1252	974	1252	SEA
1252	99	471	SEA
1255	192	552	SEA
1255	974	1306	SEA
1255	99	592	SEA
1256	192	954	SEA
1256	974	1328	SEA
1256	99	605	SEA
1257	192	954	SEA
1257	974	1328	SEA
1257	99	605	SEA
1264	192	919	SEA
1264	974	194	SEA
1264	99	491	SEA
1265	192	840	SEA
1265	974	176	SEA
1265	99	478	SEA
1267	192	799	SEA
1267	974	197	SEA
1267	99	453	SEA
1275	192	837	SEA
1275	974	143	SEA
1275	99	529	SEA
1278	192	852	SEA
1278	974	192	SEA
1278	99	606	SEA
1279	192	852	SEA
1279	974	192	SEA
1279	99	606	SEA
1280	192	847	SEA
1280	974	116	SEA
1280	99	559	SEA
1284	192	1319	SEA
1284	974	1125	SEA
1284	99	614	SEA
1289	192	1267	SEA
1289	974	1176	SEA
1289	99	846	SEA
1295	192	1260	SEA
1295	974	827	SEA
1295	99	914	SEA
1296	192	1260	SEA
1296	974	827	SEA
1296	99	914	SEA
1301	192	1260	SEA
1301	974	901	SEA
1301	99	393	SEA
1306	192	1258	SEA
1306	974	950	SEA
1306	99	372	SEA
1308	192	1207	SEA
1308	974	1026	SEA
1308	99	307	SEA
1312	192	1175	SEA
1312	974	980	SEA
1312	99	750	SEA
1319	192	1260	SEA
1319	974	1377	SEA
1319	99	575	SEA
