363	254	587	SEA
385	254	1482	SEA
408	254	626	SEA
409	254	680	SEA
421	254	684	SEA
422	254	619	SEA
435	254	688	SEA
439	254	880	SEA
448	254	1007	SEA
453	254	2	SEA
458	254	45	SEA
463	254	102	SEA
494	254	334	SEA
507	254	727	SEA
512	254	266	SEA
520	254	226	SEA
529	254	868	SEA
543	254	852	SEA
549	254	811	SEA
554	254	510	SEA
568	254	729	SEA
578	254	742	SEA
593	254	1035	SEA
606	254	419	SEA
607	254	388	SEA
629	254	486	SEA
637	254	713	SEA
654	254	710	SEA
694	254	1519	SEA
710	254	861	SEA
718	254	830	SEA
720	254	818	SEA
727	254	976	SEA
729	254	1045	SEA
751	254	1023	SEA
757	254	958	SEA
759	254	943	SEA
760	254	922	SEA
761	254	948	SEA
765	254	708	SEA
768	254	747	SEA
770	254	785	SEA
771	254	797	SEA
772	254	797	SEA
774	254	708	SEA
775	254	708	SEA
778	254	805	SEA
783	254	918	SEA
791	254	1080	SEA
798	254	762	SEA
801	254	776	SEA
804	254	866	SEA
808	254	838	SEA
810	254	841	SEA
819	254	776	SEA
834	254	739	SEA
840	254	779	SEA
847	254	1070	SEA
853	254	1085	SEA
859	254	1031	SEA
863	254	1006	SEA
871	254	861	SEA
876	254	794	SEA
887	254	743	SEA
889	254	773	SEA
893	254	892	SEA
895	254	911	SEA
901	254	999	SEA
908	254	684	SEA
918	254	854	SEA
920	254	922	SEA
922	254	926	SEA
923	254	954	SEA
924	254	1002	SEA
926	254	894	SEA
932	254	770	SEA
933	254	793	SEA
936	254	879	SEA
937	254	777	SEA
940	254	860	SEA
941	254	782	SEA
943	254	796	SEA
944	254	845	SEA
950	254	709	SEA
952	254	703	SEA
953	254	726	SEA
965	254	678	SEA
967	254	735	SEA
972	254	772	SEA
986	254	907	SEA
987	254	936	SEA
989	254	977	SEA
992	254	904	SEA
1000	254	591	SEA
1006	254	632	SEA
1007	254	632	SEA
1008	254	686	SEA
1010	254	927	SEA
1013	254	935	SEA
1014	254	908	SEA
1016	254	1008	SEA
1019	254	981	SEA
1023	254	946	SEA
1026	254	888	SEA
1028	254	873	SEA
1033	254	826	SEA
1037	254	837	SEA
1040	254	839	SEA
1042	254	886	SEA
1048	254	879	SEA
1049	254	850	SEA
1051	254	872	SEA
1053	254	872	SEA
1057	254	867	SEA
1059	254	1026	SEA
1063	254	1003	SEA
1064	254	1018	SEA
1067	254	418	SEA
1069	254	437	SEA
1071	254	614	SEA
1074	254	527	SEA
1075	254	491	SEA
1090	254	621	SEA
1093	254	826	SEA
1099	254	901	SEA
1103	254	568	SEA
1105	254	591	SEA
1108	254	573	SEA
1112	254	479	SEA
1119	254	947	SEA
1127	254	924	SEA
1130	254	1025	SEA
1132	254	1047	SEA
1136	254	1027	SEA
1140	254	959	SEA
1146	254	880	SEA
1149	254	898	SEA
1153	254	959	SEA
1154	254	959	SEA
1157	254	939	SEA
1164	254	1058	SEA
1168	254	1083	SEA
1181	254	1172	SEA
1183	254	1216	SEA
1188	254	605	SEA
1190	254	683	SEA
1200	254	875	SEA
1205	254	899	SEA
1209	254	918	SEA
1210	254	926	SEA
1214	254	881	SEA
1228	254	1034	SEA
1239	254	863	SEA
1240	254	862	SEA
1243	254	799	SEA
1248	254	821	SEA
1252	254	745	SEA
1255	254	784	SEA
1257	254	752	SEA
1264	254	1058	SEA
1265	254	1049	SEA
1275	254	938	SEA
1278	254	956	SEA
1279	254	956	SEA
1280	254	961	SEA
1284	254	920	SEA
1289	254	944	SEA
1295	254	1311	SEA
1296	254	1311	SEA
1301	254	1501	SEA
1308	254	1339	SEA
1312	254	1222	SEA
1319	254	1152	SEA
