363	193	1019	SEA
408	193	824	SEA
409	193	900	SEA
414	193	759	SEA
421	193	489	SEA
422	193	494	SEA
435	193	354	SEA
439	193	740	SEA
453	193	574	SEA
458	193	41	SEA
463	193	204	SEA
494	193	281	SEA
512	193	13	SEA
529	193	309	SEA
543	193	337	SEA
549	193	535	SEA
554	193	382	SEA
568	193	545	SEA
593	193	306	SEA
606	193	712	SEA
607	193	783	SEA
623	193	578	SEA
654	193	491	SEA
694	193	1320	SEA
710	193	979	SEA
718	193	1451	SEA
727	193	1160	SEA
729	193	1181	SEA
740	193	1020	SEA
751	193	902	SEA
757	193	1020	SEA
760	193	959	SEA
761	193	859	SEA
768	193	847	SEA
770	193	853	SEA
771	193	846	SEA
774	193	1080	SEA
778	193	928	SEA
801	193	939	SEA
804	193	914	SEA
808	193	878	SEA
810	193	1320	SEA
819	193	1104	SEA
834	193	1319	SEA
840	193	1174	SEA
847	193	1163	SEA
853	193	1079	SEA
859	193	946	SEA
863	193	938	SEA
871	193	960	SEA
887	193	634	SEA
889	193	619	SEA
893	193	959	SEA
895	193	859	SEA
901	193	634	SEA
908	193	1020	SEA
918	193	950	SEA
920	193	965	SEA
922	193	1040	SEA
923	193	1040	SEA
924	193	1040	SEA
926	193	858	SEA
932	193	903	SEA
933	193	838	SEA
936	193	856	SEA
937	193	881	SEA
940	193	780	SEA
941	193	780	SEA
943	193	780	SEA
944	193	719	SEA
950	193	612	SEA
952	193	587	SEA
953	193	612	SEA
965	193	505	SEA
967	193	516	SEA
972	193	1376	SEA
986	193	420	SEA
987	193	420	SEA
989	193	420	SEA
992	193	330	SEA
1000	193	119	SEA
1006	193	210	SEA
1007	193	210	SEA
1008	193	176	SEA
1010	193	147	SEA
1013	193	136	SEA
1014	193	111	SEA
1016	193	400	SEA
1019	193	313	SEA
1023	193	557	SEA
1026	193	177	SEA
1028	193	238	SEA
1033	193	345	SEA
1037	193	294	SEA
1040	193	403	SEA
1042	193	438	SEA
1048	193	431	SEA
1049	193	493	SEA
1051	193	450	SEA
1053	193	467	SEA
1057	193	483	SEA
1059	193	342	SEA
1063	193	341	SEA
1064	193	288	SEA
1067	193	279	SEA
1069	193	380	SEA
1071	193	417	SEA
1074	193	357	SEA
1075	193	338	SEA
1090	193	535	SEA
1093	193	399	SEA
1099	193	470	SEA
1103	193	418	SEA
1105	193	440	SEA
1108	193	621	SEA
1112	193	450	SEA
1119	193	529	SEA
1127	193	469	SEA
1130	193	299	SEA
1132	193	317	SEA
1136	193	269	SEA
1146	193	442	SEA
1149	193	416	SEA
1153	193	420	SEA
1154	193	386	SEA
1157	193	489	SEA
1164	193	303	SEA
1168	193	507	SEA
1181	193	307	SEA
1183	193	362	SEA
1188	193	502	SEA
1190	193	563	SEA
1200	193	960	SEA
1205	193	723	SEA
1209	193	718	SEA
1210	193	711	SEA
1214	193	1662	SEA
1228	193	920	SEA
1239	193	877	SEA
1240	193	866	SEA
1243	193	859	SEA
1248	193	1080	SEA
1252	193	979	SEA
1255	193	964	SEA
1257	193	954	SEA
1264	193	1080	SEA
1265	193	1080	SEA
1275	193	860	SEA
1278	193	801	SEA
1280	193	785	SEA
1284	193	1320	SEA
1289	193	1139	SEA
1295	193	1165	SEA
1296	193	1165	SEA
1301	193	1320	SEA
1306	193	1320	SEA
1308	193	1319	SEA
1319	193	1203	SEA
