363	247	373	SEA
385	247	612	SEA
408	247	423	SEA
409	247	545	SEA
421	247	396	SDA
422	247	372	SDA
435	247	377	SEA
439	247	518	SEA
448	247	230	SDA
458	247	526	SEA
463	247	508	SEA
494	247	350	SEA
512	247	459	SDA
529	247	429	SEA
543	247	494	SEA
549	247	251	SEA
554	247	584	SEA
568	247	573	SEA
593	247	443	SEA
606	247	349	SEA
607	247	328	SEA
629	247	824	SEA
637	247	540	SEA
654	247	419	SEA
694	247	538	SEA
710	247	413	SEA
718	247	826	SEA
727	247	446	SEA
729	247	448	SEA
751	247	791	SEA
757	247	654	SEA
759	247	650	SEA
760	247	671	SEA
765	247	810	SEA
768	247	599	SEA
770	247	622	SEA
771	247	655	SEA
772	247	655	SEA
774	247	666	SEA
778	247	612	SEA
791	247	725	SEA
798	247	673	SEA
801	247	632	SEA
804	247	538	SEA
808	247	518	SEA
810	247	683	SEA
819	247	574	SEA
834	247	611	SEA
840	247	703	SEA
847	247	1468	SEA
853	247	1347	SEA
859	247	780	SEA
863	247	622	SEA
871	247	659	SEA
876	247	631	SEA
887	247	674	SEA
889	247	703	SEA
893	247	711	SEA
895	247	683	SEA
901	247	719	SEA
908	247	666	SEA
918	247	715	SEA
920	247	657	SEA
922	247	663	SEA
923	247	670	SEA
924	247	638	SEA
926	247	678	SEA
932	247	779	SEA
933	247	719	SEA
936	247	639	SEA
937	247	1597	SEA
940	247	1614	SEA
941	247	1594	SEA
943	247	1484	SEA
944	247	1520	SEA
950	247	697	SEA
952	247	703	SEA
953	247	700	SEA
965	247	659	SEA
967	247	539	SEA
972	247	900	SEA
986	247	474	SEA
987	247	466	SEA
989	247	476	SEA
992	247	485	SEA
1000	247	622	SEA
1006	247	594	SEA
1007	247	594	SEA
1008	247	673	SEA
1010	247	773	SEA
1013	247	743	SEA
1014	247	753	SEA
1016	247	789	SEA
1019	247	842	SEA
1023	247	792	SEA
1033	247	722	SEA
1037	247	667	SEA
1040	247	735	SEA
1042	247	675	SEA
1048	247	807	SEA
1049	247	770	SEA
1051	247	775	SEA
1053	247	761	SEA
1057	247	696	SEA
1059	247	663	SEA
1063	247	837	SEA
1064	247	1005	SEA
1067	247	885	SEA
1069	247	806	SEA
1071	247	749	SEA
1074	247	732	SEA
1075	247	754	SEA
1090	247	881	SEA
1093	247	878	SEA
1099	247	917	SEA
1103	247	1019	SEA
1105	247	899	SEA
1108	247	885	SEA
1112	247	846	SEA
1119	247	973	SEA
1127	247	983	SEA
1130	247	969	SEA
1132	247	940	SEA
1136	247	932	SEA
1140	247	929	SEA
1146	247	1300	SEA
1149	247	1304	SEA
1153	247	1231	SEA
1154	247	1230	SEA
1157	247	1169	SEA
1164	247	1499	SEA
1168	247	1318	SEA
1188	247	1504	SEA
1190	247	1504	SEA
1200	247	1333	SEA
1205	247	1335	SEA
1214	247	1499	SEA
1228	247	1314	SEA
1239	247	1497	SEA
1240	247	1497	SEA
1243	247	1376	SEA
1248	247	1441	SEA
1252	247	1442	SEA
1255	247	1521	SEA
1264	247	1500	SEA
1265	247	1500	SEA
1275	247	1417	SEA
1278	247	1384	SEA
1279	247	1384	SEA
1280	247	1422	SEA
1295	247	1437	SEA
1296	247	1437	SEA
1301	247	1399	SEA
1306	247	1373	SEA
