363	199	375	SEA
385	199	446	SEA
408	199	428	SEA
409	199	343	SEA
421	199	472	SEA
422	199	458	SEA
435	199	233	SEA
439	199	271	SEA
448	199	268	SEA
458	199	285	SEA
463	199	797	SEA
494	199	51	SEA
507	199	530	SEA
529	199	334	SEA
543	199	466	SEA
549	199	97	SEA
554	199	127	SEA
568	199	539	SEA
593	199	332	SEA
606	199	476	SEA
607	199	503	SEA
629	199	586	SEA
637	199	479	SEA
694	199	542	SEA
710	199	766	SEA
727	199	795	SEA
729	199	878	SEA
751	199	889	SEA
757	199	943	SEA
759	199	949	SEA
760	199	900	SEA
761	199	932	SEA
765	199	979	SEA
768	199	931	SDA
770	199	1147	SEA
771	199	1067	SEA
772	199	1067	SEA
774	199	914	SDA
778	199	961	SEA
791	199	923	SEA
798	199	974	SEA
801	199	921	SEA
804	199	1067	SEA
808	199	647	SDA
810	199	576	SDA
819	199	621	SDA
834	199	1196	SEA
840	199	1041	SDA
847	199	2296	SEA
863	199	1140	SEA
871	199	1061	SEA
876	199	1139	SEA
887	199	1027	SEA
889	199	1045	SEA
893	199	695	SEA
895	199	727	SEA
901	199	732	SEA
908	199	651	SEA
918	199	691	SEA
920	199	700	SEA
922	199	728	SEA
923	199	434	SDA
924	199	515	SDA
926	199	591	SEA
932	199	604	SEA
933	199	598	SEA
936	199	578	SEA
937	199	675	SEA
940	199	594	SEA
941	199	602	SEA
943	199	616	SEA
944	199	617	SEA
950	199	337	SEA
952	199	273	SEA
953	199	304	SEA
965	199	469	SEA
967	199	581	SEA
972	199	545	SEA
986	199	353	SEA
987	199	401	SEA
989	199	362	SEA
992	199	324	SEA
1000	199	350	SEA
1006	199	358	SEA
1007	199	358	SEA
1008	199	319	SEA
1010	199	318	SEA
1013	199	159	SEA
1014	199	117	SEA
1016	199	1041	SEA
1019	199	1052	SEA
1023	199	771	SEA
1026	199	635	SEA
1028	199	712	SEA
1033	199	586	SEA
1037	199	595	SEA
1040	199	407	SEA
1042	199	403	SEA
1048	199	994	SEA
1049	199	1013	SEA
1051	199	1073	SEA
1053	199	1087	SEA
1057	199	140	SEA
1059	199	261	SEA
1063	199	295	SEA
1064	199	274	SEA
1067	199	262	SEA
1069	199	457	SEA
1071	199	828	SEA
1074	199	1052	SEA
1075	199	1578	SEA
1090	199	764	SEA
1093	199	697	SEA
1099	199	376	SEA
1103	199	382	SEA
1105	199	393	SEA
1108	199	378	SEA
1112	199	444	SEA
1119	199	470	SEA
1127	199	531	SEA
1130	199	566	SEA
1132	199	554	SEA
1136	199	490	SEA
1140	199	508	SEA
1146	199	1044	SEA
1149	199	450	SEA
1153	199	780	SEA
1154	199	780	SEA
1157	199	779	SEA
1164	199	500	SEA
1168	199	487	SDA
1181	199	636	SEA
1183	199	586	SEA
1188	199	704	SEA
1190	199	634	SEA
1200	199	956	SEA
1205	199	780	SEA
1209	199	779	SEA
1210	199	719	SEA
1214	199	552	SDA
1228	199	468	SEA
1239	199	964	SEA
1240	199	981	SEA
1243	199	709	SDA
1248	199	619	SEA
1252	199	666	SEA
1255	199	773	SEA
1257	199	603	SEA
1264	199	735	SDA
1265	199	641	SDA
1275	199	869	SEA
1278	199	960	SEA
1279	199	960	SEA
1280	199	991	SEA
1284	199	753	SDA
1289	199	781	SDA
1295	199	741	SEA
1296	199	741	SEA
1301	199	687	SEA
1306	199	767	SEA
1308	199	740	SEA
1312	199	678	SDA
1319	199	794	SEA
