363	199	386	SEA
385	199	446	SEA
408	199	428	SEA
409	199	343	SEA
421	199	472	SEA
422	199	458	SEA
435	199	243	SEA
439	199	281	SEA
448	199	268	SEA
458	199	285	SEA
463	199	797	SEA
494	199	494	SEA
512	199	322	SEA
529	199	217	SEA
543	199	466	SEA
549	199	97	SEA
554	199	86	SEA
568	199	539	SEA
593	199	185	SEA
606	199	476	SEA
607	199	503	SEA
629	199	587	SEA
637	199	479	SEA
694	199	542	SEA
710	199	786	SEA
720	199	1064	SEA
727	199	1205	SEA
729	199	830	SEA
751	199	861	SEA
757	199	937	SEA
759	199	943	SEA
760	199	910	SEA
761	199	941	SEA
765	199	957	SEA
768	199	909	SDA
770	199	1147	SEA
771	199	1067	SEA
772	199	1067	SEA
774	199	914	SDA
778	199	939	SEA
791	199	914	SEA
798	199	961	SEA
801	199	908	SEA
804	199	1054	SEA
808	199	1279	SEA
810	199	563	SDA
819	199	608	SDA
834	199	1176	SEA
840	199	1021	SDA
847	199	2269	SEA
871	199	1065	SEA
876	199	1143	SEA
887	199	1027	SEA
889	199	1045	SEA
893	199	721	SEA
895	199	759	SEA
901	199	758	SEA
908	199	647	SEA
918	199	691	SEA
920	199	700	SEA
922	199	728	SEA
923	199	789	SEA
924	199	515	SDA
926	199	591	SEA
932	199	604	SEA
933	199	598	SEA
936	199	578	SEA
937	199	675	SEA
940	199	594	SEA
941	199	602	SEA
943	199	616	SEA
944	199	617	SEA
950	199	337	SEA
952	199	273	SEA
953	199	304	SEA
965	199	477	SEA
967	199	522	SEA
972	199	545	SEA
986	199	460	SEA
987	199	401	SEA
989	199	362	SEA
992	199	324	SEA
1000	199	785	SEA
1006	199	358	SEA
1007	199	358	SEA
1008	199	319	SEA
1010	199	318	SEA
1013	199	159	SEA
1014	199	117	SEA
1016	199	113	SEA
1019	199	673	SEA
1023	199	771	SEA
1026	199	635	SEA
1028	199	527	SEA
1033	199	593	SEA
1037	199	602	SEA
1040	199	407	SEA
1042	199	403	SEA
1048	199	994	SEA
1049	199	1013	SEA
1051	199	1073	SEA
1053	199	1087	SEA
1057	199	140	SEA
1059	199	261	SEA
1063	199	295	SEA
1064	199	274	SEA
1067	199	262	SEA
1069	199	246	SEA
1071	199	524	SEA
1074	199	1033	SEA
1075	199	1568	SEA
1090	199	764	SEA
1093	199	697	SEA
1099	199	376	SEA
1103	199	382	SEA
1105	199	393	SEA
1108	199	385	SEA
1112	199	444	SEA
1119	199	458	SEA
1127	199	720	SEA
1130	199	566	SEA
1132	199	554	SEA
1136	199	490	SEA
1140	199	508	SEA
1146	199	1076	SEA
1149	199	1272	SEA
1153	199	780	SEA
1154	199	780	SEA
1157	199	779	SEA
1164	199	510	SEA
1168	199	497	SDA
1181	199	636	SEA
1183	199	643	SEA
1188	199	703	SEA
1190	199	633	SEA
1200	199	967	SEA
1205	199	1555	SEA
1209	199	779	SEA
1210	199	719	SEA
1214	199	563	SDA
1228	199	471	SEA
1239	199	964	SEA
1240	199	981	SEA
1243	199	926	SEA
1248	199	627	SEA
1252	199	651	SEA
1255	199	773	SEA
1257	199	603	SEA
1264	199	735	SDA
1265	199	642	SDA
1275	199	877	SEA
1278	199	960	SEA
1279	199	960	SEA
1280	199	913	SEA
1284	199	786	SEA
1289	199	781	SDA
1295	199	741	SEA
1296	199	741	SEA
1301	199	667	SEA
1306	199	751	SEA
1308	199	724	SEA
1312	199	700	SDA
1319	199	794	SEA
