363	333	283	SEA
363	49	57	SEA
363	99	322	SEA
363	990	563	SEA
375	333	556	SEA
375	49	643	SEA
375	99	301	SEA
375	990	511	SEA
385	333	248	SEA
385	49	594	SEA
385	99	402	SEA
385	990	762	SEA
408	333	162	SEA
408	49	512	SEA
408	99	432	SEA
408	990	688	SEA
409	333	120	SEA
409	49	541	SEA
409	99	402	SEA
409	990	699	SEA
414	333	696	SEA
414	49	653	SEA
414	99	646	SEA
414	990	757	SEA
421	333	566	SEA
421	49	1096	SEA
421	99	449	SEA
421	990	662	SEA
422	333	569	SEA
422	49	1073	SEA
422	99	516	SEA
422	990	635	SEA
435	333	359	SEA
435	49	282	SEA
435	99	227	SEA
435	990	509	SEA
439	333	321	SEA
439	49	393	SEA
439	99	499	SEA
439	990	548	SEA
448	333	534	SDA
448	49	600	SEA
448	99	367	SEA
448	990	612	SDA
453	333	528	SDA
453	49	582	SEA
453	99	320	SEA
453	990	636	SDA
458	333	670	SDA
458	49	614	SEA
458	99	154	SEA
458	990	568	SEA
463	333	7	SDA
463	49	420	SDA
463	99	305	SEA
463	990	702	SEA
465	333	9	SDA
465	49	401	SEA
465	99	336	SEA
465	990	1049	SDA
490	333	199	SDA
490	49	177	SDA
490	99	126	SEA
490	990	535	SEA
492	333	247	SDA
492	49	73	SDA
492	99	189	SEA
492	990	564	SEA
494	333	166	SDA
494	49	35	SDA
494	99	229	SEA
494	990	592	SEA
500	333	502	SEA
500	49	36	SDA
500	99	415	SEA
500	990	700	SEA
517	333	264	SEA
517	49	64	SEA
517	99	38	SEA
517	990	712	SEA
520	333	281	SEA
520	49	104	SEA
520	99	81	SDA
520	990	827	SEA
529	333	180	SEA
529	49	40	SEA
529	99	240	SDA
529	990	1071	SEA
536	333	357	SEA
536	49	78	SEA
536	99	127	SEA
536	990	674	SEA
543	333	284	SDA
543	49	89	SEA
543	99	523	SEA
543	990	866	SEA
549	333	124	SEA
549	49	179	SEA
549	99	239	SEA
549	990	500	SEA
554	333	498	SEA
554	49	152	SEA
554	99	552	SEA
554	990	639	SEA
568	333	448	SEA
568	49	32	SEA
568	99	219	SEA
568	990	955	SEA
570	333	278	SEA
570	49	52	SEA
570	99	271	SEA
570	990	915	SEA
578	333	176	SDA
578	49	79	SEA
578	99	284	SEA
578	990	629	SEA
593	333	632	SEA
593	49	60	SEA
593	99	324	SEA
593	990	832	SEA
606	333	201	SDA
606	49	82	SEA
606	99	179	SEA
606	990	643	SEA
607	333	216	SEA
607	49	57	SEA
607	99	27	SEA
607	990	654	SEA
629	333	332	SEA
629	49	110	SEA
629	99	546	SEA
629	990	643	SEA
630	333	332	SEA
630	49	110	SEA
630	99	546	SEA
630	990	643	SEA
637	333	83	SEA
637	49	46	SEA
637	99	248	SEA
637	990	784	SEA
654	333	1022	SEA
654	49	11	SEA
654	99	299	SEA
654	990	840	SEA
667	333	824	SEA
667	49	4	SEA
667	99	529	SEA
667	990	452	SEA
672	333	692	SEA
672	49	25	SEA
672	99	478	SEA
672	990	638	SEA
692	333	713	SEA
692	49	34	SEA
692	99	313	SEA
692	990	971	SEA
694	333	865	SEA
694	49	25	SEA
694	99	351	SEA
694	990	683	SEA
710	333	818	SEA
710	49	61	SEA
710	99	220	SEA
710	990	668	SEA
718	333	666	SEA
718	49	18	SEA
718	99	565	SEA
718	990	722	SEA
720	333	520	SEA
720	49	15	SEA
720	99	556	SEA
720	990	870	SEA
727	333	1155	SEA
727	49	855	SEA
727	99	323	SEA
727	990	840	SEA
729	333	1122	SEA
729	49	864	SEA
729	99	381	SEA
729	990	840	SEA
739	333	601	SEA
739	49	1136	SEA
739	99	539	SEA
739	990	754	SEA
749	333	429	SDA
749	49	530	SEA
749	99	416	SEA
749	990	911	SEA
750	333	458	SDA
750	49	514	SEA
750	99	472	SEA
750	990	919	SEA
751	333	458	SDA
751	49	514	SEA
751	99	472	SEA
751	990	919	SEA
757	333	508	SEA
757	49	415	SEA
757	99	496	SEA
757	990	403	SEA
759	333	547	SEA
759	49	372	SEA
759	99	530	SEA
759	990	429	SEA
760	333	502	SEA
760	49	582	SEA
760	99	153	SEA
760	990	512	SEA
761	333	469	SEA
761	49	585	SEA
761	99	282	SEA
761	990	557	SEA
765	333	1340	SDA
765	49	1297	SEA
765	99	558	SEA
765	990	662	SEA
768	333	1415	SDA
768	49	1344	SEA
768	99	437	SEA
768	990	669	SEA
770	333	455	SEA
770	49	1330	SEA
770	99	426	SEA
770	990	758	SEA
771	333	534	SEA
771	49	1330	SEA
771	99	394	SEA
771	990	464	SEA
772	333	534	SEA
772	49	1330	SEA
772	99	394	SEA
772	990	464	SEA
773	333	623	SEA
773	49	1270	SEA
773	99	482	SEA
773	990	414	SEA
774	333	652	SEA
774	49	1252	SEA
774	99	481	SEA
774	990	462	SEA
775	333	652	SEA
775	49	1252	SEA
775	99	481	SEA
775	990	462	SEA
778	333	781	SEA
778	49	2	SEA
778	99	388	SEA
778	990	567	SEA
783	333	744	SEA
783	49	28	SEA
783	99	464	SEA
783	990	501	SEA
791	333	419	SEA
791	49	35	SEA
791	99	421	SEA
791	990	836	SEA
798	333	466	SDA
798	49	325	SEA
798	99	903	SEA
798	990	900	SEA
801	333	399	SDA
801	49	331	SEA
801	99	832	SEA
801	990	900	SEA
804	333	431	SEA
804	49	390	SEA
804	99	618	SEA
804	990	799	SEA
808	333	205	SEA
808	49	352	SEA
808	99	828	SEA
808	990	539	SEA
810	333	136	SEA
810	49	406	SEA
810	99	216	SEA
810	990	14	SEA
819	333	511	SEA
819	49	518	SEA
819	99	263	SEA
819	990	473	SEA
834	333	13	LSD
834	49	103	SDA
834	99	380	SEA
834	990	553	SDA
840	333	20	SDA
840	49	65	SDA
840	99	546	SEA
840	990	560	SEA
847	333	2	SEA
847	49	3	SEA
847	99	1016	SEA
847	990	515	SEA
853	333	156	SEA
853	49	206	SEA
853	99	425	SEA
853	990	471	SEA
859	333	101	SEA
859	49	123	SEA
859	99	410	SEA
859	990	765	SEA
863	333	217	SEA
863	49	1058	SEA
863	99	301	SEA
863	990	655	SEA
871	333	533	SEA
871	49	954	SEA
871	99	361	SEA
871	990	854	SEA
876	333	485	SEA
876	49	512	SEA
876	99	683	SEA
876	990	947	SEA
887	333	442	SEA
887	49	588	SEA
887	99	302	SDA
887	990	722	SEA
889	333	458	SEA
889	49	588	SEA
889	99	209	SDA
889	990	802	SEA
893	333	788	SEA
893	49	824	SEA
893	99	414	SEA
893	990	504	SEA
895	333	728	SEA
895	49	854	SEA
895	99	346	SEA
895	990	441	SEA
908	333	366	SEA
908	49	853	SEA
908	99	445	SEA
908	990	546	SEA
918	333	888	SEA
918	49	1073	SEA
918	99	329	SEA
918	990	633	SEA
922	333	521	SEA
922	49	1049	SEA
922	99	417	SEA
922	990	645	SEA
923	333	530	SEA
923	49	1051	SEA
923	99	185	SEA
923	990	679	SEA
924	333	510	SEA
924	49	1013	SEA
924	99	150	SEA
924	990	620	SEA
926	333	460	SEA
926	49	1031	SEA
926	99	360	SEA
926	990	578	SEA
932	333	509	SEA
932	49	805	SEA
932	99	343	SEA
932	990	769	SEA
933	333	542	SEA
933	49	833	SEA
933	99	429	SEA
933	990	769	SEA
936	333	414	SEA
936	49	889	SEA
936	99	273	SEA
936	990	905	SEA
937	333	402	SEA
937	49	890	SEA
937	99	304	SEA
937	990	978	SEA
940	333	511	SEA
940	49	836	SEA
940	99	473	SEA
940	990	146	SEA
941	333	487	SEA
941	49	837	SEA
941	99	461	SDA
941	990	184	SEA
943	333	412	SEA
943	49	855	SEA
943	99	411	SDA
943	990	271	SEA
944	333	468	SEA
944	49	865	SEA
944	99	239	SEA
950	333	842	SEA
950	49	470	SEA
950	99	562	SEA
950	990	966	SEA
952	333	769	SEA
952	49	464	SEA
952	99	299	SEA
952	990	904	SEA
953	333	832	SEA
953	49	486	SEA
953	99	259	SEA
953	990	853	SEA
965	333	140	SEA
965	49	766	SEA
965	99	40	SEA
965	990	587	SEA
967	333	207	SEA
967	49	774	SEA
967	99	414	SEA
967	990	668	SEA
972	333	131	SEA
972	49	1239	SEA
972	99	338	SEA
972	990	541	SEA
986	333	498	SEA
986	49	635	SEA
986	99	283	SEA
986	990	740	SEA
987	333	496	SEA
987	49	639	SEA
987	99	219	SEA
987	990	745	SEA
989	333	512	SEA
989	49	673	SEA
989	99	274	SEA
989	990	830	SEA
992	333	479	SEA
992	49	716	SEA
992	99	438	SEA
992	990	914	SEA
1000	333	1300	SEA
1000	49	775	SEA
1000	99	310	SDA
1000	990	471	SEA
1006	333	269	SEA
1006	49	354	SEA
1006	99	482	SEA
1006	990	957	SEA
1007	333	269	SEA
1007	49	354	SEA
1007	99	482	SEA
1007	990	957	SEA
1008	333	384	SEA
1008	49	395	SEA
1008	99	231	SEA
1008	990	929	SEA
1010	333	328	SEA
1010	49	439	SEA
1010	99	213	SEA
1010	990	991	SEA
1013	333	343	SEA
1013	49	700	SEA
1013	99	280	SEA
1013	990	425	SDA
1014	333	336	SEA
1014	49	661	SEA
1014	99	253	SEA
1014	990	426	SDA
1016	333	331	SEA
1016	49	685	SEA
1016	99	316	SEA
1016	990	458	SDA
1019	333	320	SEA
1019	49	1627	SEA
1019	99	521	SEA
1019	990	470	SDA
1023	333	181	SEA
1023	49	1653	SEA
1023	99	333	SEA
1023	990	752	SEA
1026	333	10	SEA
1026	49	1811	SEA
1026	99	341	SEA
1026	990	746	SEA
1028	333	5	SEA
1028	49	119	SDA
1028	99	480	SEA
1028	990	763	SEA
1033	333	1066	SEA
1033	49	46	SDA
1033	99	504	SEA
1033	990	443	SDA
1037	333	1101	SEA
1037	49	82	SDA
1037	99	85	SEA
1037	990	748	SEA
1040	333	1056	SEA
1040	49	11	SEA
1040	99	150	SEA
1040	990	757	SEA
1042	333	587	SEA
1042	49	20	SEA
1042	99	91	SEA
1042	990	683	SEA
1048	333	558	SEA
1048	49	2	SEA
1048	99	558	SDA
1048	990	739	SEA
1049	333	454	SEA
1049	49	3	SEA
1049	99	598	SDA
1049	990	179	SEA
1051	333	360	SEA
1051	49	33	SEA
1051	99	592	SDA
1051	990	65	SEA
1053	333	375	SEA
1053	49	36	SEA
1053	99	599	SDA
1053	990	29	SEA
1057	333	409	SEA
1057	49	551	SEA
1057	99	128	SEA
1057	990	1217	SEA
1059	333	361	SEA
1059	49	572	SEA
1059	99	386	SEA
1059	990	500	SEA
1063	333	435	SEA
1063	49	571	SDA
1063	99	517	SEA
1063	990	850	SEA
1064	333	644	SEA
1064	49	543	SDA
1064	99	598	SDA
1064	990	735	SEA
1067	333	683	SEA
1067	49	449	SDA
1067	99	289	SEA
1067	990	821	SEA
1069	333	770	SEA
1069	49	362	SDA
1069	99	245	SDA
1069	990	780	SEA
1071	333	525	SEA
1071	49	163	SDA
1071	99	322	SDA
1071	990	447	SEA
1074	333	597	SEA
1074	49	205	SDA
1074	99	541	SDA
1074	990	560	SEA
1075	333	627	SEA
1075	49	230	SDA
1075	99	609	SDA
1075	990	1009	SEA
1090	333	222	SEA
1090	49	734	SEA
1090	99	629	SEA
1090	990	663	SEA
1093	333	182	SEA
1093	49	632	SEA
1093	99	282	SEA
1093	990	654	SEA
1099	333	361	SEA
1099	49	599	SEA
1099	99	656	SDA
1099	990	804	SEA
1103	333	402	SEA
1103	49	447	SEA
1103	99	283	SEA
1103	990	716	SEA
1105	333	375	SDA
1105	49	744	SEA
1105	99	357	SEA
1105	990	652	SEA
1108	333	311	SEA
1108	49	845	SEA
1108	99	597	SDA
1108	990	641	SEA
1112	333	169	SEA
1112	49	158	SEA
1112	99	170	SDA
1112	990	792	SEA
1119	333	420	SEA
1119	49	417	SEA
1119	99	362	SEA
1119	990	1094	SEA
1127	333	92	SEA
1127	49	543	SEA
1127	99	829	SEA
1127	990	618	SEA
1130	333	7	SEA
1130	49	569	SEA
1130	99	34	SEA
1130	990	664	SEA
1132	333	6	SEA
1132	49	565	SEA
1132	99	63	SEA
1132	990	858	SEA
1136	333	11	SEA
1136	49	533	SEA
1136	99	44	SEA
1136	990	933	SEA
1140	333	904	SEA
1140	49	533	SEA
1140	99	215	SEA
1140	990	421	SEA
1146	333	537	SEA
1146	49	459	SEA
1146	99	600	SEA
1146	990	546	SEA
1149	333	511	SEA
1149	49	922	SEA
1149	99	538	SEA
1149	990	744	SEA
1153	333	495	SEA
1153	49	942	SEA
1153	99	550	SEA
1153	990	1069	SEA
1157	333	451	SEA
1157	49	236	SEA
1157	99	599	SEA
1157	990	719	SEA
1164	333	85	SEA
1164	49	224	SEA
1164	99	319	SEA
1164	990	147	SEA
1168	333	608	SEA
1168	49	302	SEA
1168	99	450	SEA
1168	990	531	SEA
1181	333	614	SEA
1181	49	514	SEA
1181	99	396	SEA
1181	990	546	SEA
1183	333	610	SEA
1183	49	503	SEA
1183	99	425	SEA
1183	990	725	SEA
1188	333	808	SEA
1188	49	550	SEA
1188	99	388	SEA
1188	990	725	SEA
1190	333	822	SEA
1190	49	530	SEA
1190	99	428	SEA
1190	990	736	SEA
1200	333	513	SEA
1200	49	364	SEA
1200	99	472	SEA
1200	990	651	SEA
1205	333	323	SEA
1205	49	801	SEA
1205	99	525	SEA
1205	990	540	SEA
1209	333	717	SEA
1209	49	884	SEA
1209	99	627	SEA
1209	990	563	SEA
1210	333	685	SEA
1210	49	917	SDA
1210	99	458	SEA
1210	990	721	SEA
1214	333	519	SEA
1214	49	831	SEA
1214	99	479	SEA
1214	990	613	SEA
1228	333	749	SEA
1228	49	626	SEA
1228	99	656	SEA
1228	990	197	SEA
1239	333	1096	SEA
1239	49	1546	SEA
1239	99	73	SEA
1239	990	611	SEA
1240	333	1120	SEA
1240	49	1605	SEA
1240	99	83	SEA
1240	990	604	SEA
1243	333	419	SEA
1243	49	1603	SEA
1243	99	230	SEA
1243	990	638	SEA
1248	333	364	SEA
1248	49	1589	SEA
1248	99	524	SEA
1248	990	831	SEA
1252	333	305	SEA
1252	99	419	SDA
1252	990	933	SEA
1255	333	255	SEA
1255	49	1299	SEA
1255	99	338	SDA
1255	990	298	SEA
1257	333	228	SEA
1257	49	1187	SEA
1257	99	333	SDA
1257	990	370	SEA
1264	333	223	SEA
1264	49	1348	SEA
1264	99	518	SEA
1264	990	811	SEA
1275	333	585	SEA
1275	49	1594	SEA
1275	99	543	SEA
1275	990	595	SEA
1278	333	530	SEA
1278	49	351	SEA
1278	99	385	SEA
1278	990	502	SEA
1280	333	478	SEA
1280	49	334	SEA
1280	99	417	SEA
1280	990	525	SEA
1284	333	1062	SEA
1284	49	406	SEA
1284	99	461	SEA
1284	990	401	SEA
1295	333	557	SEA
1295	49	372	SEA
1295	99	525	SEA
1295	990	594	SEA
1296	333	557	SEA
1296	49	372	SEA
1296	99	525	SEA
1296	990	594	SEA
1301	333	634	SEA
1301	49	280	SEA
1301	99	536	SEA
1301	990	696	SEA
1306	333	645	SEA
1306	49	1073	SEA
1306	99	463	SEA
1308	333	618	SEA
1308	49	205	SEA
1308	99	402	SEA
1312	333	833	SEA
1312	49	174	SEA
1312	99	455	SEA
1312	990	868	SEA
1319	333	698	SEA
1319	49	206	SEA
1319	99	588	SEA
1319	990	705	SEA
