363	157	678	SEA
363	185	661	SEA
363	187	330	SEA
363	198	417	SEA
363	334	385	SEA
363	502	670	SEA
363	98	328	SEA
363	99	280	SEA
375	157	482	SEA
375	185	375	SEA
375	187	477	SEA
375	198	392	SEA
375	334	611	SEA
375	502	942	SEA
375	98	452	SEA
375	99	406	SEA
385	157	494	SEA
385	185	622	SEA
385	187	549	SEA
385	198	284	SEA
385	334	398	SEA
385	502	885	SEA
385	98	1337	SEA
385	99	290	SEA
392	157	721	SEA
392	185	596	SEA
392	187	502	SEA
392	198	116	SEA
392	334	370	SEA
392	502	988	SEA
392	98	931	SEA
392	99	452	SEA
395	157	774	SEA
395	185	518	SEA
395	187	468	SEA
395	198	188	SEA
395	334	480	SEA
395	502	1017	SEA
395	98	1015	SEA
395	99	704	SEA
408	157	160	SEA
408	185	881	SEA
408	187	585	SDA
408	198	90	SEA
408	334	384	SEA
408	502	1140	SDA
408	98	680	SEA
408	99	608	SEA
409	157	189	SEA
409	185	930	SDA
409	187	602	SDA
409	198	66	SEA
409	334	405	SEA
409	502	957	SEA
409	98	705	SEA
409	99	658	SEA
421	157	720	SEA
421	185	312	SDA
421	187	658	SDA
421	198	245	SDA
421	334	430	SEA
421	502	1034	SDA
421	98	878	SEA
421	99	171	SEA
422	157	635	SEA
422	185	302	SDA
422	187	546	SDA
422	198	650	SEA
422	334	431	SEA
422	502	975	SDA
422	98	886	SEA
422	99	472	SEA
435	157	530	SEA
435	185	287	SDA
435	187	332	SEA
435	198	113	SDA
435	334	442	SEA
435	502	734	SDA
435	657	900	SEA
435	98	22	SEA
435	99	574	SEA
439	157	500	SEA
439	185	470	SDA
439	187	433	SDA
439	198	127	SDA
439	334	365	SEA
439	502	782	SDA
439	657	900	SEA
439	98	17	SDA
439	99	455	SDA
448	157	473	SEA
448	185	562	SEA
448	187	1	SEA
448	198	326	SEA
448	334	412	SEA
448	502	864	SEA
448	657	900	SEA
448	98	107	SEA
448	99	519	SDA
453	157	342	SEA
453	185	621	SEA
453	187	108	SEA
453	198	348	SEA
453	334	364	SEA
453	502	851	SEA
453	657	57	SEA
453	98	6	SEA
453	99	890	SEA
458	157	833	SEA
458	185	415	SEA
458	187	113	SEA
458	198	585	SEA
458	334	462	SEA
458	502	508	SEA
458	657	365	SEA
458	98	5	SEA
458	99	589	SDA
463	157	826	SEA
463	185	509	SEA
463	187	392	SEA
463	198	423	SEA
463	334	484	SEA
463	502	529	SEA
463	98	929	SEA
463	99	562	SDA
490	157	519	SEA
490	185	550	SEA
490	187	436	SEA
490	198	485	SEA
490	334	406	SEA
490	502	56	SEA
490	98	654	SEA
490	99	25	SEA
494	157	614	SEA
494	185	611	SEA
494	187	187	SEA
494	198	620	SEA
494	334	553	SEA
494	502	226	SEA
494	98	664	SEA
494	99	11	SEA
500	157	694	SEA
500	185	979	SEA
500	187	405	SEA
500	198	176	SEA
500	334	515	SEA
500	502	1155	SEA
500	98	527	SEA
500	99	393	SEA
507	157	444	SDA
507	185	936	SDA
507	187	412	SEA
507	198	21	SEA
507	334	550	SEA
507	502	1993	SEA
507	98	522	SEA
507	99	248	SEA
508	157	465	SDA
508	185	977	SDA
508	187	470	SEA
508	198	28	SEA
508	334	559	SEA
508	502	1953	SEA
508	98	488	SEA
508	99	197	SEA
512	157	601	SEA
512	185	924	SEA
512	187	249	SEA
512	198	355	SEA
512	334	355	SEA
512	502	1847	SEA
512	98	877	SEA
512	99	423	SEA
517	157	944	SEA
517	185	969	SEA
517	187	319	SEA
517	198	327	SEA
517	334	391	SEA
517	502	183	SEA
517	98	858	SEA
517	99	1112	SEA
520	157	353	SDA
520	185	967	SEA
520	187	253	SEA
520	198	641	SEA
520	334	636	SEA
520	502	348	SEA
520	98	35	SEA
520	99	1175	SEA
529	157	732	SEA
529	185	1229	SEA
529	187	601	SEA
529	198	49	SEA
529	334	961	SEA
529	502	542	SEA
529	98	5	SEA
529	99	7	SEA
536	157	728	SDA
536	185	1263	SEA
536	187	578	SEA
536	198	536	SEA
536	334	1079	SEA
536	502	563	SEA
536	98	226	SEA
536	99	52	SEA
541	157	605	SEA
541	185	875	SEA
541	187	302	SEA
541	198	646	SEA
541	334	439	SEA
541	502	532	SEA
541	98	1181	SEA
541	99	780	SDA
543	157	603	SEA
543	185	905	SEA
543	187	254	SEA
543	198	605	SEA
543	334	453	SEA
543	502	547	SEA
543	98	1149	SEA
543	99	779	SDA
549	157	799	SEA
549	185	1229	SEA
549	187	686	SEA
549	198	561	SEA
549	334	463	SEA
549	502	1587	SEA
549	98	19	SEA
549	99	393	SEA
554	157	954	SEA
554	185	1403	SEA
554	187	701	SEA
554	198	589	SEA
554	334	436	SEA
554	98	4	SEA
554	99	339	SEA
568	157	657	SEA
568	185	342	SEA
568	187	421	SDA
568	198	148	SEA
568	334	624	SEA
568	502	485	SEA
568	98	2214	SEA
568	99	918	SEA
578	157	1499	SEA
578	185	200	SEA
578	187	343	SDA
578	198	876	SEA
578	334	434	SEA
578	502	420	SEA
578	98	427	SEA
578	99	111	SEA
593	157	534	SEA
593	185	759	SEA
593	187	526	SDA
593	198	758	SEA
593	334	313	SEA
593	502	708	SEA
593	98	52	SEA
593	99	562	SEA
606	157	407	SEA
606	185	731	SEA
606	187	652	SDA
606	198	706	SEA
606	334	215	SEA
606	502	1291	SEA
606	98	41	SEA
606	99	141	SEA
607	157	630	SEA
607	185	787	SEA
607	187	539	SEA
607	198	794	SEA
607	334	232	SEA
607	502	844	SEA
607	98	57	SEA
607	99	93	SEA
624	157	651	SEA
624	185	250	SEA
624	187	395	SEA
624	198	664	SEA
624	334	666	SEA
624	502	1289	SEA
624	98	640	SEA
624	98M	799	SEA
624	99	490	SEA
629	157	749	SEA
629	185	1019	SEA
629	187	946	SEA
629	198	255	SEA
629	334	566	SEA
629	502	1002	SEA
629	98	462	SEA
629	98M	839	SEA
629	99	621	SEA
637	157	745	SEA
637	185	634	SDA
637	187	304	SDA
637	198	910	SEA
637	334	770	SEA
637	502	1329	SEA
637	98	56	SEA
637	98M	835	SEA
637	99	791	SEA
654	157	1020	SEA
654	185	1258	SEA
654	187	494	SEA
654	198	750	SEA
654	334	829	SEA
654	502	1156	SEA
654	98	52	SEA
654	98M	915	SEA
654	99	101	SEA
672	157	560	SEA
672	185	899	SEA
672	187	407	SEA
672	198	918	SEA
672	334	263	SEA
672	502	1353	SEA
672	98	91	SEA
672	98M	1175	SEA
672	99	8	SEA
694	157	560	SEA
694	185	605	SEA
694	187	590	SEA
694	198	579	SEA
694	334	573	SEA
694	98	1133	SEA
694	98M	895	SEA
694	99	90	SDA
710	157	666	SEA
710	185	1721	SEA
710	187	845	SEA
710	198	686	SEA
710	334	1160	SEA
710	502	151	SEA
710	98	873	SEA
710	98M	1014	SEA
710	99	272	SEA
720	157	660	SEA
720	185	1130	SEA
720	187	713	SEA
720	198	654	SEA
720	334	304	SEA
720	502	864	SEA
720	98	850	SEA
720	98M	1144	SEA
720	99	91	SEA
727	157	509	SEA
727	185	1240	SEA
727	187	1272	SEA
727	198	528	SEA
727	334	746	SEA
727	502	965	SEA
727	98	791	SEA
727	98M	1215	SEA
727	99	719	SEA
740	157	435	SDA
740	185	773	SEA
740	187	421	SEA
740	198	532	SEA
740	334	481	SEA
740	502	2004	SEA
740	98	1775	SEA
740	98M	1274	SEA
740	99	524	SEA
750	157	676	SEA
750	185	927	SEA
750	187	530	SEA
750	198	296	SEA
750	334	799	SEA
750	502	502	SEA
750	98	626	SEA
750	98M	991	SEA
750	99	1069	SEA
751	157	676	SEA
751	185	927	SEA
751	187	530	SEA
751	198	296	SEA
751	334	799	SEA
751	502	502	SEA
751	98	626	SEA
751	98M	991	SEA
751	99	1069	SEA
757	157	286	SEA
757	185	817	SEA
757	187	652	SDA
757	198	695	SEA
757	334	716	SEA
757	502	209	SEA
757	98	663	SEA
757	98M	1122	SEA
757	99	371	SEA
759	157	303	SEA
759	185	801	SEA
759	187	1493	SEA
759	198	727	SEA
759	334	749	SEA
759	502	216	SEA
759	98	708	SEA
759	98M	1072	SEA
759	99	350	SEA
760	157	492	SEA
760	185	788	SEA
760	187	1455	SEA
760	198	728	SEA
760	334	700	SEA
760	502	1205	SEA
760	98	807	SEA
760	98M	1135	SEA
760	99	335	SEA
761	157	447	SEA
761	185	1008	SEA
761	187	1450	SEA
761	198	792	SEA
761	334	782	SEA
761	502	1122	SEA
761	98	808	SEA
761	98M	1146	SEA
761	99	294	SEA
765	157	371	SEA
765	185	1231	SEA
765	187	921	SEA
765	198	451	SEA
765	334	1656	SEA
765	502	1148	SEA
765	98	865	SEA
765	98M	1206	SEA
765	99	314	SEA
768	157	385	SEA
768	185	1287	SEA
768	187	939	SEA
768	198	525	SEA
768	334	1331	SEA
768	502	1122	SEA
768	98	872	SEA
768	98M	1173	SEA
768	99	297	SEA
770	157	265	SEA
770	185	1313	SEA
770	187	808	SEA
770	198	734	SEA
770	334	414	SEA
770	502	1080	SEA
770	98	871	SEA
770	98M	985	SEA
770	99	343	SEA
771	157	892	SEA
771	185	1357	SEA
771	187	557	SEA
771	198	834	SEA
771	334	413	SEA
771	502	353	SEA
771	98	820	SEA
771	98M	993	SEA
771	99	379	SEA
772	157	892	SEA
772	185	1357	SEA
772	187	557	SEA
772	198	834	SEA
772	334	413	SEA
772	502	353	SEA
772	98	820	SEA
772	98M	993	SEA
772	99	379	SEA
773	157	934	SEA
773	185	11	SEA
773	187	521	SEA
773	198	921	SEA
773	334	435	SEA
773	502	310	SEA
773	98	887	SEA
773	98M	887	SEA
773	99	283	SEA
774	157	889	SEA
774	185	39	SEA
774	187	533	SEA
774	198	343	SEA
774	334	420	SEA
774	502	349	SEA
774	98	828	SEA
774	98M	935	SEA
774	99	299	SEA
778	157	369	SEA
778	185	3	SEA
778	187	725	SEA
778	198	370	SEA
778	334	710	SEA
778	502	358	SEA
778	98	912	SEA
778	98M	918	SEA
778	99	198	SEA
783	157	663	SEA
783	185	24	SEA
783	187	698	SDA
783	198	481	SEA
783	334	1084	SEA
783	502	342	SEA
783	98	923	SEA
783	98M	1021	SEA
783	99	528	SEA
791	157	559	SEA
791	185	34	SEA
791	187	760	SDA
791	198	696	SDA
791	334	486	SEA
791	502	289	SEA
791	98	738	SEA
791	98M	913	SEA
791	99	847	SEA
798	157	929	SEA
798	185	818	SEA
798	187	748	SEA
798	198	533	SEA
798	334	581	SEA
798	502	858	SEA
798	98	773	SEA
798	98M	994	SEA
798	99	971	SEA
801	157	346	SEA
801	185	878	SEA
801	187	857	SEA
801	198	600	SEA
801	334	600	SEA
801	502	647	SEA
801	98	860	SEA
801	98M	1044	SEA
801	99	501	SEA
804	157	375	SEA
804	185	915	SEA
804	187	943	SEA
804	198	750	SEA
804	334	533	SEA
804	502	700	SEA
804	98	841	SEA
804	98M	918	SEA
804	99	431	SEA
808	157	601	SEA
808	185	958	SEA
808	187	304	SEA
808	198	887	SEA
808	334	474	SEA
808	502	755	SEA
808	98	727	SEA
808	98M	1362	SEA
808	99	402	SEA
810	157	652	SEA
810	185	952	SEA
810	187	406	SEA
810	198	1199	SEA
810	334	473	SEA
810	502	756	SEA
810	98	756	SEA
810	98M	1338	SEA
810	99	404	SEA
819	157	575	SEA
819	185	918	SEA
819	187	545	SEA
819	198	552	SEA
819	334	742	SEA
819	502	977	SEA
819	98	872	SEA
819	98M	1308	SEA
819	99	27	SEA
834	157	572	SEA
834	185	848	SEA
834	187	568	SEA
834	198	616	SEA
834	334	59	SEA
834	502	815	SEA
834	98	782	SEA
834	98M	1235	SEA
834	99	19	SEA
840	157	678	SEA
840	185	552	SDA
840	187	521	SEA
840	198	680	SEA
840	334	489	SEA
840	502	894	SEA
840	98	827	SEA
840	98M	1432	SEA
840	99	814	SEA
847	157	459	SEA
847	185	615	SDA
847	187	959	SEA
847	198	503	SEA
847	334	709	SEA
847	502	1037	SEA
847	98	730	SEA
847	98M	1290	SEA
847	99	124	SDA
853	157	647	SEA
853	185	605	SEA
853	187	418	SEA
853	198	615	SEA
853	334	761	SEA
853	502	1225	SEA
853	98	643	SEA
853	98M	1390	SEA
853	99	134	SDA
859	157	245	SEA
859	185	804	SEA
859	187	672	SEA
859	198	639	SEA
859	334	489	SEA
859	502	1225	SEA
859	98	823	SEA
859	98M	1002	SEA
859	99	265	SEA
863	157	348	SEA
863	185	877	SEA
863	187	730	SEA
863	198	538	SEA
863	334	609	SEA
863	502	817	SEA
863	98	1010	SEA
863	98M	979	SEA
863	99	190	SEA
871	157	533	SEA
871	185	541	SEA
871	187	675	SEA
871	198	1472	SEA
871	334	706	SEA
871	502	750	SEA
871	98	917	SEA
871	98M	1011	SEA
871	99	383	SEA
876	157	585	SEA
876	185	473	SEA
876	187	711	SDA
876	198	1417	SEA
876	334	865	SEA
876	502	749	SEA
876	98	931	SEA
876	98M	1237	SEA
876	99	412	SEA
887	157	61	SEA
887	185	735	SEA
887	187	447	SEA
887	198	555	SEA
887	334	661	SEA
887	502	1033	SEA
887	98	1024	SEA
887	98M	637	SEA
887	99	269	SEA
889	157	61	SEA
889	185	804	SEA
889	187	463	SEA
889	198	536	SEA
889	334	704	SEA
889	502	989	SEA
889	98	1029	SEA
889	98M	703	SEA
889	99	324	SEA
893	157	385	SEA
893	185	691	SEA
893	187	166	SEA
893	198	489	SEA
893	334	887	SEA
893	502	1023	SEA
893	98	1011	SEA
893	98M	692	SEA
893	99	268	SEA
895	157	354	SEA
895	185	663	SEA
895	187	771	SEA
895	198	532	SEA
895	334	1086	SEA
895	502	1125	SEA
895	98	980	SEA
895	98M	664	SEA
895	99	488	SEA
901	157	404	SEA
901	185	886	SEA
901	187	608	SEA
901	198	700	SEA
901	334	250	SEA
901	502	1196	SEA
901	98	1020	SEA
901	98M	871	SEA
901	99	811	SEA
908	157	467	SEA
908	185	865	SEA
908	187	431	SEA
908	198	229	SEA
908	334	520	SEA
908	502	973	SEA
908	98	1093	SEA
908	98M	899	SEA
908	99	259	SEA
918	157	677	SEA
918	185	463	SEA
918	187	689	SEA
918	198	1069	SEA
918	334	398	SEA
918	502	1028	SEA
918	98	490	SEA
918	98M	969	SEA
918	99	285	SEA
920	157	657	SEA
920	185	482	SEA
920	187	805	SEA
920	198	728	SEA
920	334	369	SEA
920	502	1060	SEA
920	98	518	SEA
920	98M	988	SEA
920	99	514	SEA
922	157	719	SEA
922	185	538	SEA
922	187	738	SEA
922	198	607	SEA
922	334	326	SEA
922	502	1202	SEA
922	98	582	SEA
922	98M	1094	SEA
922	99	586	SEA
923	157	724	SEA
923	185	546	SEA
923	187	743	SEA
923	198	567	SEA
923	334	307	SEA
923	502	1200	SEA
923	98	582	SEA
923	98M	1044	SEA
923	99	573	SEA
924	157	689	SEA
924	185	581	SEA
924	187	657	SEA
924	198	487	SEA
924	334	264	SEA
924	502	1304	SEA
924	98	509	SEA
924	98M	1089	SEA
924	99	316	SEA
926	157	719	SEA
926	185	591	SEA
926	187	677	SEA
926	198	512	SEA
926	334	233	SEA
926	502	1399	SEA
926	98	531	SEA
926	98M	1096	SEA
926	99	343	SEA
932	157	141	SDA
932	185	822	SEA
932	187	765	SEA
932	198	500	SEA
932	334	219	SEA
932	98	1237	SEA
932	98M	950	SEA
932	99	401	SEA
933	157	137	SDA
933	185	823	SEA
933	187	791	SEA
933	198	458	SEA
933	334	214	SEA
933	502	408	SEA
933	98	1253	SEA
933	98M	938	SEA
933	99	373	SEA
936	157	123	SEA
936	185	845	SEA
936	187	773	SEA
936	198	571	SEA
936	334	246	SEA
936	502	976	SEA
936	98	1342	SEA
936	98M	901	SEA
936	99	568	SEA
937	157	101	SEA
937	185	813	SEA
937	187	841	SEA
937	198	594	SEA
937	334	245	SEA
937	502	971	SEA
937	98	1306	SEA
937	98M	916	SEA
937	99	545	SEA
940	157	77	SEA
940	185	630	SEA
940	187	723	SEA
940	198	530	SEA
940	334	279	SEA
940	502	991	SEA
940	98	943	SEA
940	98M	936	SEA
940	99	586	SEA
941	157	646	SEA
941	185	717	SEA
941	187	738	SEA
941	198	426	SEA
941	334	298	SEA
941	502	717	SEA
941	98	961	SEA
941	98M	1023	SEA
941	99	494	SDA
943	157	624	SEA
943	185	670	SEA
943	187	788	SEA
943	198	365	SEA
943	334	608	SEA
943	98	951	SEA
943	98M	1038	SEA
943	99	511	SDA
944	157	477	SEA
944	185	656	SEA
944	187	671	SEA
944	198	807	SEA
944	334	678	SEA
944	502	731	SEA
944	98	909	SEA
944	98M	1116	SEA
944	99	502	SDA
950	157	628	SEA
950	185	758	SEA
950	187	629	SEA
950	198	643	SDA
950	334	399	SEA
950	502	513	SEA
950	98	1042	SEA
950	98M	981	SEA
950	99	513	SEA
952	157	669	SEA
952	185	603	SEA
952	187	642	SEA
952	198	635	SDA
952	334	383	SEA
952	502	563	SEA
952	98	1109	SEA
952	98M	973	SEA
952	99	530	SEA
953	157	677	SEA
953	185	619	SEA
953	187	616	SEA
953	198	649	SDA
953	334	370	SEA
953	502	583	SEA
953	98	1055	SEA
953	98M	948	SEA
953	99	531	SEA
965	157	594	SEA
965	185	391	SEA
965	187	665	SDA
965	198	472	SEA
965	334	531	SEA
965	502	703	SEA
965	98	720	SEA
965	98M	1175	SEA
965	99	376	SEA
972	157	569	SEA
972	185	669	SEA
972	187	657	SEA
972	198	666	SEA
972	334	441	SEA
972	502	820	SEA
972	98	569	SEA
972	98M	1043	SEA
972	99	538	SDA
986	157	383	SEA
986	185	884	SEA
986	187	578	SEA
986	198	858	SEA
986	334	455	SEA
986	502	861	SEA
986	98	1783	SEA
986	98M	1106	SEA
986	99	357	SEA
987	157	342	SEA
987	185	886	SEA
987	187	608	SEA
987	198	858	SEA
987	334	478	SEA
987	502	868	SEA
987	98	812	SEA
987	98M	1137	SEA
987	99	364	SEA
989	157	391	SEA
989	185	886	SEA
989	187	1120	SEA
989	198	854	SEA
989	334	474	SEA
989	502	862	SEA
989	98	815	SEA
989	98M	1124	SEA
989	99	426	SEA
992	157	286	SEA
992	185	958	SEA
992	187	636	SEA
992	198	179	SDA
992	334	424	SEA
992	502	791	SEA
992	98	964	SEA
992	98M	981	SEA
992	99	364	SEA
1000	157	163	SEA
1000	185	432	SEA
1000	187	524	SEA
1000	198	766	SEA
1000	334	493	SEA
1000	502	859	SEA
1000	98	985	SEA
1000	98M	962	SEA
1000	99	736	SEA
1006	157	637	SEA
1006	185	434	SEA
1006	187	898	SEA
1006	198	140	SEA
1006	334	436	SEA
1006	502	801	SEA
1006	98	935	SEA
1006	98M	1002	SEA
1006	99	480	SEA
1007	157	637	SEA
1007	185	434	SEA
1007	187	898	SEA
1007	198	140	SEA
1007	334	436	SEA
1007	502	801	SEA
1007	98	935	SEA
1007	98M	1002	SEA
1007	99	480	SEA
1008	157	658	SEA
1008	185	387	SEA
1008	187	890	SEA
1008	198	127	SEA
1008	334	475	SEA
1008	502	859	SEA
1008	98	946	SEA
1008	98M	1071	SEA
1008	99	557	SEA
1010	157	757	SEA
1010	185	341	SEA
1010	187	1031	SEA
1010	198	242	SEA
1010	334	521	SEA
1010	502	861	SEA
1010	98	976	SEA
1010	99	538	SEA
1013	157	828	SEA
1013	185	1004	SEA
1013	187	419	SEA
1013	198	209	SEA
1013	334	477	SEA
1013	502	777	SEA
1013	98	1043	SEA
1013	99	622	SEA
1014	157	320	SEA
1014	185	1098	SEA
1014	187	385	SEA
1014	198	116	SEA
1014	334	483	SEA
1014	502	773	SEA
1014	98	659	SEA
1014	99	196	SDA
1016	157	364	SEA
1016	185	786	SEA
1016	187	458	SEA
1016	198	145	SEA
1016	334	661	SEA
1016	502	868	SEA
1016	98	597	SEA
1016	99	179	SDA
1019	157	569	SEA
1019	185	635	SEA
1019	187	385	SEA
1019	198	151	SEA
1019	334	554	SEA
1019	502	857	SEA
1019	98	676	SEA
1019	99	81	SDA
1023	157	646	SEA
1023	185	723	SEA
1023	187	575	SEA
1023	198	175	SEA
1023	334	552	SEA
1023	502	791	SEA
1023	98	613	SEA
1023	98M	2457	SEA
1023	99	64	SEA
1026	157	611	SEA
1026	185	485	SEA
1026	187	572	SEA
1026	198	88	SEA
1026	334	476	SEA
1026	502	607	SEA
1026	98	651	SEA
1026	99	954	SEA
1028	157	592	SEA
1028	185	565	SEA
1028	187	213	SDA
1028	198	405	SEA
1028	334	508	SEA
1028	502	592	SEA
1028	98	693	SEA
1028	99	249	SEA
1033	157	700	SEA
1033	185	455	SEA
1033	187	315	SEA
1033	198	415	SEA
1033	334	865	SEA
1033	502	660	SEA
1033	98	1408	SEA
1033	99	108	SEA
1037	157	702	SEA
1037	185	405	SEA
1037	187	510	SEA
1037	198	858	SEA
1037	198A	540	SEA
1037	334	871	SEA
1037	502	595	SEA
1037	98	1423	SEA
1037	99	148	SEA
1040	157	517	SEA
1040	185	818	SEA
1040	187	571	SEA
1040	198	875	SEA
1040	198A	540	SEA
1040	334	627	SEA
1040	502	858	SEA
1040	98	1413	SEA
1040	99	128	SEA
1042	157	575	SEA
1042	185	840	SEA
1042	187	597	SDA
1042	198	895	SEA
1042	198A	540	SEA
1042	334	602	SEA
1042	502	891	SEA
1042	98	1450	SEA
1042	99	125	SEA
1048	157	609	SEA
1048	185	624	SEA
1048	187	593	SDA
1048	198	265	SDA
1048	198A	540	SEA
1048	334	562	SEA
1048	502	806	SEA
1048	98	637	SDA
1048	99	802	SEA
1049	157	434	SDA
1049	185	567	SEA
1049	187	574	SDA
1049	198	170	SDA
1049	198A	540	SEA
1049	334	532	SEA
1049	502	595	SEA
1049	98	654	SDA
1049	99	815	SEA
1051	157	439	SDA
1051	185	554	SEA
1051	187	502	SDA
1051	198	154	SEA
1051	198A	540	SEA
1051	334	526	SEA
1051	502	659	SEA
1051	98	745	SDA
1051	99	831	SEA
1053	157	422	SDA
1053	185	574	SEA
1053	187	434	SDA
1053	198	170	SEA
1053	198A	540	SEA
1053	334	532	SEA
1053	502	625	SEA
1053	98	746	SDA
1053	99	768	SEA
1057	157	521	SDA
1057	185	459	SEA
1057	187	344	SDA
1057	198	182	SEA
1057	198A	254	SEA
1057	334	628	SEA
1057	502	743	SEA
1057	98	757	SDA
1057	99	733	SDA
1059	157	844	SEA
1059	185	440	SEA
1059	187	332	SDA
1059	198	227	SEA
1059	198A	318	SEA
1059	334	695	SEA
1059	502	842	SEA
1059	98	739	SDA
1059	99	697	SDA
1064	157	821	SEA
1064	185	1019	SEA
1064	187	707	SDA
1064	198	611	SEA
1064	198A	497	SEA
1064	334	465	SEA
1064	502	348	SEA
1064	98	984	SEA
1064	99	110	SEA
1067	157	704	SEA
1067	185	1011	SEA
1067	187	721	SDA
1067	198	615	SDA
1067	198A	484	SEA
1067	334	551	SEA
1067	502	312	SEA
1067	98	996	SEA
1067	99	125	SEA
1069	157	716	SEA
1069	185	1017	SEA
1069	187	573	SEA
1069	198	519	SDA
1069	198A	334	SEA
1069	334	510	SEA
1069	502	346	SEA
1069	98	393	SDA
1069	99	75	SEA
1071	157	648	SEA
1071	185	914	SEA
1071	187	635	SDA
1071	198	479	SEA
1071	198A	401	SEA
1071	334	571	SEA
1071	502	414	SEA
1071	98	315	LSD
1071	99	118	SEA
1074	157	793	SEA
1074	185	927	SDA
1074	187	655	SDA
1074	198	201	SEA
1074	198A	502	SEA
1074	334	550	SEA
1074	502	421	SEA
1074	98	358	SDA
1074	99	84	SEA
1075	157	897	SEA
1075	185	921	SDA
1075	187	527	SDA
1075	198	240	SEA
1075	198A	565	SEA
1075	334	535	SEA
1075	502	471	SEA
1075	98	423	SDA
1075	99	89	SEA
1090	157	752	SEA
1090	185	957	SDA
1090	187	429	SDA
1090	198	358	SDA
1090	198A	506	SEA
1090	334	768	SEA
1090	502	762	SEA
1090	98	923	SEA
1090	99	635	SDA
1093	157	1002	SEA
1093	185	882	SDA
1093	187	375	SDA
1093	198	231	SDA
1093	198A	583	SEA
1093	334	664	SEA
1093	502	689	SEA
1093	98	722	SDA
1093	99	591	SEA
1099	157	298	SEA
1099	185	944	SDA
1099	187	648	SDA
1099	198	168	SDA
1099	198A	716	SEA
1099	334	405	SEA
1099	502	736	SEA
1099	98	675	SDA
1099	99	645	SDA
1105	157	465	SEA
1105	185	407	SEA
1105	187	457	SEA
1105	198	47	SEA
1105	198A	181	SDA
1105	334	433	SEA
1105	502	742	SEA
1105	98	529	SEA
1105	99	285	SEA
1108	157	661	SEA
1108	185	385	SEA
1108	187	488	SEA
1108	198	403	SDA
1108	198A	292	SEA
1108	334	375	SEA
1108	502	984	SEA
1108	98	478	SEA
1108	99	202	SEA
1112	157	893	SEA
1112	185	462	SEA
1112	187	545	SEA
1112	198	600	SEA
1112	198A	435	SEA
1112	334	340	SEA
1112	502	988	SEA
1112	98	996	SEA
1112	99	200	SEA
1119	157	259	SDA
1119	185	239	SEA
1119	187	352	SDA
1119	198	488	SEA
1119	198A	552	SEA
1119	334	349	SEA
1119	502	1174	SEA
1119	98	43	SEA
1119	99	302	SEA
1127	157	509	SDA
1127	185	655	SDA
1127	187	375	SEA
1127	198	367	SEA
1127	198A	548	SEA
1127	334	338	SEA
1127	502	666	SEA
1127	98	142	SEA
1127	99	607	SEA
1130	157	536	SDA
1130	185	639	SDA
1130	187	342	SEA
1130	198	793	SEA
1130	198A	417	SEA
1130	334	239	SEA
1130	502	601	SEA
1130	98	121	SEA
1130	99	479	SEA
1132	157	438	SEA
1132	185	681	SDA
1132	187	305	SEA
1132	198	794	SEA
1132	198A	429	SEA
1132	334	577	SEA
1132	502	679	SEA
1132	98	160	SEA
1132	99	451	SEA
1136	157	472	SDA
1136	185	721	SDA
1136	187	342	SEA
1136	198	718	SEA
1136	198A	459	SEA
1136	334	260	SEA
1136	502	658	SEA
1136	98	816	SEA
1136	99	459	SEA
1140	157	585	SEA
1140	185	746	SEA
1140	187	727	SEA
1140	198	431	SEA
1140	198A	809	SEA
1140	334	201	SEA
1140	502	1100	SEA
1140	98	275	SDA
1140	99	412	SEA
1146	157	1283	SDA
1146	185	1067	SEA
1146	187	399	SDA
1146	198	529	SEA
1146	198A	378	SEA
1146	334	830	SEA
1146	502	1060	SEA
1146	98	442	SEA
1146	99	471	SDA
1149	157	1226	SEA
1149	185	1030	SEA
1149	187	407	SDA
1149	198	560	SEA
1149	198A	413	SEA
1149	334	240	SEA
1149	502	1038	SEA
1149	98	337	SEA
1149	99	196	SEA
1153	157	774	SEA
1153	185	1013	SEA
1153	187	464	SDA
1153	198	1664	SEA
1153	198A	546	SEA
1153	334	246	SEA
1153	502	1060	SEA
1153	98	407	SEA
1153	99	197	SEA
1154	157	785	SEA
1154	185	1002	SEA
1154	187	365	SDA
1154	198	1683	SEA
1154	198A	552	SEA
1154	334	267	SEA
1154	502	1071	SEA
1154	98	378	SEA
1154	99	186	SEA
1157	157	714	SEA
1157	185	1545	SEA
1157	187	372	SDA
1157	198	1027	SEA
1157	198A	699	SEA
1157	334	289	SEA
1157	502	1159	SEA
1157	98	526	SEA
1157	99	1109	SEA
1164	157	449	SDA
1164	185	1230	SEA
1164	187	599	SEA
1164	198	391	SEA
1164	198A	588	SEA
1164	334	515	SEA
1164	502	955	SEA
1164	98	341	SEA
1164	99	69	SEA
1168	157	753	SEA
1168	185	1331	SEA
1168	187	859	SDA
1168	198	371	SEA
1168	198A	595	SEA
1168	334	407	SEA
1168	502	891	SEA
1168	98	281	SEA
1168	99	48	SEA
1181	157	909	SEA
1181	185	277	SDA
1181	187	742	SDA
1181	198	14	SEA
1181	198A	725	SEA
1181	334	237	SEA
1181	502	863	SEA
1181	98	423	SEA
1181	99	506	SEA
1183	157	876	SEA
1183	185	388	SDA
1183	187	879	SDA
1183	198	6	SEA
1183	198A	785	SEA
1183	334	479	SEA
1183	502	889	SEA
1183	98	472	SEA
1183	99	823	SEA
1190	157	414	SEA
1190	185	341	SDA
1190	187	1148	SEA
1190	198	5	SEA
1190	198A	666	SEA
1190	334	557	SEA
1190	502	865	SEA
1190	98	450	SEA
1190	99	722	SDA
1200	157	669	SEA
1200	185	653	SEA
1200	187	677	SEA
1200	198	580	SEA
1200	198A	993	SEA
1200	334	225	SEA
1200	502	837	SEA
1200	98	242	SEA
1200	99	469	SDA
1205	157	890	SEA
1205	185	838	SEA
1205	187	841	SEA
1205	198	582	SEA
1205	334	1274	SEA
1205	502	875	SEA
1205	98	186	SEA
1205	99	443	SEA
1209	157	933	SEA
1209	185	857	SEA
1209	187	938	SEA
1209	198	662	SEA
1209	334	493	SEA
1209	502	879	SEA
1209	98	248	SEA
1209	99	283	SEA
1210	157	934	SEA
1210	185	811	SEA
1210	187	1006	SEA
1210	198	644	SEA
1210	334	501	SEA
1210	502	1013	SEA
1210	98	282	SEA
1210	99	757	SEA
1214	157	743	SEA
1214	185	921	SEA
1214	187	655	SDA
1214	198	1126	SEA
1214	198A	46	SEA
1214	334	313	SEA
1214	502	910	SEA
1214	98	455	SEA
1214	99	659	SEA
1228	157	789	SEA
1228	185	621	SEA
1228	187	573	SEA
1228	198	658	SEA
1228	334	156	SEA
1228	502	1104	SEA
1228	98	482	SEA
1228	99	503	SEA
1239	157	724	SEA
1239	185	937	SEA
1239	187	722	SDA
1239	198	549	SEA
1239	334	762	SEA
1239	502	1012	SEA
1239	98	700	SEA
1239	99	650	SEA
1240	157	710	SEA
1240	185	1010	SEA
1240	187	734	SDA
1240	198	575	SEA
1240	334	760	SEA
1240	502	1027	SEA
1240	98	642	SEA
1240	99	671	SEA
1243	157	787	SEA
1243	185	987	SEA
1243	187	642	SEA
1243	198	508	SEA
1243	334	760	SEA
1243	502	1031	SEA
1243	98	1659	SDA
1243	99	705	SEA
1248	157	725	SEA
1248	185	763	SEA
1248	187	1214	SEA
1248	198	558	SEA
1248	334	743	SEA
1248	502	1170	SEA
1248	98	1560	SEA
1248	99	831	SEA
1252	157	1181	SEA
1252	185	761	SEA
1252	187	960	SEA
1252	198	597	SEA
1252	334	1158	SEA
1252	502	1112	SEA
1252	98	807	SEA
1252	98M	961	SEA
1252	99	755	SEA
1255	157	1157	SEA
1255	185	724	SEA
1255	187	949	SEA
1255	198	602	SEA
1255	334	1261	SEA
1255	502	1293	SEA
1255	98	839	SEA
1255	98M	869	SEA
1255	99	737	SEA
1256	157	1173	SEA
1256	185	698	SEA
1256	187	921	SEA
1256	198	619	SEA
1256	334	1210	SEA
1256	502	1117	SEA
1256	98	888	SEA
1256	98M	964	SEA
1256	99	682	SEA
1257	157	1173	SEA
1257	185	698	SEA
1257	187	921	SEA
1257	198	619	SEA
1257	334	1210	SEA
1257	502	1117	SEA
1257	98	888	SEA
1257	98M	964	SEA
1257	99	682	SEA
1264	157	1125	SEA
1264	185	1010	SEA
1264	187	867	SEA
1264	198	638	SEA
1264	334	582	SEA
1264	502	1079	SEA
1264	98	779	SEA
1264	98M	963	SEA
1264	99	1112	SEA
1265	157	960	SEA
1265	185	986	SEA
1265	187	842	LSD
1265	198	708	SEA
1265	334	607	SEA
1265	502	1008	SEA
1265	98	789	SEA
1265	98M	973	SEA
1265	99	1117	SEA
1275	157	1210	SDA
1275	185	890	SEA
1275	187	587	SDA
1275	198	435	SEA
1275	334	458	SEA
1275	502	980	SEA
1275	98	837	SEA
1275	98M	985	SEA
1275	99	522	SEA
1278	157	1238	SDA
1278	185	1007	SEA
1278	187	1096	SDA
1278	198	406	SEA
1278	334	621	SEA
1278	502	1002	SEA
1278	98	884	SEA
1278	98M	928	SEA
1278	99	604	SEA
1280	157	1217	SDA
1280	185	1026	SEA
1280	187	1073	SDA
1280	198	385	SEA
1280	334	643	SEA
1280	502	1033	SEA
1280	98	875	SEA
1280	98M	916	SEA
1280	99	645	SEA
1284	157	1248	SDA
1284	185	856	SEA
1284	187	949	SDA
1284	198	1702	SDA
1284	334	512	SEA
1284	502	1003	SEA
1284	98	633	SEA
1284	98M	640	SEA
1284	99	984	SEA
1295	157	789	SEA
1295	185	988	SEA
1295	187	1002	SEA
1295	198	546	SDA
1295	334	632	SEA
1295	502	1110	SEA
1295	98	908	SEA
1295	98M	771	SEA
1295	99	635	SEA
1296	157	789	SEA
1296	185	988	SEA
1296	187	1002	SEA
1296	198	546	SDA
1296	334	632	SEA
1296	502	1110	SEA
1296	98	908	SEA
1296	98M	771	SEA
1296	99	635	SEA
1301	157	759	SEA
1301	187	1002	SEA
1301	198	567	SDA
1301	334	1175	SEA
1301	502	1449	SEA
1301	98	983	SEA
1301	98M	833	SEA
1301	99	652	SEA
1306	157	737	SEA
1306	185	996	SEA
1306	187	1049	SEA
1306	198	536	SEA
1306	334	1075	SEA
1306	502	412	SEA
1306	98	1291	SEA
1306	98M	613	SEA
1306	99	661	SEA
1308	157	836	SEA
1308	185	1094	SEA
1308	187	1134	SEA
1308	198	431	SEA
1308	334	337	SEA
1308	502	184	SEA
1308	98	1273	SEA
1308	98M	593	SEA
1308	99	727	SEA
1312	157	1219	SEA
1312	185	1098	SEA
1312	187	1135	SEA
1312	198	924	SDA
1312	334	624	SEA
1312	502	1092	SEA
1312	98	1388	SEA
1312	98M	593	SEA
1312	99	653	SEA
1319	157	720	SEA
1319	185	500	SEA
1319	187	2183	SEA
1319	198	739	SEA
1319	334	802	SEA
1319	502	576	SEA
1319	98	1395	SEA
1319	98M	1050	SEA
1319	99	657	SEA
