363	334	354	SEA
363	49	90	SEA
375	334	208	SEA
375	49	216	SEA
385	334	351	SEA
385	49	921	SEA
394	334	395	SEA
394	49	199	SEA
395	334	414	SEA
395	49	131	SEA
396	334	337	SEA
396	49	185	SEA
400	334	391	SEA
400	49	217	SEA
408	334	761	SEA
408	49	305	SEA
409	334	763	SEA
409	49	227	SEA
414	334	512	SEA
414	49	596	SEA
421	334	580	SEA
421	49	552	SEA
422	334	574	SEA
422	49	551	SEA
427	334	553	SEA
427	49	692	SEA
432	334	472	SEA
432	49	601	SEA
435	334	433	SEA
435	49	579	SEA
439	334	523	SEA
439	49	265	SEA
448	334	437	SEA
448	49	3	SDA
450	334	379	SEA
450	49	37	SEA
458	334	462	SEA
458	49	204	SEA
463	334	795	SEA
463	49	245	SEA
465	334	887	SEA
465	49	500	SEA
488	334	519	SEA
488	49	939	SEA
490	334	546	SEA
490	49	940	SEA
492	334	568	SEA
492	49	967	SEA
494	334	552	SEA
494	49	944	SEA
500	334	515	SEA
500	49	758	SEA
501	334	567	SEA
501	49	764	SEA
505	334	365	SEA
505	49	763	SEA
507	334	397	SEA
507	49	807	SEA
508	334	426	SEA
508	49	811	SEA
512	334	729	SEA
512	49	195	SEA
513	334	725	SEA
513	49	140	SEA
517	334	688	SEA
517	49	231	SEA
520	334	513	SEA
520	49	1287	SEA
529	334	1039	SEA
529	49	1598	SEA
531	334	51	SEA
531	49	1666	SEA
536	334	283	SEA
536	49	2017	SEA
541	334	439	SEA
541	49	1927	SEA
542	334	453	SEA
542	49	1924	SEA
543	334	453	SEA
543	49	1924	SEA
549	334	387	SEA
549	49	1315	SEA
554	334	461	SEA
554	49	1499	SEA
568	334	624	SEA
568	49	796	SEA
570	334	497	SEA
570	49	920	SEA
578	334	434	SEA
578	49	255	SEA
593	334	327	SEA
593	49	102	SEA
596	334	345	SEA
596	49	73	SEA
597	334	424	SEA
597	49	98	SEA
606	334	215	SEA
606	49	202	SEA
607	334	465	SEA
607	49	1304	SEA
610	334	635	SEA
610	49	370	SEA
615	334	485	SEA
615	49	321	SEA
623	334	592	SEA
623	49	479	SEA
624	334	666	SEA
624	49	465	SEA
629	334	726	SEA
629	49	411	SEA
637	334	467	SEA
637	49	688	SEA
654	334	501	SEA
654	49	610	SEA
663	334	306	SEA
663	49	1525	SEA
667	334	291	SEA
667	49	472	SEA
684	334	189	SEA
684	49	141	SEA
692	334	583	SEA
692	49	783	SEA
694	334	573	SEA
694	49	758	SEA
710	334	599	SEA
710	49	1189	SEA
718	334	130	SEA
718	49	1097	SEA
720	334	383	SEA
720	49	579	SEA
727	334	796	SEA
727	49	424	SEA
729	334	753	SEA
729	49	381	SEA
735	334	446	SEA
735	49	358	SEA
736	334	538	SEA
736	49	406	SEA
739	334	462	SEA
739	49	938	SEA
740	334	481	SEA
740	49	937	SEA
745	334	776	SEA
745	49	117	SEA
750	334	804	SEA
750	49	13	SEA
751	334	804	SEA
751	49	13	SEA
757	334	611	SEA
757	49	27	SEA
759	334	609	SEA
759	49	79	SEA
760	334	774	SEA
760	49	119	SEA
761	334	856	SEA
761	49	113	SEA
765	334	600	SEA
765	49	323	SEA
768	334	386	SEA
768	49	335	SEA
770	334	488	SEA
770	49	396	SEA
771	334	486	SEA
771	49	395	SEA
772	334	486	SEA
772	49	395	SEA
773	334	508	SEA
773	49	446	SEA
774	334	493	SEA
774	49	449	SEA
775	334	493	SEA
775	49	449	SEA
778	334	783	SEA
778	49	381	SEA
779	334	880	SEA
779	49	380	SEA
791	334	489	SEA
791	49	1152	SEA
798	334	501	SEA
798	49	609	SEA
801	334	464	SEA
801	49	583	SEA
804	334	512	SEA
804	49	554	SEA
808	334	695	SEA
808	49	558	SEA
810	334	690	SEA
810	49	540	SEA
819	334	534	SEA
819	49	310	SDA
834	334	34	SEA
834	49	970	SEA
840	334	550	SEA
840	49	891	SEA
847	334	709	SEA
847	49	616	SEA
853	334	486	SEA
853	49	556	SDA
859	334	489	SEA
859	49	945	SEA
863	334	576	SEA
863	49	1045	SEA
871	334	455	SEA
871	49	1058	SEA
876	334	869	SEA
876	49	1034	SEA
887	334	716	SEA
887	49	966	SEA
889	334	759	SEA
889	49	1057	SEA
893	334	942	SEA
893	49	1059	SEA
895	334	1045	SEA
895	49	1117	SEA
901	334	304	SEA
901	49	870	SEA
908	334	521	SEA
908	49	906	SEA
918	334	315	SEA
918	49	404	SEA
920	334	374	SEA
920	49	330	SEA
922	334	542	SEA
922	49	310	SEA
923	334	596	SEA
923	49	310	SEA
924	334	576	SEA
924	49	316	SEA
926	334	314	SEA
926	49	425	SEA
932	334	219	SEA
932	49	762	SEA
933	334	214	SEA
933	49	761	SEA
936	334	232	SEA
936	49	1242	SEA
937	334	559	SEA
937	49	1295	SEA
940	334	573	SEA
940	49	1297	SEA
941	334	388	SEA
941	49	1273	SEA
943	334	363	SEA
943	49	1320	SEA
944	334	431	SEA
944	49	1246	SEA
950	334	304	SEA
950	49	534	SEA
952	334	335	SEA
952	49	618	SEA
953	334	331	SEA
953	49	647	SEA
965	334	553	SEA
965	49	672	SEA
967	334	569	SEA
967	49	647	SEA
972	334	494	SEA
972	49	406	SEA
986	334	455	SEA
986	49	1024	SEA
987	334	841	SEA
987	49	1006	SEA
989	334	844	SEA
989	49	931	SEA
992	334	824	SEA
992	49	936	SEA
1000	334	531	SEA
1000	49	849	SEA
1006	334	436	SEA
1006	49	917	SDA
1007	334	436	SEA
1007	49	917	SDA
1008	334	475	SEA
1008	49	875	SDA
1010	334	521	SEA
1010	49	184	SDA
1013	334	546	SEA
1013	49	110	SDA
1014	334	570	SEA
1014	49	70	SDA
1016	334	661	SEA
1016	49	92	SDA
1019	334	363	SEA
1019	49	590	SEA
1023	334	399	SEA
1023	49	643	SEA
1026	334	618	SEA
1026	49	613	SEA
1028	334	740	SEA
1028	49	574	SEA
1033	334	852	SEA
1033	49	698	SEA
1037	334	617	SEA
1037	49	623	SEA
1040	334	627	SEA
1040	49	603	SEA
1042	334	602	SEA
1042	49	612	SEA
1048	334	572	SEA
1048	49	620	SEA
1049	334	487	SEA
1049	49	613	SEA
1051	334	608	SEA
1051	49	678	SEA
1053	334	591	SEA
1053	49	733	SEA
1057	334	366	SEA
1057	49	594	SEA
1059	334	405	SEA
1059	49	549	SEA
1063	334	411	SEA
1063	49	750	SEA
1064	334	465	SEA
1064	49	819	SEA
1067	334	483	SEA
1067	49	787	SEA
1069	334	528	SEA
1069	49	735	SEA
1071	334	508	SEA
1071	49	741	SEA
1074	334	539	SEA
1074	49	392	SEA
1075	334	618	SEA
1075	49	428	SEA
1090	334	768	SEA
1090	49	644	SEA
1093	334	474	SEA
1093	49	332	SEA
1099	334	405	SEA
1099	49	377	SEA
1103	334	379	SEA
1103	49	550	SEA
1105	334	407	SEA
1105	49	462	SEA
1108	334	375	SEA
1108	49	1298	SEA
1112	334	401	SEA
1112	49	1257	SDA
1119	334	466	SEA
1119	49	196	SEA
1127	334	576	SEA
1127	49	130	SEA
1130	334	284	SEA
1130	49	109	SEA
1132	334	282	SEA
1132	49	109	SDA
1136	334	260	SEA
1136	49	80	SDA
1140	334	201	SEA
1140	49	492	SEA
1146	334	314	SEA
1146	49	751	SEA
1149	334	251	SEA
1149	49	646	SEA
1153	334	257	SEA
1153	49	679	SEA
1154	334	278	SEA
1154	49	723	SEA
1157	334	300	SEA
1157	49	739	SEA
1164	334	305	SEA
1164	49	354	SEA
1168	334	332	SEA
1168	49	312	SEA
1181	334	412	SEA
1181	49	965	SEA
1183	334	462	SEA
1183	49	927	SEA
1188	334	407	SEA
1188	49	976	SEA
1190	334	362	SEA
1190	49	687	SEA
1200	334	948	SEA
1200	49	692	SEA
1205	334	226	SEA
1205	49	692	SEA
1209	334	493	SEA
1209	49	1631	SEA
1210	334	501	SEA
1210	49	1547	SEA
1214	334	313	SEA
1214	49	1471	SEA
1228	334	590	SEA
1228	49	1385	SEA
1239	334	328	SEA
1239	49	1280	SEA
1240	334	381	SEA
1240	49	1257	SEA
1243	334	504	SEA
1243	49	721	SEA
1248	334	810	SEA
1248	49	652	SEA
1252	334	1049	SEA
1252	49	720	SEA
1255	334	288	SEA
1255	49	625	SEA
1256	334	315	SEA
1256	49	681	SEA
1257	334	315	SEA
1257	49	681	SEA
1264	334	614	SEA
1264	49	520	SDA
1265	334	643	SEA
1265	49	545	SDA
1267	334	608	SEA
1267	49	519	SEA
1275	334	535	SEA
1275	49	774	SEA
1278	334	629	SEA
1278	49	460	SEA
1279	334	629	SEA
1279	49	460	SEA
1280	334	431	SEA
1280	49	401	SEA
1284	334	806	SEA
1284	49	300	SEA
1295	334	669	SEA
1295	49	1006	SEA
1296	334	669	SEA
1296	49	1006	SEA
1301	334	933	SEA
1301	49	1147	SEA
1306	334	305	SEA
1306	49	1137	SEA
1308	334	369	SEA
1308	49	994	SEA
1312	334	657	SEA
1312	49	1027	SEA
1319	334	807	SEA
1319	49	691	SEA
