363	105	720	SEA
363	188	720	SEA
363	333	292	SEA
363	41	299	SEA
363	990	563	SEA
385	105	541	SEA
385	183	93	SEA
385	188	878	SEA
385	333	363	SEA
385	41	685	SEA
385	52	392	SEA
385	990	381	SEA
408	105	1261	SEA
408	183	48	SEA
408	188	910	SEA
408	333	137	SEA
408	41	901	SDA
408	52	479	SEA
408	990	976	SEA
409	105	1253	SEA
409	183	56	SEA
409	188	906	SEA
409	333	139	SEA
409	41	904	SDA
409	52	477	SEA
409	990	1007	SEA
421	105	313	SEA
421	183	112	SEA
421	188	656	SEA
421	333	143	SEA
421	41	953	SEA
421	502	908	SEA
421	52	449	SEA
421	990	811	SEA
422	105	328	SEA
422	183	325	SEA
422	188	621	SEA
422	333	217	SEA
422	41	932	SEA
422	502	933	SEA
422	52	481	SEA
422	990	865	SEA
435	105	450	SEA
435	183	656	SEA
435	188	830	SEA
435	333	359	SEA
435	41	1060	SEA
435	502	973	SEA
435	52	638	SEA
435	990	786	SEA
439	105	458	SEA
439	183	185	SEA
439	188	810	SEA
439	333	218	SEA
439	41	1230	SEA
439	502	1020	SEA
439	52	601	SEA
439	990	789	SEA
448	105	945	SEA
448	183	140	SEA
448	188	705	SEA
448	333	359	SEA
448	41	711	SEA
448	502	1253	SEA
448	52	795	SDA
448	990	510	SEA
458	105	522	SDA
458	183	345	SEA
458	188	647	SEA
458	333	255	SEA
458	41	555	SEA
458	502	1314	SEA
458	52	853	SEA
458	990	688	SEA
463	105	501	SDA
463	183	657	SEA
463	188	1261	SEA
463	333	347	SEA
463	41	479	SEA
463	502	1261	SEA
463	52	886	SDA
463	990	697	SEA
494	105	861	SEA
494	183	817	SEA
494	188	322	SEA
494	333	487	SEA
494	41	1117	SEA
494	502	649	SEA
494	52	291	SEA
494	990	627	SEA
507	105	738	SEA
507	183	804	SDA
507	188	465	SEA
507	333	119	SEA
507	41	855	SEA
507	502	1120	SEA
507	52	264	SDA
507	990	695	SEA
529	105	135	SEA
529	183	46	SEA
529	188	664	SEA
529	333	559	SEA
529	41	431	SEA
529	502	1520	SEA
529	52	778	SDA
529	990	1071	SEA
543	105	1507	SDA
543	183	79	SDA
543	188	613	SEA
543	333	100	SEA
543	41	1375	SEA
543	502	754	SEA
543	52	815	SEA
543	990	886	SEA
549	105	1315	SDA
549	183	70	SEA
549	188	51	SEA
549	333	558	SEA
549	41	482	SEA
549	502	754	SEA
549	52	840	SEA
549	990	841	SEA
554	105	1188	SEA
554	183	845	SEA
554	188	651	SEA
554	333	90	SEA
554	41	672	SEA
554	502	815	SEA
554	52	871	SEA
554	990	710	SEA
568	105	332	SEA
568	183	138	SEA
568	188	484	SEA
568	333	719	SEA
568	41	627	SEA
568	502	183	SEA
568	52	233	SEA
568	990	511	SEA
593	105	36	SEA
593	183	153	SEA
593	188	2373	SEA
593	333	840	SEA
593	41	683	SEA
593	502	946	SEA
593	52	762	SEA
593	990	609	SEA
606	105	4	SEA
606	183	916	SEA
606	188	569	SEA
606	333	512	SEA
606	41	654	SEA
606	502	1284	SEA
606	52	20	SEA
606	990	1152	SEA
607	105	55	SEA
607	183	1027	SEA
607	188	573	SEA
607	333	840	SEA
607	41	695	SEA
607	502	1137	SEA
607	52	3	SEA
607	990	1144	SEA
629	105	449	SEA
629	183	150	SEA
629	188	158	SEA
629	333	707	SEA
629	41	1103	SEA
629	502	1449	SEA
629	52	1699	SEA
629	990	732	SEA
637	105	317	SEA
637	183	1020	SEA
637	188	555	SEA
637	333	779	SEA
637	41	813	SEA
637	502	885	SEA
637	52	661	SEA
637	990	703	SEA
694	105	1835	SEA
694	183	773	SEA
694	188	247	SEA
694	333	368	SEA
694	41	632	SEA
694	502	225	SEA
694	52	283	SDA
694	990	1092	SEA
710	105	236	SEA
710	183	230	SEA
710	188	609	SEA
710	333	780	SEA
710	41	1497	SEA
710	502	1532	SEA
710	52	207	SEA
710	990	848	SEA
718	105	154	SEA
718	183	1015	SEA
718	188	758	SEA
718	333	455	SEA
718	41	858	SEA
718	502	1527	SEA
718	52	145	SDA
718	990	724	SEA
727	105	121	SEA
727	183	1616	SEA
727	188	759	SEA
727	333	616	SEA
727	41	852	SEA
727	52	283	SEA
727	990	1369	SEA
729	105	209	SEA
729	183	1616	SEA
729	188	764	SEA
729	333	654	SEA
729	41	836	SEA
729	502	1338	SDA
729	52	211	SEA
729	990	1384	SEA
751	105	543	SEA
751	183	952	SEA
751	188	1033	SEA
751	333	1499	SEA
751	41	1008	SEA
751	502	1418	SDA
751	52	1214	SEA
751	990	909	SEA
757	105	2	SEA
757	183	1026	SEA
757	188	831	SEA
757	333	138	SEA
757	41	699	SEA
757	502	772	SEA
757	52	539	SEA
757	990	1050	SEA
759	105	28	SEA
759	183	1003	SEA
759	188	825	SEA
759	333	182	SEA
759	41	717	SEA
759	502	775	SEA
759	52	576	SEA
759	990	1055	SEA
760	105	1803	SEA
760	183	1007	SEA
760	188	761	SEA
760	333	395	SEA
760	41	595	SEA
760	502	760	SEA
760	52	523	SEA
760	990	997	SEA
765	183	892	SEA
765	188	898	SEA
765	333	599	SEA
765	41	688	SEA
765	502	777	SEA
765	52	484	SEA
765	990	1101	SEA
770	105	1376	SEA
770	183	814	SEA
770	188	1775	SEA
770	333	259	SEA
770	41	963	SEA
770	502	818	SEA
770	52	557	SEA
770	990	758	SEA
772	105	1390	SEA
772	183	789	SEA
772	188	1784	SEA
772	333	252	SEA
772	41	935	SEA
772	502	769	SEA
772	52	473	SEA
772	990	792	SEA
774	105	1382	SEA
774	183	810	SEA
774	188	1808	SEA
774	333	411	SEA
774	41	982	SEA
774	502	712	SEA
774	52	1172	SEA
774	990	881	SEA
778	105	1421	SEA
778	183	738	SEA
778	188	1765	SEA
778	333	710	SEA
778	41	891	SEA
778	52	1227	SEA
778	990	916	SEA
783	105	1475	SEA
783	183	1096	SEA
783	188	910	SEA
783	333	687	SEA
783	41	1202	SEA
783	990	887	SEA
791	105	53	SDA
791	183	1003	SEA
791	188	994	SEA
791	333	114	SEA
791	41	1002	SEA
791	502	314	SEA
791	52	1919	SEA
791	990	541	SEA
798	105	113	SDA
798	183	854	SEA
798	188	963	SEA
798	333	239	SEA
798	41	877	SEA
798	502	403	SEA
798	52	2000	SEA
798	990	604	SEA
801	105	21	SDA
801	183	816	SEA
801	188	985	SEA
801	333	600	SEA
801	41	987	SEA
801	502	399	SEA
801	52	371	SEA
801	990	1344	SEA
804	105	10	SDA
804	183	776	SEA
804	188	990	SEA
804	333	479	SEA
804	41	982	SEA
804	502	476	SEA
804	52	349	SEA
804	990	1381	SEA
808	105	5	SEA
808	183	816	SEA
808	188	1131	SEA
808	333	242	SEA
808	41	970	SEA
808	502	418	SEA
808	52	149	SEA
808	990	1733	SEA
810	105	35	SEA
810	183	843	SEA
810	188	755	SEA
810	333	306	SEA
810	41	897	SEA
810	502	391	SEA
810	52	157	SEA
810	990	1805	SEA
819	105	706	SEA
819	183	913	SEA
819	188	758	SEA
819	333	200	SEA
819	41	759	SEA
819	502	437	SEA
819	52	71	SEA
819	990	420	SEA
834	105	877	SEA
834	183	1041	SEA
834	188	1055	SEA
834	333	196	SEA
834	41	740	SEA
834	502	1698	SEA
834	52	11	SEA
834	990	893	SEA
840	105	1324	SDA
840	183	1093	SEA
840	188	1099	SEA
840	333	510	SEA
840	41	837	SEA
840	52	883	SEA
840	990	979	SEA
847	105	1312	SDA
847	183	988	SEA
847	188	1324	SEA
847	333	720	SEA
847	41	772	SEA
847	502	1194	SEA
847	52	419	SDA
847	990	633	SEA
853	105	1298	SDA
853	183	993	SEA
853	188	1298	SEA
853	333	419	SEA
853	41	940	SEA
853	502	1182	SEA
853	52	503	SEA
853	990	728	SEA
859	105	447	SEA
859	183	940	SEA
859	188	1258	SEA
859	333	217	SEA
859	41	1016	SEA
859	502	1213	SEA
859	52	1204	SEA
859	990	574	SEA
863	105	453	SDA
863	183	713	SEA
863	188	303	SEA
863	333	40	SEA
863	41	966	SEA
863	502	1198	SEA
863	52	1200	SEA
863	990	669	SEA
871	105	648	SEA
871	183	702	SEA
871	188	384	SEA
871	333	1380	SEA
871	41	927	SEA
871	502	463	SEA
871	52	978	SDA
871	990	459	SEA
876	105	1491	SDA
876	183	721	SEA
876	188	305	SEA
876	333	1139	SEA
876	41	961	SEA
876	502	416	SEA
876	52	946	SEA
876	990	541	SEA
887	105	824	SDA
887	183	654	SEA
887	188	945	SEA
887	333	475	SEA
887	41	925	SEA
887	502	411	SEA
887	52	877	SEA
887	990	982	SEA
889	105	819	SDA
889	183	676	SEA
889	188	911	SEA
889	333	470	SEA
889	41	955	SEA
889	502	425	SEA
889	52	275	SEA
889	990	903	SEA
893	105	788	SEA
893	183	727	SEA
893	188	795	SEA
893	333	474	SEA
893	41	1035	SEA
893	502	1313	SEA
893	52	282	SEA
893	990	852	SEA
895	105	780	SEA
895	183	700	SEA
895	188	776	SEA
895	333	540	SEA
895	41	975	SEA
895	502	1263	SEA
895	52	238	SEA
895	990	928	SEA
901	105	445	SDA
901	183	591	SEA
901	188	857	SEA
901	333	145	SEA
901	41	1002	SEA
901	502	1022	SEA
901	52	781	SEA
901	990	1037	SEA
908	105	492	SDA
908	183	1431	SEA
908	188	671	SEA
908	333	44	SEA
908	41	811	SEA
908	502	1087	SEA
908	52	970	SEA
908	990	757	SEA
918	105	846	SDA
918	183	143	SEA
918	188	671	SEA
918	333	349	SEA
918	41	648	SEA
918	502	1052	SEA
918	52	694	SDA
918	990	722	SEA
920	105	801	SDA
920	183	134	SEA
920	188	701	SEA
920	333	335	SEA
920	41	588	SEA
920	502	1054	SEA
920	52	729	SEA
920	990	663	SEA
922	105	843	SDA
922	183	237	SEA
922	188	606	SEA
922	333	280	SEA
922	41	654	SEA
922	502	1070	SEA
922	52	717	SEA
922	990	705	SEA
923	105	834	SDA
923	183	240	SEA
923	188	603	SEA
923	333	286	SEA
923	41	683	SEA
923	502	1137	SEA
923	52	696	SEA
923	990	739	SEA
924	105	877	SDA
924	183	244	SEA
924	188	936	SEA
924	333	959	SEA
924	41	639	SEA
924	502	1172	SEA
924	52	573	SEA
924	990	763	SEA
926	105	842	SDA
926	183	262	SEA
926	188	935	SEA
926	333	194	SEA
926	41	640	SEA
926	502	1185	SEA
926	52	712	SEA
926	990	766	SEA
932	105	711	SDA
932	183	269	SEA
932	188	978	SEA
932	333	245	SEA
932	41	630	SEA
932	502	855	SEA
932	52	816	SEA
932	990	737	SEA
933	105	780	SDA
933	183	250	SEA
933	188	1007	SEA
933	333	326	SEA
933	41	598	SEA
933	502	864	SEA
933	52	771	SEA
933	990	548	SEA
936	105	684	SEA
936	183	359	SEA
936	188	686	SEA
936	333	315	SEA
936	41	1314	SEA
936	502	843	SEA
936	52	858	SEA
936	990	454	SEA
937	105	606	SDA
937	183	346	SEA
937	188	734	SEA
937	333	328	SEA
937	41	1281	SEA
937	502	851	SEA
937	52	913	SEA
937	990	449	SEA
940	105	530	SDA
940	183	414	SEA
940	188	739	SEA
940	333	265	SEA
940	41	1197	SEA
940	502	855	SEA
940	52	924	SEA
940	990	426	SEA
941	105	575	SDA
941	183	408	SEA
941	188	727	SEA
941	333	296	SEA
941	41	1207	SEA
941	502	850	SEA
941	52	973	SEA
941	990	496	SEA
943	105	562	SDA
943	183	493	SEA
943	188	667	SEA
943	333	364	SEA
943	41	1299	SEA
943	502	785	SEA
943	52	949	SEA
943	990	510	SEA
944	105	925	SEA
944	183	421	SEA
944	188	693	SEA
944	333	356	SEA
944	41	1314	SEA
944	502	789	SEA
944	52	1111	SEA
944	990	557	SEA
950	105	860	SEA
950	183	354	SEA
950	188	716	SEA
950	333	479	SEA
950	41	596	SEA
950	502	1170	SEA
950	52	1088	SDA
950	990	840	SEA
952	105	853	SEA
952	183	301	SEA
952	188	720	SEA
952	333	119	SEA
952	41	537	SEA
952	502	1141	SEA
952	52	1046	SDA
952	990	907	SEA
953	105	767	SEA
953	183	297	SEA
953	188	746	SEA
953	333	130	SEA
953	41	594	SEA
953	502	1113	SEA
953	52	1020	SDA
953	990	906	SEA
965	105	567	SEA
965	183	285	SEA
965	188	700	SEA
965	333	55	SEA
965	41	495	SEA
965	502	1168	SEA
965	52	358	SEA
965	990	1151	SEA
967	105	1198	SDA
967	183	351	SEA
967	188	1516	SEA
967	333	211	SEA
967	41	471	SEA
967	502	1179	SEA
967	52	307	SEA
967	990	1227	SEA
972	105	1087	SDA
972	183	378	SEA
972	188	1476	SEA
972	333	452	SEA
972	41	830	SEA
972	502	1080	SEA
972	52	282	SEA
972	990	848	SEA
986	105	323	SDA
986	183	950	SEA
986	188	798	SDA
986	333	600	SEA
986	41	1164	SEA
986	502	1141	SEA
986	52	781	SEA
986	990	719	SEA
987	105	251	SDA
987	183	891	SEA
987	188	722	SDA
987	333	599	SEA
987	41	1079	SEA
987	502	1177	SEA
987	52	808	SEA
987	990	755	SEA
989	105	298	SDA
989	183	913	SEA
989	188	724	SDA
989	333	539	SEA
989	41	1021	SEA
989	502	1228	SEA
989	52	786	SEA
989	990	681	SEA
992	105	235	SEA
992	183	167	SEA
992	188	715	SDA
992	333	371	SEA
992	41	890	SEA
992	502	1183	SEA
992	52	871	SEA
992	990	717	SEA
1000	105	297	SDA
1000	183	143	SEA
1000	188	943	SDA
1000	333	427	SEA
1000	41	982	SEA
1000	502	1790	SDA
1000	52	675	SEA
1000	990	1229	SEA
1006	105	210	SEA
1006	183	270	SEA
1006	188	757	SEA
1006	333	1232	SEA
1006	41	674	SEA
1006	502	1769	SDA
1006	52	1218	SEA
1006	990	1151	SDA
1007	105	210	SEA
1007	183	270	SEA
1007	188	757	SEA
1007	333	1232	SEA
1007	41	674	SEA
1007	502	1769	SDA
1007	52	1218	SEA
1007	990	1151	SDA
1008	105	190	SEA
1008	183	201	SEA
1008	188	721	SEA
1008	333	1231	SEA
1008	41	644	SEA
1008	502	1860	SDA
1008	52	1205	SEA
1008	990	1188	SDA
1010	105	764	SEA
1010	183	720	SEA
1010	188	717	SEA
1010	333	1131	SEA
1010	41	590	SEA
1010	502	1881	SDA
1010	52	1209	SEA
1010	990	1018	SEA
1013	105	410	SEA
1013	183	182	SEA
1013	188	819	SEA
1013	333	1102	SEA
1013	41	433	SEA
1013	52	598	SEA
1013	990	1066	SEA
1014	105	332	SEA
1014	183	131	SEA
1014	188	789	SEA
1014	333	1167	SEA
1014	41	396	SEA
1014	52	684	SEA
1014	990	1022	SEA
1016	105	301	SDA
1016	183	196	SEA
1016	188	834	SEA
1016	333	600	SEA
1016	41	431	SEA
1016	52	665	SEA
1016	990	971	SEA
1019	105	325	SDA
1019	183	272	SEA
1019	188	864	SEA
1019	333	600	SEA
1019	41	445	SEA
1019	502	1329	SDA
1019	52	557	SEA
1019	990	884	SEA
1023	105	341	SEA
1023	183	535	SEA
1023	188	554	SDA
1023	333	314	SDA
1023	41	532	SEA
1023	502	1229	SDA
1023	52	512	SEA
1023	990	946	SEA
1026	105	783	SEA
1026	183	591	SEA
1026	188	634	SDA
1026	333	369	SDA
1026	41	972	SEA
1026	502	1360	SDA
1026	52	700	SEA
1026	990	1074	SEA
1028	105	763	SEA
1028	183	518	SEA
1028	188	636	SDA
1028	333	324	SDA
1028	41	1032	SEA
1028	502	1333	SDA
1028	52	662	SEA
1028	990	975	SEA
1033	105	662	SEA
1033	183	475	SEA
1033	188	663	SDA
1033	333	43	SEA
1033	41	572	SEA
1033	502	1239	SDA
1033	52	1327	SDA
1033	990	899	SEA
1037	105	522	SDA
1037	183	443	SDA
1037	188	443	SDA
1037	333	244	SEA
1037	41	577	SEA
1037	502	1199	SDA
1037	52	1423	SDA
1037	990	938	SEA
1040	105	545	SDA
1040	183	795	SEA
1040	188	738	SEA
1040	333	331	SEA
1040	41	597	SEA
1040	502	1095	SDA
1040	52	1252	SDA
1040	990	911	SDA
1042	105	528	SDA
1042	183	842	SEA
1042	188	673	SEA
1042	333	307	SEA
1042	41	696	SEA
1042	502	949	SDA
1042	52	1245	SDA
1042	990	969	SDA
1048	105	331	SDA
1048	183	633	SEA
1048	188	495	SEA
1048	333	122	SEA
1048	41	893	SEA
1048	502	458	SDA
1048	52	875	SDA
1048	990	692	SDA
1049	105	1463	SEA
1049	183	653	SEA
1049	188	496	SEA
1049	333	174	SEA
1049	41	921	SEA
1049	502	464	SDA
1049	52	910	SDA
1049	990	1235	SEA
1051	105	1481	SEA
1051	183	642	SEA
1051	188	452	SEA
1051	333	275	SEA
1051	41	860	SEA
1051	502	473	SDA
1051	52	853	SDA
1051	990	1385	SEA
1053	105	1457	SEA
1053	183	702	SEA
1053	188	442	SEA
1053	333	315	SEA
1053	41	852	SEA
1053	502	468	SDA
1053	52	855	SDA
1053	990	1391	SEA
1057	105	420	SDA
1057	183	860	SEA
1057	188	182	SEA
1057	333	198	SEA
1057	41	991	SDA
1057	502	436	SDA
1057	52	860	SDA
1057	990	1705	SEA
1059	105	450	SDA
1059	183	771	SEA
1059	188	976	SEA
1059	333	157	SEA
1059	41	1011	SEA
1059	502	1224	SEA
1059	52	881	SDA
1059	990	229	SEA
1063	105	546	SDA
1063	183	94	SEA
1063	188	289	SDA
1063	333	205	SEA
1063	41	1070	SEA
1063	502	1209	SEA
1063	52	843	SDA
1063	990	890	SEA
1064	105	534	SDA
1064	183	116	SEA
1064	188	310	SDA
1064	333	206	SEA
1064	41	1009	SEA
1064	502	1212	SEA
1064	52	848	SDA
1064	990	775	SEA
1067	105	490	SDA
1067	183	154	SEA
1067	188	346	SDA
1067	333	529	SEA
1067	41	867	SEA
1067	502	1104	SEA
1067	52	584	SDA
1067	990	861	SEA
1069	105	479	SDA
1069	183	142	SDA
1069	188	349	SDA
1069	333	30	SEA
1069	41	887	SEA
1069	502	1049	SEA
1069	52	657	SDA
1069	990	820	SEA
1071	105	618	SDA
1071	183	72	SDA
1071	188	347	SDA
1071	333	47	SEA
1071	41	930	SDA
1071	502	1343	SDA
1071	52	673	SDA
1071	990	897	SEA
1074	105	577	SDA
1074	183	122	SEA
1074	188	341	SDA
1074	333	364	SEA
1074	41	785	SEA
1074	502	1328	SDA
1074	52	831	SDA
1074	990	922	SEA
1075	105	575	SDA
1075	183	41	SEA
1075	188	282	SDA
1075	333	360	SEA
1075	41	735	SEA
1075	502	1345	SDA
1075	52	767	SDA
1075	990	887	SEA
1090	105	407	SDA
1090	183	646	SDA
1090	188	236	SEA
1090	333	88	SEA
1090	41	877	SEA
1090	502	1012	SDA
1090	52	1113	SEA
1090	990	618	SDA
1093	105	263	SDA
1093	183	176	SEA
1093	188	84	SDA
1093	333	294	SEA
1093	41	843	SEA
1093	502	1036	SEA
1093	52	1049	SEA
1093	990	791	SEA
1099	105	1001	SDA
1099	183	91	SDA
1099	188	227	SEA
1099	333	206	SDA
1099	41	933	SEA
1099	502	949	SEA
1099	52	313	SDA
1099	990	835	SDA
1103	105	634	SDA
1103	183	72	SDA
1103	188	396	SDA
1103	333	202	SEA
1103	41	798	SDA
1103	502	877	SEA
1103	52	306	SDA
1103	657	1060	SEA
1103	990	596	SEA
1105	105	627	SDA
1105	183	42	SDA
1105	188	749	SEA
1105	333	286	SEA
1105	41	691	SDA
1105	502	857	SEA
1105	52	272	SDA
1105	657	992	SEA
1105	990	619	SEA
1108	105	641	SDA
1108	183	562	SEA
1108	188	751	SEA
1108	333	140	SEA
1108	41	570	SEA
1108	502	808	SEA
1108	52	191	SDA
1108	657	973	SEA
1108	990	608	SEA
1112	105	715	SDA
1112	183	611	SDA
1112	188	650	SEA
1112	333	106	SEA
1112	41	473	SEA
1112	502	1144	SDA
1112	52	106	SDA
1112	657	1038	SEA
1112	990	753	SDA
1119	105	680	SDA
1119	183	536	SDA
1119	188	156	SDA
1119	333	49	SEA
1119	41	509	SEA
1119	502	1098	SDA
1119	52	852	SEA
1119	657	927	SEA
1119	990	613	SEA
1127	105	575	SDA
1127	183	100	SDA
1127	188	120	SDA
1127	333	203	SEA
1127	41	1377	SEA
1127	502	1219	SDA
1127	52	943	SEA
1127	657	930	SEA
1127	990	366	SDA
1130	105	688	SDA
1130	183	154	SEA
1130	188	298	SEA
1130	333	386	SEA
1130	41	960	SEA
1130	502	1183	SDA
1130	52	936	SEA
1130	657	880	SEA
1130	990	1116	SEA
1132	105	673	SDA
1132	183	636	SEA
1132	188	224	SEA
1132	333	323	SEA
1132	41	865	SEA
1132	502	1223	SDA
1132	52	894	SEA
1132	657	779	SEA
1132	990	1159	SEA
1136	105	610	SDA
1136	183	93	SEA
1136	188	461	SEA
1136	333	189	SEA
1136	41	884	SEA
1136	502	1146	SDA
1136	52	461	SDA
1136	657	552	SEA
1136	990	997	SEA
1140	105	506	SDA
1140	183	124	SEA
1140	188	288	SEA
1140	333	281	SEA
1140	41	952	SEA
1140	502	1018	SDA
1140	52	637	SDA
1140	990	852	SEA
1146	105	1162	SEA
1146	183	88	SEA
1146	188	34	SEA
1146	333	167	SEA
1146	41	1030	SEA
1146	502	319	SDA
1146	52	438	SDA
1146	990	878	SEA
1149	105	1089	SEA
1149	183	580	SDA
1149	188	34	SDA
1149	333	367	SEA
1149	41	1130	SDA
1149	502	239	SDA
1149	52	266	SDA
1149	990	998	SEA
1153	105	301	SDA
1153	183	551	SDA
1153	188	17	SEA
1153	333	237	SEA
1153	41	1065	SDA
1153	502	346	SDA
1153	52	981	SEA
1153	990	784	SEA
1154	105	313	SDA
1154	183	577	SDA
1154	188	26	SEA
1154	333	246	SEA
1154	41	1048	SDA
1154	502	347	SDA
1154	52	963	SEA
1154	990	755	SDA
1157	105	276	SDA
1157	183	573	SDA
1157	188	533	SDA
1157	333	300	SEA
1157	41	888	SEA
1157	502	269	SDA
1157	52	900	SEA
1157	990	742	SDA
1164	105	311	SDA
1164	183	358	SEA
1164	188	522	SDA
1164	333	458	SEA
1164	41	653	SDA
1164	502	1287	SDA
1164	52	587	SEA
1164	990	1491	SEA
1168	105	465	SDA
1168	183	238	SEA
1168	188	733	SEA
1168	333	367	SEA
1168	41	839	SDA
1168	502	1236	SDA
1168	52	800	SEA
1168	990	1427	SDA
1181	105	427	SDA
1181	183	760	SEA
1181	188	511	SEA
1181	333	678	SEA
1181	41	523	SEA
1181	502	364	SDA
1181	52	611	SDA
1181	990	748	SEA
1183	105	448	SDA
1183	183	796	SEA
1183	188	716	SEA
1183	333	720	SEA
1183	41	513	SEA
1183	502	281	SDA
1183	52	620	SDA
1183	990	674	SEA
1188	105	414	SDA
1188	183	778	SEA
1188	188	708	SEA
1188	333	719	SEA
1188	41	485	SEA
1188	502	283	SDA
1188	52	551	SEA
1188	990	754	SEA
1190	105	438	SEA
1190	183	448	SEA
1190	188	764	SEA
1190	333	515	SEA
1190	41	442	SEA
1190	502	311	SDA
1190	52	445	SEA
1190	990	721	SEA
1200	105	398	SEA
1200	183	504	SEA
1200	188	884	SEA
1200	333	720	SEA
1200	41	1109	SDA
1200	502	373	SEA
1200	52	654	SDA
1200	990	647	SDA
1205	105	815	SEA
1205	183	954	SEA
1205	188	885	SDA
1205	333	544	SEA
1205	41	1063	SDA
1205	502	259	SEA
1205	52	1217	SEA
1205	990	1057	SEA
1209	105	846	SEA
1209	183	568	SEA
1209	188	921	SDA
1209	333	720	SEA
1209	41	1152	SDA
1209	502	136	SEA
1209	52	1260	SEA
1209	990	1014	SDA
1210	105	809	SEA
1210	183	509	SEA
1210	188	897	SDA
1210	333	720	SEA
1210	41	1136	SDA
1210	502	74	SEA
1210	52	1240	SEA
1210	990	995	SDA
1214	105	756	SEA
1214	183	544	SEA
1214	188	856	SDA
1214	333	619	SEA
1214	41	1165	SEA
1214	502	349	SEA
1214	52	1200	SEA
1214	990	979	SDA
1228	105	814	SEA
1228	183	597	SEA
1228	188	1326	SEA
1228	333	490	SEA
1228	41	1169	SEA
1228	502	334	SEA
1228	52	987	SEA
1228	990	348	SEA
1239	105	619	SEA
1239	183	1340	SEA
1239	188	742	SDA
1239	333	646	SEA
1239	41	1319	SEA
1239	502	1107	SEA
1239	52	863	SEA
1239	990	970	SEA
1240	105	608	SEA
1240	183	1329	SEA
1240	188	719	SDA
1240	333	640	SEA
1240	41	1302	SEA
1240	502	1140	SEA
1240	52	824	SEA
1240	990	934	SDA
1243	105	489	SDA
1243	183	526	SEA
1243	188	738	SDA
1243	333	658	SEA
1243	41	1326	SEA
1243	502	1087	SEA
1243	52	791	SEA
1243	990	638	SEA
1248	105	391	SDA
1248	183	588	SEA
1248	188	730	SDA
1248	333	719	SEA
1248	41	1312	SEA
1248	502	1108	SEA
1248	52	611	SEA
1248	990	691	SEA
1252	105	460	SDA
1252	183	642	SEA
1252	188	618	SDA
1252	333	676	SEA
1252	41	1283	SEA
1252	502	834	SDA
1252	52	544	SEA
1252	990	725	SDA
1255	105	886	SEA
1255	183	443	SEA
1255	188	620	SDA
1255	333	578	SEA
1255	41	1196	SEA
1255	502	935	SDA
1255	52	524	SEA
1255	990	839	SEA
1257	105	956	SEA
1257	183	431	SEA
1257	188	534	SDA
1257	333	720	SEA
1257	41	754	SEA
1257	502	921	SDA
1257	52	970	SEA
1257	990	842	SEA
1264	105	796	SEA
1264	183	515	SEA
1264	188	795	SEA
1264	333	62	SEA
1264	41	775	SEA
1264	502	806	SDA
1264	52	874	SEA
1264	990	735	SEA
1265	105	789	SEA
1265	183	517	SEA
1265	188	893	SEA
1265	333	88	SEA
1265	41	863	SEA
1265	502	838	SDA
1265	52	920	SEA
1265	990	801	SEA
1275	105	807	SDA
1275	183	1324	SEA
1275	188	669	SEA
1275	333	681	SEA
1275	41	1087	SEA
1275	502	835	SDA
1275	52	1161	SEA
1275	990	786	SEA
1278	105	716	SEA
1278	183	555	SDA
1278	188	748	SEA
1278	333	623	SEA
1278	41	1069	SEA
1278	502	829	SDA
1278	52	1294	SEA
1278	990	738	SDA
1279	105	716	SEA
1279	183	555	SDA
1279	188	748	SEA
1279	333	623	SEA
1279	41	1069	SEA
1279	502	829	SDA
1279	52	1294	SEA
1279	990	738	SDA
1280	105	766	SEA
1280	183	510	SDA
1280	188	683	SEA
1280	333	632	SDA
1280	41	1048	SEA
1280	502	768	SDA
1280	52	807	SEA
1280	990	783	SDA
1284	105	592	SEA
1284	183	615	SDA
1284	188	703	SEA
1284	333	840	SEA
1284	41	970	SEA
1284	502	966	SDA
1284	52	801	SEA
1284	990	807	SDA
1295	105	845	SEA
1295	183	605	SDA
1295	188	423	SEA
1295	333	840	SEA
1295	41	1296	SDA
1295	502	1150	SDA
1295	52	827	SDA
1295	990	531	SDA
1296	105	845	SEA
1296	183	605	SDA
1296	188	423	SEA
1296	333	840	SEA
1296	41	1296	SDA
1296	502	1150	SDA
1296	52	827	SDA
1296	990	531	SDA
1301	105	858	SEA
1301	183	1097	SEA
1301	188	822	SEA
1301	333	779	SEA
1301	41	1459	SEA
1301	502	1151	SDA
1301	52	736	SDA
1301	990	875	SEA
1306	105	842	SDA
1306	183	1217	SEA
1306	188	665	SDA
1306	333	687	SEA
1306	41	1022	SEA
1306	502	1308	SDA
1306	52	748	SDA
1306	990	682	SEA
1308	105	905	SDA
1308	183	1218	SEA
1308	188	627	SDA
1308	333	612	SEA
1308	41	1012	SEA
1308	502	1293	SDA
1308	52	722	SDA
1308	990	667	SEA
1312	105	923	SDA
1312	183	963	SEA
1312	188	684	SDA
1312	333	840	SEA
1312	41	973	SEA
1312	502	1143	SDA
1312	52	775	SDA
1312	990	583	SEA
1319	105	392	SEA
1319	183	972	SEA
1319	188	625	SEA
1319	333	182	SEA
1319	41	1008	SEA
1319	502	488	SEA
1319	52	845	SEA
1319	990	839	SEA
