363	201	203	SEA
375	201	335	SEA
385	201	453	SEA
408	201	782	SEA
421	201	624	SEA
422	201	616	SEA
435	201	796	SEA
439	201	53	SDA
448	201	109	SEA
463	201	321	SEA
490	201	880	SEA
494	201	1049	SEA
529	201	950	SEA
531	201	951	SEA
536	201	732	SDA
542	201	806	SDA
554	201	420	SEA
568	201	323	SEA
593	201	1370	SEA
596	201	144	SEA
606	201	42	SEA
607	201	174	SEA
610	201	189	SEA
623	201	777	SEA
663	201	29	SEA
694	201	1041	SEA
710	201	992	SDA
718	201	1363	SEA
720	201	1389	SEA
729	201	390	SEA
757	201	768	SEA
760	201	722	SEA
768	201	203	SEA
771	201	1268	SEA
772	201	1268	SEA
798	201	1189	SEA
801	201	468	SEA
804	201	572	SDA
808	201	428	SDA
810	201	420	SDA
819	201	260	SDA
834	201	612	SEA
840	201	664	SEA
847	201	538	SDA
853	201	609	SDA
859	201	249	SEA
863	201	366	SEA
871	201	600	SEA
876	201	499	SEA
887	201	1209	SEA
889	201	1208	SEA
893	201	1135	SEA
895	201	549	SEA
901	201	678	SEA
908	201	659	SEA
918	201	468	SEA
920	201	454	SEA
922	201	513	SEA
923	201	385	SDA
924	201	427	SDA
926	201	497	SDA
932	201	437	SEA
933	201	441	SEA
936	201	695	SEA
937	201	730	SEA
940	201	725	SEA
941	201	751	SEA
943	201	788	SEA
944	201	760	SEA
950	201	719	SEA
952	201	712	SEA
953	201	733	SEA
965	201	1163	SDA
967	201	1073	SDA
972	201	611	SEA
986	201	695	SEA
987	201	851	SEA
989	201	747	SEA
992	201	736	SEA
1006	201	829	SEA
1007	201	829	SEA
1008	201	842	SEA
1010	201	752	SEA
1013	201	586	SDA
1014	201	611	SDA
1016	201	555	SDA
1019	201	531	SDA
1023	201	539	SDA
1026	201	712	SDA
1028	201	742	SDA
1033	201	735	SDA
1037	201	719	SDA
1040	201	658	SDA
1042	201	719	SDA
1048	201	681	SDA
1049	201	745	SDA
1051	201	628	SDA
1053	201	598	SDA
1057	201	683	SDA
1059	201	756	SDA
1063	201	401	SDA
1064	201	425	SDA
1067	201	347	SDA
1069	201	295	SDA
1071	201	353	LSD
1074	201	348	SDA
1075	201	283	SDA
1090	201	561	SDA
1093	201	566	SEA
1099	201	491	SDA
1103	201	426	SEA
1105	201	495	SDA
1108	201	637	SDA
1112	201	578	SDA
1119	201	194	SDA
1127	201	717	SEA
1130	201	676	SEA
1132	201	588	SEA
1136	201	466	SDA
1140	201	646	SDA
1146	201	431	SDA
1149	201	475	SDA
1153	201	805	SDA
1154	201	826	SDA
1157	201	837	SDA
1164	201	972	SDA
1168	201	1027	SDA
1181	201	436	SEA
1183	201	417	SEA
1188	201	372	SEA
1190	201	348	SEA
1200	201	658	SEA
1205	201	730	SEA
1209	201	480	SEA
1210	201	437	SEA
1214	201	358	SDA
1228	201	840	SEA
1239	201	875	SEA
1240	201	917	SEA
1243	201	884	SEA
1248	201	875	SEA
1252	201	793	SEA
1255	201	800	SEA
1257	201	768	SEA
1264	201	700	SDA
1265	201	684	SDA
1275	201	895	LSD
1278	201	812	SDA
1280	201	810	SDA
1284	201	795	SDA
1295	201	1289	SDA
1296	201	1289	SDA
1301	201	839	SEA
1306	201	891	SEA
1308	201	896	SEA
1312	201	934	SEA
1319	201	1023	SEA
