363	975	840	SEA
375	975	725	SEA
385	975	1290	SEA
395	975	122	SEA
396	975	95	SEA
408	975	624	SEA
409	975	655	SEA
414	975	754	SEA
421	975	656	SEA
422	975	700	SEA
435	975	658	SEA
439	975	474	SEA
448	975	132	SEA
450	975	145	SEA
453	975	245	SEA
458	975	367	SEA
463	975	294	SEA
490	975	260	SEA
494	975	220	SEA
501	975	690	SEA
507	975	538	SEA
512	975	514	SEA
513	975	577	SEA
517	975	418	SEA
529	975	227	SEA
531	975	254	SEA
536	975	675	SEA
541	975	889	SEA
542	975	868	SEA
543	975	868	SEA
549	975	136	SEA
554	975	349	SEA
564	975	542	SEA
566	975	471	SEA
568	975	595	SEA
578	975	374	SEA
593	975	95	SEA
596	975	364	SEA
606	975	382	SEA
607	975	626	SEA
610	975	632	SEA
623	975	576	SEA
624	975	644	SEA
637	975	579	SEA
652	975	440	SEA
654	975	577	SEA
684	975	272	SEA
692	975	974	SEA
694	975	780	SEA
710	975	762	SEA
718	975	557	SEA
720	975	443	SEA
727	975	647	SEA
729	975	623	SEA
739	975	570	SEA
740	975	550	SEA
749	975	410	SEA
751	975	427	SEA
757	975	597	SEA
759	975	607	SEA
760	975	636	SEA
761	975	631	SEA
765	975	664	SEA
768	975	741	SEA
770	975	616	SEA
771	975	627	SEA
772	975	627	SEA
774	975	654	SEA
778	975	606	SEA
779	975	605	SEA
783	975	612	SEA
791	975	1086	SEA
798	975	936	SEA
801	975	1015	SEA
804	975	613	SEA
808	975	614	SEA
810	975	835	SEA
819	975	659	SEA
834	975	694	SEA
840	975	593	SEA
847	975	1170	SEA
853	975	4	SEA
859	975	65	SEA
863	975	731	SEA
871	975	418	SEA
876	975	935	SEA
887	975	743	SEA
889	975	693	SEA
893	975	641	SEA
895	975	646	SEA
901	975	324	SEA
908	975	538	SEA
918	975	540	SEA
920	975	600	SEA
922	975	672	SEA
923	975	929	SEA
924	975	934	SEA
926	975	895	SEA
932	975	718	SEA
933	975	725	SEA
936	975	689	SEA
937	975	795	SEA
940	975	838	SEA
941	975	842	SEA
943	975	803	SEA
944	975	806	SEA
950	975	877	SEA
952	975	876	SEA
953	975	877	SEA
965	975	87	SEA
967	975	76	SEA
972	975	335	SEA
986	975	565	SEA
987	975	387	SEA
989	975	404	SEA
992	975	614	SEA
1000	975	398	SEA
1006	975	402	SEA
1007	975	402	SEA
1008	975	484	SEA
1010	975	67	SEA
1013	975	259	SEA
1014	975	156	SEA
1016	975	290	SEA
1019	975	291	SEA
1023	975	766	SEA
1026	975	213	SEA
1028	975	188	SEA
1033	975	63	SEA
1037	975	164	SEA
1040	975	290	SEA
1042	975	770	SEA
1048	975	292	SEA
1049	975	438	SEA
1051	975	340	SEA
1053	975	339	SEA
1057	975	250	SEA
1059	975	457	SEA
1063	975	497	SEA
1064	975	410	SEA
1067	975	421	SEA
1069	975	477	SEA
1071	975	716	SEA
1074	975	806	SEA
1075	975	231	SEA
1090	975	392	SEA
1093	975	619	SEA
1099	975	313	SEA
1103	975	1025	SEA
1105	975	1027	SEA
1108	975	234	SEA
1112	975	248	SEA
1119	975	705	SEA
1127	975	425	SEA
1130	975	370	SEA
1132	975	331	SEA
1136	975	744	SEA
1140	975	614	SEA
1146	975	734	SEA
1149	975	705	SEA
1153	975	563	SEA
1154	975	607	SEA
1157	975	48	SEA
1164	975	465	SEA
1168	975	861	SEA
1181	975	845	SEA
1183	975	298	SEA
1188	975	598	SEA
1190	975	717	SEA
1200	975	785	SEA
1205	975	400	SEA
1209	975	632	SEA
1210	975	691	SEA
1214	975	879	SEA
1228	975	280	SEA
1239	975	678	SEA
1240	975	488	SEA
1243	975	597	SEA
1248	975	784	SEA
1252	975	744	SEA
1255	975	467	SEA
1256	975	588	SEA
1257	975	588	SEA
1264	975	1035	SEA
1265	975	124	SEA
1275	975	769	SEA
1278	975	761	SEA
1279	975	761	SEA
1280	975	740	SEA
1284	975	70	SEA
1295	975	694	SEA
1296	975	694	SEA
1301	975	532	SEA
1306	975	915	SEA
1308	975	993	SEA
1312	975	172	SEA
1319	975	174	SEA
