363	975	747	SEA
385	975	150	SDA
408	975	310	SEA
409	975	295	SEA
421	975	650	SEA
422	975	602	SEA
435	975	126	SEA
448	975	4	SEA
458	975	96	SEA
463	975	71	SEA
494	975	220	SEA
529	975	175	SEA
543	975	126	SEA
549	975	142	SEA
554	975	450	SEA
568	975	657	SEA
593	975	379	SEA
606	975	662	SEA
607	975	640	SEA
629	975	479	SEA
637	975	372	SEA
694	975	781	SEA
710	975	437	SEA
718	975	438	SEA
727	975	552	SEA
729	975	638	SEA
751	975	595	SEA
757	975	627	SEA
760	975	665	SEA
765	975	651	SEA
768	975	605	SEA
770	975	618	SEA
771	975	631	SEA
772	975	631	SEA
774	975	569	SEA
778	975	606	SEA
791	975	568	SEA
798	975	560	SEA
801	975	537	SEA
804	975	613	SEA
808	975	669	SEA
810	975	653	SEA
819	975	516	SEA
834	975	482	SEA
840	975	1018	SEA
847	975	1170	SEA
853	975	4	SEA
859	975	65	SEA
863	975	152	SEA
871	975	548	SEA
876	975	527	SEA
887	975	705	SEA
889	975	693	SEA
893	975	738	SEA
895	975	729	SEA
901	975	441	SEA
908	975	512	SEA
918	975	920	SEA
920	975	862	SEA
922	975	924	SEA
923	975	575	SEA
924	975	646	SEA
926	975	670	SEA
932	975	718	SEA
933	975	725	SEA
936	975	689	SEA
937	975	1062	SEA
940	975	1019	SEA
941	975	1015	SEA
943	975	1024	SEA
944	975	1029	SEA
950	975	43	SEA
952	975	12	SEA
953	975	6	SEA
965	975	251	SEA
967	975	488	SEA
972	975	104	SEA
986	975	643	SEA
987	975	633	SEA
989	975	598	SEA
992	975	432	SEA
1000	975	116	SEA
1006	975	136	SEA
1007	975	136	SEA
1008	975	202	SEA
1010	975	74	SEA
1013	975	111	SEA
1014	975	214	SEA
1016	975	215	SEA
1019	975	280	SEA
1023	975	185	SEA
1026	975	385	SEA
1028	975	166	SEA
1033	975	801	SEA
1037	975	122	SEA
1040	975	178	SEA
1042	975	180	SEA
1048	975	292	SEA
1049	975	203	SEA
1051	975	34	SEA
1053	975	63	SEA
1057	975	250	SEA
1059	975	43	SEA
1063	975	170	SEA
1064	975	288	SEA
1067	975	380	SEA
1069	975	292	SEA
1071	975	43	SEA
1074	975	157	SEA
1075	975	217	SEA
1090	975	303	SEA
1093	975	70	SEA
1099	975	313	SEA
1103	975	104	SEA
1105	975	32	SEA
1108	975	230	SEA
1112	975	201	SEA
1119	975	92	SEA
1127	975	189	SEA
1130	975	55	SEA
1132	975	149	SEA
1136	975	214	SEA
1140	975	294	SEA
1146	975	30	SEA
1149	975	287	SEA
1153	975	202	SEA
1154	975	205	SEA
1157	975	48	SEA
1164	975	580	SEA
1168	975	160	SEA
1181	975	116	SEA
1183	975	301	SEA
1188	975	811	SEA
1190	975	749	SEA
1200	975	104	SEA
1205	975	440	SEA
1209	975	228	SEA
1210	975	171	SEA
1214	975	179	SEA
1228	975	279	SEA
1239	975	609	SEA
1240	975	531	SEA
1243	975	409	SEA
1248	975	73	SEA
1252	975	270	SEA
1255	975	520	SEA
1257	975	415	SEA
1264	975	64	SEA
1265	975	126	SEA
1275	975	432	SEA
1278	975	236	SEA
1279	975	236	SEA
1280	975	207	SEA
1284	975	70	SEA
1295	975	285	SEA
1296	975	285	SEA
1301	975	1029	SEA
1306	975	620	SEA
1308	975	468	SEA
1312	975	205	SEA
1319	975	174	SEA
