363	157	568	SEA
363	165	518	SEA
375	157	275	SEA
375	165	495	SEA
408	157	907	SEA
408	165	757	SEA
409	157	934	SEA
409	165	618	SEA
421	157	519	SEA
421	165	761	SEA
422	157	493	SEA
422	165	793	SEA
427	157	409	SEA
427	165	800	SEA
435	157	332	SEA
435	165	504	SDA
439	157	290	SEA
439	165	329	SEA
448	157	184	SDA
448	165	684	SEA
450	157	169	SDA
450	165	656	SEA
458	157	214	SDA
458	165	756	SEA
463	157	364	SEA
463	165	804	SEA
490	157	167	SEA
490	165	721	SEA
494	157	217	SEA
494	165	768	SEA
512	157	808	SEA
512	165	775	SEA
513	157	452	SEA
513	165	760	SEA
529	157	495	SEA
529	165	597	SEA
554	157	227	SEA
554	165	708	SEA
558	157	514	SEA
558	165	630	SEA
568	157	678	SEA
568	165	825	SEA
570	157	690	SEA
570	165	832	SEA
593	157	576	SEA
593	165	949	SEA
606	157	1417	SEA
606	165	796	SEA
607	157	1447	SEA
607	165	828	SEA
610	157	1384	SEA
610	165	762	SEA
623	157	85	SEA
623	165	407	SEA
663	157	182	SEA
663	165	923	SEA
667	157	1016	SEA
667	165	867	SEA
694	157	1048	SEA
694	165	1043	SEA
710	157	936	SEA
710	165	568	SEA
718	157	1785	SEA
718	165	958	SEA
720	157	1736	SEA
720	165	941	SEA
729	157	1712	SEA
729	165	628	SEA
745	157	912	SEA
745	165	1258	SEA
757	157	506	SEA
757	165	609	SEA
759	157	508	SEA
759	165	605	SEA
760	157	619	SEA
760	165	632	SEA
761	157	618	SEA
761	165	654	SEA
765	157	577	SEA
765	165	976	SEA
768	157	610	SEA
768	165	998	SEA
770	157	486	SDA
770	165	872	SEA
771	157	515	SDA
771	165	896	SEA
774	157	508	SEA
774	165	908	SEA
775	157	508	SEA
775	165	908	SEA
778	157	887	SEA
778	165	607	SEA
791	157	1238	SEA
791	165	554	SEA
798	157	302	SEA
798	165	931	SEA
801	157	247	SEA
801	165	981	SEA
804	157	317	SEA
804	165	964	SEA
808	157	248	SEA
808	165	829	SEA
810	157	241	SEA
810	165	825	SEA
819	157	791	SEA
819	165	1081	SEA
834	157	435	SEA
834	165	858	SEA
840	157	1338	SEA
840	165	916	SEA
847	157	373	SEA
847	165	734	SEA
853	157	456	SEA
853	165	743	SEA
859	157	422	SEA
859	165	737	SEA
863	157	399	SEA
863	165	688	SEA
871	157	357	SEA
871	165	805	SEA
876	157	792	SEA
876	165	1440	SEA
887	157	579	SEA
887	165	590	SEA
889	157	626	SEA
889	165	678	SEA
893	157	510	SEA
893	165	544	SEA
895	157	546	SEA
895	165	512	SEA
901	157	386	SEA
901	165	520	SEA
908	157	423	SEA
908	165	1600	SEA
918	157	869	SEA
918	165	539	SEA
920	157	811	SEA
920	165	542	SEA
922	157	1085	SEA
922	165	774	SEA
923	157	1095	SEA
923	165	800	SEA
924	157	1043	SEA
924	165	916	SEA
926	157	1101	SEA
926	165	1021	SEA
932	157	922	SEA
932	165	1318	SEA
933	157	901	SEA
933	165	1348	SEA
936	157	808	SEA
936	165	1525	SEA
937	157	549	SEA
937	165	624	SEA
940	157	520	SEA
940	165	643	SEA
941	157	542	SEA
941	165	652	SEA
943	157	601	SEA
943	165	654	SEA
944	157	605	SEA
944	165	852	SEA
950	157	595	SDA
950	165	604	SEA
952	157	674	SEA
952	165	586	SEA
953	157	641	SEA
953	165	574	SEA
965	157	960	SEA
965	165	987	SEA
967	157	966	SEA
967	165	915	SEA
972	157	232	SEA
972	165	699	SEA
986	157	654	SEA
986	165	618	SEA
987	157	1067	SEA
987	165	1052	SEA
989	157	1090	SEA
989	165	1049	SEA
992	157	1048	SEA
992	165	990	SEA
1000	157	409	SEA
1000	165	1033	SEA
1006	157	433	SEA
1006	165	1155	SEA
1007	157	433	SEA
1007	165	1155	SEA
1008	157	475	SEA
1008	165	1156	SEA
1010	157	504	SEA
1010	165	1196	SEA
1013	157	461	SEA
1013	165	860	SEA
1014	157	481	SEA
1014	165	843	SEA
1016	157	350	SEA
1016	165	912	SEA
1019	157	310	SEA
1019	165	1027	SEA
1023	157	298	SEA
1023	165	1479	SEA
1026	157	1208	SEA
1026	165	1352	SEA
1028	157	1219	SEA
1028	165	738	SEA
1033	157	47	SEA
1033	165	776	SEA
1037	157	6	SEA
1037	165	737	SEA
1040	157	47	SEA
1040	165	719	SEA
1042	157	54	SEA
1042	165	673	SEA
1048	157	77	SEA
1048	165	741	SEA
1049	157	36	SEA
1049	165	578	SEA
1051	157	1058	SEA
1051	165	647	SEA
1053	157	1055	SEA
1053	165	641	SEA
1057	157	1047	SEA
1057	165	711	SEA
1059	157	1012	SEA
1059	165	718	SEA
1063	157	1049	SEA
1063	165	698	SEA
1064	157	1084	SEA
1064	165	740	SEA
1067	157	488	SEA
1067	165	697	SEA
1069	157	520	SEA
1069	165	688	SEA
1071	157	596	SEA
1071	165	938	SEA
1074	157	538	SEA
1074	165	1014	SEA
1075	157	538	SEA
1075	165	953	SEA
1090	157	823	SEA
1090	165	729	SEA
1093	157	795	SEA
1093	165	801	SEA
1099	157	408	SEA
1099	165	655	SEA
1103	157	332	SEA
1103	165	368	SEA
1105	157	349	SEA
1105	165	281	SEA
1108	157	395	SEA
1108	165	294	SEA
1112	157	1077	SEA
1112	165	1087	SEA
1119	157	823	SEA
1119	165	457	SDA
1127	157	807	SEA
1127	165	420	SDA
1130	157	800	SEA
1130	165	512	SDA
1132	157	752	SEA
1132	165	731	SEA
1136	157	763	SEA
1136	165	706	SEA
1140	157	937	SEA
1140	165	936	SEA
1146	157	1027	SEA
1146	165	1590	SEA
1149	157	1159	SEA
1149	165	1721	SEA
1153	157	1129	SEA
1153	165	350	SEA
1154	157	1088	SEA
1154	165	1159	SEA
1157	157	1188	SEA
1157	165	310	SEA
1164	157	1131	SEA
1164	165	580	SEA
1168	157	429	SEA
1168	165	613	SEA
1181	157	497	SEA
1181	165	894	SEA
1183	157	526	SEA
1183	165	922	SEA
1188	157	545	SEA
1188	165	888	SEA
1190	157	517	SEA
1190	165	876	SEA
1200	157	929	SEA
1200	165	871	SEA
1205	157	790	SEA
1205	165	1025	SEA
1209	157	841	SEA
1209	165	1165	SEA
1210	157	815	SEA
1210	165	1199	SEA
1214	157	706	SEA
1214	165	1128	SEA
1228	157	898	SEA
1228	165	2097	SEA
1239	157	517	SEA
1239	165	514	SEA
1240	157	498	SEA
1240	165	471	SEA
1243	157	602	SEA
1243	165	517	SEA
1248	157	1281	SEA
1248	165	736	SEA
1252	157	1237	SEA
1252	165	1056	SEA
1255	157	1294	SEA
1255	165	1453	SEA
1256	157	1305	SEA
1256	165	1447	SEA
1257	157	1305	SEA
1257	165	1447	SEA
1264	157	270	SEA
1264	165	619	SEA
1265	157	305	SEA
1265	165	614	SEA
1275	157	139	SEA
1275	165	534	SEA
1278	157	97	SEA
1278	165	509	SEA
1280	157	98	SEA
1280	165	519	SEA
1284	157	1625	SEA
1284	165	439	SEA
1289	157	1717	SEA
1289	165	533	SEA
1295	157	1748	SEA
1295	165	582	SEA
1296	157	1748	SEA
1296	165	582	SEA
1301	165	736	SEA
1306	157	1049	SDA
1306	165	887	SEA
1308	157	1053	SEA
1308	165	882	SEA
1312	157	961	SEA
1312	165	913	SEA
1319	157	935	SEA
1319	165	1036	SEA
