363	941	405	SEA
363	991	346	SEA
363	993	830	SEA
375	941	421	SEA
375	991	501	SEA
375	993	887	SEA
385	941	466	SEA
385	991	728	SEA
385	993	899	SEA
392	941	544	SEA
392	991	633	SEA
392	993	1490	SEA
408	941	469	SEA
408	991	269	SEA
408	993	569	SEA
409	941	525	SEA
409	991	233	SEA
409	993	564	SEA
421	941	340	SEA
421	991	391	SEA
421	993	539	SEA
422	941	343	SEA
422	991	382	SEA
422	993	479	SEA
435	941	266	SEA
435	991	546	SEA
435	993	600	SEA
439	941	582	SEA
439	991	539	SEA
439	993	538	SEA
448	941	334	SEA
448	991	426	SEA
448	993	758	SEA
450	941	459	SEA
450	991	439	SEA
450	993	623	SEA
458	941	852	SEA
458	991	395	SEA
458	993	535	SEA
463	941	337	SEA
463	991	260	SDA
463	993	702	SEA
488	941	429	SEA
488	991	539	SEA
488	993	900	SEA
490	941	495	SEA
490	991	451	SEA
490	993	899	SEA
494	941	558	SEA
494	991	399	SEA
494	993	593	SEA
507	941	606	SEA
507	991	435	SEA
507	993	627	SEA
512	941	395	SEA
512	991	388	SEA
512	993	899	SEA
513	941	439	SEA
513	991	362	SEA
513	993	910	SEA
516	941	415	SEA
516	991	364	SEA
516	993	888	SEA
517	941	415	SEA
517	991	376	SEA
517	993	902	SEA
520	941	402	SEA
520	991	567	SEA
520	993	878	SEA
529	941	345	SEA
529	991	679	SEA
531	941	528	SEA
531	991	619	SEA
542	941	501	SEA
542	991	699	SEA
543	941	501	SEA
543	991	699	SEA
549	941	614	SEA
549	991	605	SEA
549	993	1019	SEA
554	941	709	SEA
554	991	799	SEA
554	993	679	SEA
568	941	604	SEA
568	991	839	SEA
568	993	1019	SEA
578	941	715	SEA
578	991	652	SEA
578	993	1021	SEA
593	941	601	SEA
593	991	517	SEA
593	993	1198	SEA
596	941	642	SEA
596	991	679	SEA
596	993	1122	SEA
606	941	706	SEA
606	991	780	SEA
606	993	1199	SEA
607	941	719	SEA
607	991	779	SEA
607	993	1079	SEA
615	941	735	SEA
615	991	700	SEA
615	993	969	SEA
624	941	703	SEA
624	991	822	SEA
624	993	1200	SEA
629	941	706	SEA
629	991	900	SEA
629	993	1124	SEA
637	941	556	SEA
637	991	750	SEA
637	993	1020	SEA
667	941	659	SEA
667	991	779	SEA
667	993	1061	SEA
673	941	578	SEA
673	991	765	SEA
673	993	1129	SEA
694	941	595	SEA
694	991	780	SEA
694	993	1035	SEA
710	941	660	SEA
710	991	703	SEA
710	993	1112	SEA
718	941	668	SEA
718	991	780	SEA
718	993	1116	SEA
720	941	624	SEA
720	991	780	SEA
720	993	1200	SEA
727	941	549	SEA
727	991	471	SEA
727	993	1099	SEA
729	941	580	SEA
729	991	491	SEA
729	993	1073	SEA
740	941	743	SEA
740	991	713	SEA
740	993	1063	SEA
749	941	739	SEA
749	991	719	SEA
749	993	1126	SEA
750	941	748	SEA
750	991	751	SEA
750	993	1104	SEA
751	941	748	SEA
751	991	751	SEA
751	993	1104	SEA
757	941	680	SEA
757	991	647	SEA
757	993	931	SEA
759	941	664	SEA
759	991	720	SEA
759	993	943	SEA
760	941	569	SEA
760	991	720	SEA
760	993	926	SEA
761	941	570	SEA
761	991	720	SEA
761	993	956	SEA
765	941	607	SEA
765	991	553	SEA
765	993	1199	SEA
768	941	539	SEA
768	991	515	SEA
768	993	1087	SEA
770	941	419	SEA
770	991	488	SEA
770	993	1078	SEA
771	941	359	SEA
771	991	494	SEA
771	993	1082	SEA
772	941	359	SEA
772	991	494	SEA
772	993	1082	SEA
773	941	195	SEA
773	991	719	SEA
773	993	1128	SEA
774	941	329	SEA
774	991	679	SEA
774	993	1068	SEA
778	941	338	SDA
778	991	419	SEA
778	993	1062	SEA
779	941	441	SDA
779	991	359	SEA
779	993	1200	SEA
783	941	327	SDA
783	991	720	SEA
783	993	1200	SEA
791	941	419	SEA
791	991	578	SEA
791	993	1090	SEA
798	941	660	SEA
798	991	659	SEA
798	993	1142	SEA
801	941	599	SEA
801	991	539	SEA
804	941	621	SEA
804	991	359	SEA
808	941	575	SDA
808	991	780	SEA
810	941	610	SEA
810	991	719	SEA
819	941	649	SEA
819	991	639	SEA
819	993	2165	SEA
834	941	650	SEA
834	991	569	LSD
834	993	1057	SEA
840	941	565	SEA
840	991	648	SEA
840	993	1033	SDA
847	941	587	SDA
847	991	533	SEA
847	993	1102	SEA
853	941	642	SDA
853	991	779	SEA
853	993	1132	SEA
859	941	558	SDA
859	991	694	SEA
859	993	1037	SDA
863	941	513	SDA
863	991	900	SEA
871	941	547	SEA
871	991	862	SEA
876	941	536	SEA
876	991	959	SEA
876	993	2191	SEA
887	941	340	SEA
887	991	925	SEA
887	993	1195	SEA
889	941	430	SEA
889	991	780	SEA
889	993	1170	SEA
893	941	599	SEA
893	991	780	SEA
893	993	1208	SEA
895	941	499	SEA
895	991	780	SEA
895	993	1132	SEA
901	941	432	SEA
901	991	479	SEA
901	993	1200	SEA
908	941	424	SEA
908	991	840	SEA
908	993	1019	SEA
918	941	459	SEA
918	991	692	SEA
918	993	837	SEA
920	941	472	SEA
920	991	840	SEA
920	993	858	SEA
922	941	419	SEA
922	991	840	SEA
922	993	847	SEA
923	941	351	SEA
923	991	840	SEA
923	993	851	SEA
924	941	392	SEA
924	991	674	SEA
926	941	663	SEA
926	991	674	SEA
932	941	623	SEA
932	991	605	SEA
933	941	634	SEA
933	991	605	SEA
936	941	206	SEA
936	991	835	SEA
936	993	2205	SEA
937	941	335	SEA
937	991	834	SEA
937	993	2222	SEA
940	941	438	SEA
940	991	654	SEA
940	993	2166	SEA
941	941	480	SEA
941	991	694	SEA
941	993	2159	SEA
943	941	571	SEA
943	991	685	SEA
944	941	639	SEA
944	991	690	SEA
950	941	755	SEA
950	991	845	SEA
950	993	1084	SEA
952	941	599	SEA
952	991	784	SEA
952	993	317	SEA
953	941	559	SEA
953	991	744	SEA
953	993	405	SEA
965	941	402	SEA
965	991	840	SEA
965	993	1200	SEA
967	941	279	SEA
967	991	779	SEA
967	993	1139	SEA
972	941	600	SEA
972	991	735	SEA
972	993	971	SEA
986	941	1162	SEA
986	991	571	SEA
986	993	1139	SEA
987	941	1134	SEA
987	991	566	SEA
987	993	1043	SEA
989	941	1123	SEA
989	991	555	SEA
989	993	1044	SEA
992	941	1109	SDA
992	991	599	SEA
992	993	1059	SEA
1000	941	600	SEA
1000	991	59	SEA
1000	993	1029	SEA
1006	941	165	SEA
1006	991	400	SEA
1007	941	165	SEA
1007	991	400	SEA
1008	941	207	SEA
1008	991	384	SEA
1010	941	311	SEA
1010	991	367	SEA
1013	941	484	SEA
1013	991	348	SEA
1013	993	2210	SEA
1014	941	473	SEA
1014	991	359	SEA
1014	993	2202	SEA
1016	941	558	SEA
1016	991	239	SEA
1016	993	2225	SEA
1019	941	609	SEA
1019	991	119	SEA
1019	993	2246	SEA
1023	941	1139	SEA
1023	991	566	SEA
1026	941	1026	SEA
1026	991	565	SEA
1028	941	1042	SEA
1028	991	516	SEA
1028	993	900	SEA
1033	941	965	SEA
1033	991	514	SEA
1033	993	1145	SEA
1037	941	944	SDA
1037	991	503	SEA
1037	993	1133	SEA
1040	941	393	SEA
1040	991	480	SEA
1040	993	1037	SEA
1042	941	392	SEA
1042	991	439	SEA
1042	993	900	SEA
1048	941	544	SEA
1048	991	233	SEA
1048	993	739	SEA
1049	941	566	SEA
1049	991	410	SEA
1049	993	527	SEA
1051	941	572	SEA
1051	991	357	SEA
1051	993	587	SEA
1053	941	90	SEA
1053	991	364	SEA
1053	993	574	SEA
1057	941	305	SEA
1057	991	380	SEA
1057	993	543	SEA
1059	941	400	SEA
1059	991	346	SEA
1059	993	502	SDA
1063	941	385	SDA
1063	991	201	SEA
1063	993	859	SDA
1064	941	582	SEA
1064	991	291	SEA
1064	993	637	SEA
1067	941	492	SEA
1067	991	498	SEA
1067	993	603	SEA
1069	941	459	SEA
1069	991	528	SEA
1069	993	582	SEA
1071	941	462	SEA
1071	991	520	SEA
1071	993	595	SEA
1074	941	364	SDA
1074	991	652	SEA
1074	993	521	SEA
1075	941	430	SDA
1075	991	653	SEA
1075	993	528	SEA
1090	941	311	SEA
1090	991	493	SEA
1090	993	1325	SDA
1093	941	506	SEA
1093	991	443	SDA
1093	993	1358	SDA
1099	941	106	SDA
1099	991	595	SEA
1099	993	646	SEA
1103	941	83	SDA
1103	991	696	SEA
1103	993	601	SDA
1105	941	104	SDA
1105	991	696	SEA
1105	993	610	SDA
1108	941	538	SEA
1108	991	575	SEA
1108	993	719	SEA
1112	941	301	SEA
1112	991	395	SEA
1112	993	439	SEA
1119	941	306	SEA
1119	991	539	SEA
1119	993	433	SDA
1127	941	360	SDA
1127	991	297	SEA
1127	993	613	SEA
1130	941	324	SDA
1130	991	359	SEA
1130	993	620	SDA
1132	941	438	SEA
1132	991	259	SEA
1132	993	564	SDA
1136	941	307	SDA
1136	991	59	SEA
1136	993	625	SDA
1140	941	473	SEA
1140	991	299	SEA
1140	993	1413	SEA
1146	941	208	SEA
1146	991	314	SEA
1146	993	1438	SDA
1149	941	361	SEA
1149	991	355	SEA
1149	993	1467	SDA
1153	941	245	SEA
1153	991	479	SEA
1153	993	1200	SEA
1154	941	305	SEA
1154	991	439	SEA
1154	993	719	SEA
1157	941	500	SEA
1157	991	448	SEA
1157	993	736	SEA
1164	941	143	SEA
1164	991	419	SEA
1164	993	743	SEA
1168	941	526	SEA
1168	991	397	SEA
1168	993	925	SEA
1181	941	235	SEA
1181	991	619	SEA
1181	993	826	SDA
1183	941	358	SDA
1183	991	544	SEA
1183	993	831	SDA
1188	941	297	SDA
1188	991	530	SEA
1188	993	1079	SEA
1190	941	505	SEA
1190	991	780	SEA
1190	993	965	SEA
1200	941	1170	SEA
1200	991	709	SEA
1200	993	1029	SDA
1205	941	1278	SDA
1205	991	719	SEA
1205	993	1199	SEA
1209	941	1259	SDA
1209	991	539	SEA
1209	993	1019	SEA
1210	941	417	SDA
1210	991	479	SEA
1210	993	908	SEA
1214	941	876	SEA
1214	991	259	SEA
1214	993	883	SDA
1228	941	686	SDA
1228	991	840	SEA
1228	993	1039	SEA
1239	941	747	SEA
1239	991	299	SEA
1239	993	900	SDA
1240	941	738	SEA
1240	991	259	SEA
1240	993	875	SDA
1243	941	711	SDA
1243	991	900	SEA
1243	993	862	SDA
1248	941	779	SEA
1248	991	719	SEA
1248	993	1076	SEA
1252	941	217	SEA
1252	991	758	SEA
1252	993	1132	SDA
1255	941	361	SEA
1255	991	900	SEA
1255	993	1033	SDA
1256	941	434	SEA
1256	991	900	SEA
1256	993	1040	SDA
1257	941	434	SEA
1257	991	900	SEA
1257	993	1040	SDA
1264	941	709	SDA
1264	991	902	SEA
1264	993	1200	SEA
1265	941	691	SDA
1265	991	910	SEA
1265	993	1199	SEA
1275	941	488	SEA
1275	991	899	SEA
1275	993	1076	SDA
1278	941	524	SEA
1278	991	890	SEA
1278	993	1077	SDA
1279	941	524	SEA
1279	991	890	SEA
1279	993	1077	SDA
1280	941	541	SEA
1280	991	900	SEA
1280	993	1050	SDA
1284	941	637	SEA
1284	991	960	SEA
1284	993	1200	SEA
1289	941	259	SEA
1289	991	960	SEA
1289	993	989	SDA
1295	941	526	SEA
1295	991	894	SEA
1295	993	1089	SDA
1296	941	526	SEA
1296	991	894	SEA
1296	993	1089	SDA
1301	941	662	SEA
1301	991	960	SEA
1301	993	1001	SDA
1306	941	640	SDA
1306	991	959	SEA
1306	993	1139	SEA
1308	941	686	SDA
1308	991	854	SEA
1308	993	1053	SEA
1312	941	722	SEA
1312	991	739	SEA
1312	993	1046	SEA
1319	941	505	SDA
1319	991	900	SEA
1319	993	1024	SDA
