363	153	480	SEA
363	165	518	SEA
363	174	1070	SEA
363	48	617	SEA
363	855	522	SEA
363	93	760	SEA
363	961	558	SEA
375	153	569	SEA
375	165	609	SEA
375	174	906	SEA
375	186	1215	SEA
375	48	678	SEA
375	855	934	SEA
375	93	787	SEA
375	961	445	SEA
385	153	613	SEA
385	165	533	SEA
385	174	780	SEA
385	186	869	SEA
385	48	659	SEA
385	855	1000	SEA
385	93	926	SEA
385	961	941	SEA
395	153	726	SEA
395	165	635	SEA
395	174	569	SEA
395	186	787	SDA
395	48	665	SEA
395	855	960	SEA
395	93	620	SEA
395	961	688	SEA
408	153	1394	SEA
408	165	757	SEA
408	174	1033	SEA
408	186	1259	SEA
408	48	625	SEA
408	855	924	SEA
408	93	603	SEA
408	961	613	SEA
409	153	545	SEA
409	165	618	SEA
409	174	1104	SEA
409	186	1265	SEA
409	48	459	SEA
409	855	904	SEA
409	93	576	SEA
409	961	590	SDA
414	153	529	SEA
414	165	674	SEA
414	174	776	SEA
414	186	818	SEA
414	48	609	SEA
414	855	890	SEA
414	93	943	SEA
414	961	705	SDA
421	153	748	SEA
421	165	769	SEA
421	174	851	SEA
421	186	970	SEA
421	48	630	SEA
421	855	835	SEA
421	93	738	SEA
421	961	407	SDA
422	153	752	SEA
422	165	804	SEA
422	174	833	SEA
422	186	938	SEA
422	48	621	SEA
422	855	854	SEA
422	93	953	SEA
422	961	425	SDA
432	153	568	SEA
432	165	470	SEA
432	174	987	SEA
432	186	841	SEA
432	48	639	SEA
432	855	894	SEA
432	93	824	SEA
432	961	385	SDA
435	153	610	SEA
435	165	512	SDA
435	174	999	SEA
435	186	825	SEA
435	48	637	SDA
435	855	895	SEA
435	93	665	SEA
435	961	947	SEA
439	153	735	SEA
439	165	327	SEA
439	174	972	SEA
439	186	748	SEA
439	48	560	SEA
439	855	887	SDA
439	93	930	SEA
439	961	864	SEA
448	153	553	SEA
448	165	684	SEA
448	174	1359	SEA
448	186	597	SEA
448	48	479	SEA
448	855	786	SEA
448	93	522	SEA
448	961	473	SEA
453	153	595	SEA
453	165	813	SEA
453	174	1284	SEA
453	186	626	SEA
453	48	329	SEA
453	855	747	SEA
453	93	537	SEA
453	961	422	SEA
463	153	1067	SEA
463	165	538	SEA
463	174	1182	SEA
463	186	674	SEA
463	48	664	SEA
463	855	950	SEA
463	93	1036	SEA
463	961	1208	SEA
465	153	1163	SEA
465	165	548	SEA
465	174	1241	SEA
465	186	557	SEA
465	48	670	SEA
465	855	995	SEA
465	93	1086	SEA
465	961	1193	SDA
490	153	558	SEA
490	165	721	SEA
490	174	1182	SEA
490	186	1197	SEA
490	48	812	SEA
490	855	850	SEA
490	93	773	SEA
490	961	209	SEA
492	153	583	SEA
492	165	725	SEA
492	174	1219	SEA
492	186	1208	SEA
492	48	779	SEA
492	855	839	SEA
492	93	748	SEA
492	961	260	SEA
494	153	512	SDA
494	165	768	SEA
494	174	1269	SEA
494	186	1200	SEA
494	48	751	SEA
494	855	817	SEA
494	93	802	SEA
494	961	301	SEA
501	153	948	SEA
501	165	564	SEA
501	174	975	SEA
501	186	1105	SEA
501	48	739	SEA
501	855	792	SEA
501	93	871	SEA
501	961	1075	SEA
507	153	630	SEA
507	165	472	SEA
507	174	1136	SEA
507	186	1049	SEA
507	48	419	SEA
507	855	989	SEA
507	93	952	SDA
507	961	790	SEA
508	153	647	SEA
508	165	824	SEA
508	174	1076	SEA
508	186	1045	SEA
508	48	379	SEA
508	855	1060	SEA
508	93	1012	SDA
508	961	745	SEA
512	153	955	SEA
512	165	790	SEA
512	174	1046	SEA
512	186	986	SEA
512	48	260	SEA
512	855	1039	SEA
512	93	434	SEA
512	961	734	SEA
517	153	604	SEA
517	165	712	SEA
517	174	944	SEA
517	186	1304	SEA
517	48	888	SEA
517	855	1034	SEA
517	93	432	SEA
517	961	780	SEA
520	153	631	SEA
520	165	758	SEA
520	174	1676	SEA
520	186	1344	SEA
520	48	479	SEA
520	855	833	SEA
520	93	466	SEA
520	961	753	SEA
529	153	851	SEA
529	165	597	SEA
529	174	1503	SEA
529	186	1245	SEA
529	48	553	SEA
529	855	859	SEA
529	93	652	SEA
529	961	909	SEA
531	153	841	SEA
531	165	778	SEA
531	174	1519	SEA
531	186	1208	SEA
531	48	611	SEA
531	855	835	SEA
531	93	715	SEA
531	961	889	SEA
542	153	882	SEA
542	165	512	SEA
542	174	941	SEA
542	186	920	SEA
542	48	204	SEA
542	855	661	SEA
542	93	861	SEA
542	961	1239	SEA
543	153	882	SEA
543	165	512	SEA
543	174	941	SEA
543	186	920	SEA
543	48	204	SEA
543	855	661	SEA
543	93	861	SEA
543	961	1239	SEA
549	153	736	SEA
549	165	676	SEA
549	174	986	SEA
549	186	926	SEA
549	48	618	SEA
549	855	698	SEA
549	93	716	SEA
549	961	1241	SEA
554	153	618	SEA
554	165	788	SEA
554	174	365	SEA
554	186	810	SEA
554	48	351	SEA
554	855	717	SEA
554	93	791	SEA
554	961	355	SEA
568	153	794	SEA
568	165	850	SEA
568	174	662	SEA
568	186	1247	SEA
568	48	606	SEA
568	855	1100	SEA
568	93	849	SEA
568	961	172	SEA
578	153	452	SEA
578	165	840	SEA
578	174	883	SEA
578	186	602	SEA
578	48	432	SEA
578	855	609	SEA
578	93	28	SEA
578	961	629	SEA
593	153	355	SEA
593	165	605	SEA
593	174	61	SEA
593	186	626	SEA
593	48	659	SEA
593	855	607	SDA
593	93	137	SEA
593	961	715	SEA
606	153	615	SEA
606	165	594	SEA
606	174	534	SEA
606	186	941	SEA
606	48	746	SEA
606	855	682	SEA
606	93	824	SEA
606	961	702	SEA
607	153	645	SEA
607	165	618	SEA
607	174	581	SEA
607	186	942	SEA
607	48	782	SEA
607	855	723	SEA
607	93	861	SEA
607	961	627	SEA
615	153	572	SEA
615	165	517	SEA
615	174	393	SEA
615	186	798	SEA
615	48	599	SEA
615	855	703	SEA
615	93	622	SEA
615	961	867	SEA
624	153	875	SEA
624	165	880	SEA
624	174	335	SEA
624	186	821	SEA
624	48	513	SEA
624	855	70	SEA
624	93	992	SEA
624	961	979	SEA
629	153	954	SEA
629	165	613	SEA
629	174	628	SEA
629	186	950	SEA
629	48	604	SEA
629	855	56	SEA
629	93	516	SEA
629	961	971	SEA
637	153	1002	SEA
637	165	669	SEA
637	174	351	SEA
637	186	1119	SEA
637	48	562	SEA
637	855	837	SEA
637	93	933	SEA
637	961	380	SEA
654	153	1212	SEA
654	165	522	SEA
654	174	747	SEA
654	186	569	SEA
654	48	784	SEA
654	855	896	SEA
654	93	638	SEA
654	961	341	SEA
663	153	1014	SEA
663	165	921	SEA
663	174	864	SEA
663	186	1255	SEA
663	48	899	SEA
663	855	496	SEA
663	93	1162	SEA
663	961	1069	SEA
684	153	866	SEA
684	165	919	SEA
684	174	849	SEA
684	186	1030	SEA
684	48	842	SEA
684	855	580	SEA
684	93	1028	SEA
684	961	917	SEA
694	153	1199	SEA
694	165	535	SEA
694	174	632	SEA
694	186	980	SEA
694	48	1019	SEA
694	855	545	SEA
694	93	734	SEA
694	961	872	SEA
710	153	474	SEA
710	165	837	SEA
710	174	1179	SEA
710	186	1642	SEA
710	48	960	SEA
710	855	637	SEA
710	93	859	SEA
710	961	696	SEA
718	153	330	SEA
718	165	941	SEA
718	174	1041	SEA
718	186	1665	SEA
718	48	844	SEA
718	855	533	SEA
718	93	886	SEA
718	961	715	SEA
720	153	929	SEA
720	165	562	SEA
720	174	1179	SEA
720	186	923	SEA
720	48	764	SEA
720	855	582	SEA
720	93	607	SEA
720	961	860	SEA
727	153	794	SEA
727	165	625	SEA
727	174	1146	SEA
727	186	1106	SEA
727	48	840	SEA
727	855	916	SEA
727	93	1062	SEA
727	961	1062	SEA
729	153	784	SEA
729	165	628	SEA
729	174	1115	SEA
729	186	1159	SEA
729	48	779	SEA
729	855	940	SEA
729	93	1055	SEA
729	961	700	SEA
745	165	363	SEA
745	174	999	SEA
745	186	1295	SEA
745	48	689	SEA
745	855	1038	SEA
745	93	904	SEA
745	961	1463	SEA
749	153	544	SEA
749	165	523	SEA
749	174	953	SEA
749	186	1136	SEA
749	48	714	SEA
749	855	1033	SEA
749	93	792	SEA
749	961	1499	SEA
751	153	619	SEA
751	165	552	SEA
751	174	878	SEA
751	186	1206	SEA
751	48	708	SEA
751	855	1079	SEA
751	93	799	SEA
751	961	1611	SEA
757	153	854	SEA
757	165	620	SEA
757	174	600	SEA
757	186	1412	SEA
757	48	17	SEA
757	855	655	SEA
757	93	1086	SEA
757	961	463	SEA
759	153	833	SEA
759	165	616	SEA
759	174	658	SEA
759	186	1428	SEA
759	48	41	SEA
759	855	621	SEA
759	93	1110	SEA
759	961	427	SEA
760	153	1439	SEA
760	165	752	SEA
760	174	752	SEA
760	186	1280	SEA
760	48	173	SEA
760	855	614	SEA
760	93	835	SEA
760	961	333	SEA
765	153	638	SEA
765	165	976	SEA
765	174	713	SEA
765	186	1286	SEA
765	48	751	SEA
765	855	616	SEA
765	93	877	SEA
765	961	513	SEA
768	153	677	SEA
768	165	893	SEA
768	174	826	SEA
768	186	802	SEA
768	48	840	SEA
768	855	562	SEA
768	93	871	SEA
768	961	547	SEA
770	153	704	SEA
770	165	872	SEA
770	174	740	SEA
770	186	1019	SEA
770	48	779	SEA
770	855	600	SEA
770	93	889	SEA
770	961	529	SEA
771	153	720	SEA
771	165	579	SEA
771	174	701	SEA
771	186	1034	SEA
771	48	719	SEA
771	855	596	SEA
771	93	922	SEA
771	961	542	SEA
772	153	720	SEA
772	165	579	SEA
772	174	701	SEA
772	186	1034	SEA
772	48	719	SEA
772	855	596	SEA
772	93	922	SEA
772	961	542	SEA
773	153	662	SEA
773	165	518	SEA
773	174	692	SEA
773	186	850	SEA
773	48	640	SEA
773	855	632	SEA
773	93	1016	SEA
773	961	576	SEA
774	153	691	SEA
774	165	560	SEA
774	174	678	SEA
774	186	835	SEA
774	48	634	SEA
774	855	653	SEA
774	93	1056	SEA
774	961	552	SEA
775	153	691	SEA
775	165	560	SEA
775	174	678	SEA
775	186	835	SEA
775	48	634	SEA
775	855	653	SEA
775	93	1056	SEA
775	961	552	SEA
778	153	503	SEA
778	165	604	SEA
778	174	772	SEA
778	186	933	SEA
778	48	625	SEA
778	855	750	SEA
778	93	921	SEA
778	961	711	SEA
779	153	536	SEA
779	165	506	SEA
779	174	770	SEA
779	186	1060	SEA
779	48	617	SEA
779	855	743	SEA
779	93	920	SEA
779	961	668	SEA
791	153	727	SEA
791	165	1004	SEA
791	174	1084	SEA
791	186	1171	SEA
791	48	806	SEA
791	855	833	SEA
791	93	1196	SEA
791	961	995	SEA
798	153	641	SEA
798	165	924	SEA
798	174	341	SEA
798	186	1135	SEA
798	48	899	SEA
798	855	702	SEA
798	961	605	SEA
801	153	616	SEA
801	165	545	SEA
801	174	415	SEA
801	186	1091	SEA
801	48	925	SEA
801	855	629	SEA
801	93	867	SEA
801	961	542	SEA
804	153	700	SEA
804	165	798	SEA
804	174	396	SEA
804	186	1008	SEA
804	48	745	SEA
804	855	590	SEA
804	93	896	SEA
804	961	622	SEA
808	153	906	SEA
808	165	829	SEA
808	174	463	SEA
808	186	1133	SDA
808	48	742	SEA
808	855	770	SEA
808	93	1085	SEA
808	961	793	SEA
810	153	1027	SEA
810	165	825	SEA
810	174	1058	SEA
810	186	1148	SDA
810	48	716	SEA
810	855	715	SEA
810	93	1243	SEA
810	961	779	SEA
819	153	568	SEA
819	165	1087	SEA
819	174	925	SEA
819	186	1161	SDA
819	48	633	SEA
819	855	938	SEA
819	93	637	SEA
819	961	791	SEA
834	153	549	SEA
834	165	858	SEA
834	174	1061	SEA
834	186	1076	SEA
834	48	882	SEA
834	855	679	SDA
834	93	898	SEA
834	961	821	SEA
840	153	671	SEA
840	165	916	SEA
840	174	942	SEA
840	186	1067	SEA
840	48	899	SEA
840	855	489	SDA
840	93	1118	SEA
840	961	1050	SEA
847	153	667	SEA
847	165	827	SEA
847	174	887	SEA
847	186	1139	SEA
847	48	939	SEA
847	855	888	SEA
847	93	758	SEA
847	961	1010	SEA
853	153	842	SEA
853	165	743	SEA
853	174	312	SEA
853	186	1075	SEA
853	48	539	SEA
853	855	765	SEA
853	93	818	SEA
853	961	497	SEA
859	153	559	SEA
859	165	668	SEA
859	174	344	SEA
859	186	982	SEA
859	48	1020	SEA
859	855	1086	SEA
859	93	876	SEA
859	961	594	SEA
863	153	573	SEA
863	165	1111	SEA
863	174	284	SEA
863	186	960	SEA
863	48	1020	SEA
863	855	1117	SEA
863	93	929	SEA
863	961	579	SEA
871	153	589	SEA
871	165	1383	SEA
871	174	828	SEA
871	186	1086	SEA
871	48	729	SEA
871	855	913	SEA
871	93	922	SEA
871	961	740	SEA
876	153	697	SEA
876	165	1449	SEA
876	174	918	SEA
876	186	947	SEA
876	48	749	SEA
876	855	799	SEA
876	93	1012	SEA
876	961	686	SEA
887	153	685	SEA
887	165	590	SEA
887	174	1394	SEA
887	186	1542	SEA
887	48	166	SEA
887	855	677	SEA
887	93	651	SEA
887	961	770	SEA
889	153	914	SEA
889	165	678	SEA
889	174	1375	SEA
889	186	1514	SEA
889	48	167	SEA
889	855	641	SEA
889	93	709	SEA
889	961	735	SEA
893	153	783	SEA
893	165	544	SEA
893	174	1386	SEA
893	186	1583	SEA
893	48	730	SEA
893	855	529	SEA
893	93	704	SEA
893	961	704	SEA
895	153	713	SEA
895	165	549	SEA
895	174	1395	SEA
895	186	1109	SEA
895	48	730	SEA
895	855	551	SEA
895	93	711	SEA
895	961	664	SEA
901	153	789	SEA
901	165	1083	SEA
901	174	1051	SEA
901	186	1198	SEA
901	48	1143	SEA
901	855	782	SEA
901	93	647	SEA
901	961	1030	SEA
908	153	909	SEA
908	165	659	SEA
908	174	1037	SEA
908	186	1139	SEA
908	48	1144	SEA
908	855	869	SEA
908	93	706	SEA
908	961	1046	SEA
918	153	744	SEA
918	165	554	SEA
918	174	643	SEA
918	186	1158	SEA
918	48	780	SEA
918	855	748	SEA
918	93	657	SEA
918	961	953	SEA
920	153	810	SEA
920	165	557	SEA
920	174	700	SEA
920	186	966	SEA
920	48	780	SEA
920	855	694	SEA
920	93	840	SEA
920	961	914	SEA
922	153	898	SEA
922	165	713	SEA
922	174	659	SEA
922	186	1032	SEA
922	48	780	SEA
922	855	701	SEA
922	93	892	SEA
922	961	946	SEA
923	153	916	SEA
923	165	815	SEA
923	174	647	SEA
923	186	1099	SEA
923	48	780	SEA
923	855	724	SEA
923	93	995	SEA
923	961	918	SEA
924	153	847	SEA
924	165	931	SEA
924	174	606	SEA
924	186	1064	SEA
924	48	780	SEA
924	855	695	SEA
924	93	1110	SEA
924	961	989	SEA
926	153	1240	SEA
926	165	1036	SEA
926	174	557	SEA
926	186	1060	SEA
926	48	780	SEA
926	855	616	SEA
926	93	1066	SEA
926	961	981	SEA
932	153	644	SEA
932	165	1333	SEA
932	174	543	SEA
932	186	1110	SEA
932	48	157	SEA
932	855	530	SEA
932	93	614	SEA
932	961	713	SEA
933	153	640	SEA
933	165	659	SEA
933	174	506	SEA
933	186	1092	SEA
933	48	96	SEA
933	855	480	SEA
933	93	619	SEA
933	961	727	SEA
936	153	532	SEA
936	165	588	SEA
936	174	422	SEA
936	186	1062	SEA
936	48	576	SEA
936	855	408	SEA
936	93	774	SEA
936	961	700	SEA
937	153	468	SEA
937	165	639	SEA
937	174	475	SEA
937	186	972	SEA
937	48	455	SEA
937	855	434	SEA
937	93	886	SEA
937	961	670	SEA
940	153	472	SEA
940	165	658	SEA
940	174	309	SEA
940	186	1042	SEA
940	48	273	SEA
940	855	288	SEA
940	93	889	SEA
940	961	587	SEA
941	153	452	SEA
941	165	667	SEA
941	174	336	SEA
941	186	1030	SEA
941	48	243	SEA
941	855	297	SEA
941	93	914	SEA
941	961	571	SEA
943	153	641	SEA
943	165	669	SEA
943	174	324	SEA
943	186	1100	SEA
943	48	151	SEA
943	855	1136	SEA
943	93	935	SEA
943	961	927	SEA
944	153	923	SEA
944	165	624	SEA
944	174	253	SEA
944	186	1077	SEA
944	48	91	SEA
944	855	1142	SEA
944	93	886	SEA
944	961	933	SEA
950	153	474	SEA
950	165	598	SEA
950	174	341	SEA
950	186	979	SEA
950	48	205	SEA
950	855	708	SEA
950	93	881	SEA
950	961	896	SEA
952	153	511	SEA
952	165	579	SEA
952	174	272	SEA
952	186	960	SEA
952	48	333	SEA
952	855	737	SEA
952	93	786	SEA
952	961	473	SEA
953	153	480	SEA
953	165	568	SEA
953	174	296	SEA
953	186	950	SEA
953	48	368	SEA
953	855	755	SEA
953	93	738	SEA
953	961	455	SEA
965	153	754	SEA
965	165	987	SEA
965	174	197	SDA
965	186	1123	SEA
965	48	780	SEA
965	855	1017	SEA
965	93	978	SEA
965	961	335	SEA
967	153	600	SEA
967	165	541	SEA
967	174	204	SDA
967	186	1133	SEA
967	48	780	SEA
967	855	525	SEA
967	93	1177	SEA
967	961	373	SEA
972	153	955	SEA
972	165	699	SEA
972	174	370	SDA
972	186	829	SEA
972	48	780	SEA
972	855	558	SEA
972	93	456	SEA
972	961	531	SEA
986	153	857	SEA
986	165	950	SEA
986	174	1163	SEA
986	186	688	SEA
986	48	670	SDA
986	855	673	SEA
986	93	835	SEA
986	961	551	SEA
987	153	1079	SEA
987	165	1038	SEA
987	174	1141	SEA
987	186	766	SEA
987	48	364	SEA
987	855	701	SEA
987	93	748	SEA
987	961	567	SEA
989	153	1082	SEA
989	165	1035	SEA
989	174	1129	SEA
989	186	693	SEA
989	48	304	SEA
989	855	691	SEA
989	93	786	SEA
989	961	499	SEA
992	153	926	SEA
992	165	840	SEA
992	174	1213	SEA
992	186	1307	SEA
992	48	265	SEA
992	855	634	SEA
992	93	1012	SEA
992	961	501	SEA
1000	153	606	SEA
1000	165	1071	SEA
1000	174	305	SEA
1000	186	1264	SEA
1000	48	668	SEA
1000	855	673	SEA
1000	93	1242	SEA
1000	961	914	SEA
1006	153	448	SEA
1006	165	331	SEA
1006	174	381	SDA
1006	186	693	SEA
1006	48	839	SEA
1006	855	2041	SEA
1006	93	501	SEA
1006	961	114	SEA
1007	153	448	SEA
1007	165	331	SEA
1007	174	381	SDA
1007	186	693	SEA
1007	48	839	SEA
1007	855	2041	SEA
1007	93	501	SEA
1007	961	114	SEA
1008	153	1483	SEA
1008	165	400	SEA
1008	174	391	SDA
1008	186	694	SEA
1008	48	779	SEA
1008	855	2074	SEA
1008	93	565	SEA
1008	961	45	SEA
1010	153	728	SEA
1010	165	929	SEA
1010	174	339	SDA
1010	186	794	SEA
1010	48	679	SEA
1010	855	1327	SEA
1010	93	638	SEA
1010	961	52	SEA
1013	153	962	SEA
1013	165	895	SEA
1013	174	370	SDA
1013	186	855	SEA
1013	48	490	SEA
1013	855	1369	SDA
1013	93	676	SEA
1013	961	228	SEA
1014	153	949	SEA
1014	165	878	SEA
1014	174	1725	SEA
1014	186	822	SEA
1014	48	433	SEA
1014	855	1355	SEA
1014	93	615	SEA
1014	961	155	SEA
1016	153	718	SEA
1016	165	947	SEA
1016	174	1763	SEA
1016	186	796	SEA
1016	48	452	SEA
1016	855	806	SEA
1016	93	636	SEA
1016	961	196	SEA
1019	153	703	SEA
1019	165	1062	SEA
1019	174	1781	SEA
1019	186	818	SEA
1019	48	479	SEA
1019	855	788	SEA
1019	93	709	SEA
1019	961	498	SEA
1023	153	816	SEA
1023	165	202	SEA
1023	174	761	SEA
1023	186	864	SEA
1023	48	610	SEA
1023	855	985	SEA
1023	93	850	SEA
1023	961	846	SEA
1026	153	1044	SEA
1026	165	385	SEA
1026	174	918	SEA
1026	186	881	SEA
1026	48	59	SEA
1026	855	987	SDA
1026	93	1051	SEA
1026	961	734	SEA
1028	153	555	SEA
1028	165	738	SEA
1028	174	1046	SEA
1028	186	867	SEA
1028	48	429	SEA
1028	855	944	SDA
1028	93	966	SEA
1028	961	708	SEA
1033	153	664	SEA
1033	165	776	SEA
1033	174	1076	SEA
1033	186	993	SEA
1033	48	363	SEA
1033	855	825	SDA
1033	93	538	SEA
1033	961	95	SDA
1037	153	716	SEA
1037	165	737	SEA
1037	174	857	SDA
1037	186	660	SDA
1037	48	449	SEA
1037	855	893	SDA
1037	93	642	SEA
1037	961	135	SDA
1040	153	363	SEA
1040	165	719	SEA
1040	174	927	SDA
1040	186	808	SEA
1040	48	623	SEA
1040	855	798	SEA
1040	93	859	SEA
1040	961	153	SDA
1042	153	719	SEA
1042	165	673	SEA
1042	174	940	SDA
1042	186	870	SEA
1042	48	426	SEA
1042	855	782	SEA
1042	93	925	SEA
1042	961	78	SEA
1048	153	663	SDA
1048	165	560	SEA
1048	174	1140	SEA
1048	186	956	SEA
1048	48	588	SEA
1048	855	672	SDA
1048	93	495	SEA
1048	961	794	SDA
1049	153	936	SDA
1049	165	578	SEA
1049	174	1142	SEA
1049	186	917	SDA
1049	48	99	SEA
1049	855	735	SDA
1049	93	531	SEA
1049	961	790	SDA
1051	153	911	SDA
1051	165	647	SEA
1051	174	1131	SEA
1051	186	921	SDA
1051	48	196	SEA
1051	855	790	SDA
1051	93	655	SDA
1051	961	812	SDA
1053	153	940	SDA
1053	165	641	SEA
1053	174	1105	SEA
1053	186	933	SEA
1053	48	258	SEA
1053	855	747	SDA
1053	93	744	SDA
1053	961	717	SDA
1057	153	486	SEA
1057	165	592	SEA
1057	174	1051	SEA
1057	186	878	SEA
1057	48	475	SEA
1057	855	785	SDA
1057	93	1057	SDA
1057	961	492	SDA
1059	153	549	SEA
1059	165	720	SEA
1059	174	1101	SEA
1059	186	900	SEA
1059	48	459	SEA
1059	855	815	SDA
1059	93	1075	SDA
1059	961	558	SDA
1063	153	797	SDA
1063	165	897	SEA
1063	174	1146	SEA
1063	186	918	SEA
1063	48	584	SEA
1063	855	1004	SDA
1063	93	1048	SEA
1063	961	586	SEA
1064	153	917	SDA
1064	165	920	SEA
1064	174	907	SDA
1064	186	936	SEA
1064	48	606	SEA
1064	855	1029	SDA
1064	93	426	SEA
1064	961	473	SEA
1067	153	1106	SDA
1067	165	926	SEA
1067	174	915	SDA
1067	186	692	SEA
1067	48	451	SEA
1067	855	512	SEA
1067	93	554	SEA
1067	961	505	SDA
1069	153	1170	SEA
1069	165	986	SEA
1069	174	924	SDA
1069	186	721	SEA
1069	48	502	SEA
1069	855	479	SEA
1069	93	598	SEA
1069	961	501	SDA
1071	153	219	SEA
1071	165	934	SEA
1071	174	854	SDA
1071	186	615	SEA
1071	48	485	SEA
1071	855	483	SEA
1071	93	647	SEA
1071	961	436	SDA
1074	153	601	SEA
1074	165	650	SEA
1074	174	912	SDA
1074	186	462	SEA
1074	48	582	SEA
1074	855	445	SEA
1074	93	587	SEA
1074	961	661	SDA
1075	153	377	SEA
1075	165	687	SEA
1075	174	926	SDA
1075	186	473	SEA
1075	48	548	SEA
1075	855	482	SDA
1075	93	529	SEA
1075	961	574	SDA
1090	153	939	SDA
1090	165	729	SEA
1090	174	807	SEA
1090	186	1139	SEA
1090	48	261	SEA
1090	855	847	SDA
1090	93	628	SDA
1090	961	665	SDA
1093	153	1030	SDA
1093	165	341	SEA
1093	174	853	SEA
1093	186	1088	SEA
1093	48	488	SEA
1093	855	835	SDA
1093	93	534	SDA
1093	961	630	SDA
1099	153	1070	SDA
1099	165	449	SEA
1099	174	1312	SEA
1099	186	1171	SDA
1099	48	628	SEA
1099	855	601	SEA
1099	93	1102	SEA
1099	961	26	SDA
1103	153	634	SDA
1103	165	1030	SEA
1103	174	1266	SEA
1103	186	1257	SDA
1103	48	166	SEA
1103	855	565	SEA
1103	93	652	SEA
1103	961	157	SDA
1105	153	688	SDA
1105	165	1046	SEA
1105	174	1250	SEA
1105	186	1279	SDA
1105	48	259	SEA
1105	855	591	SEA
1105	93	628	SEA
1105	961	606	SEA
1108	153	684	SDA
1108	165	519	SDA
1108	174	1239	SEA
1108	186	1276	SDA
1108	48	457	SEA
1108	855	521	SEA
1108	93	616	SEA
1108	961	69	SEA
1112	153	611	SEA
1112	165	531	SDA
1112	174	991	SEA
1112	186	581	SEA
1112	48	179	SEA
1112	855	636	SEA
1112	93	744	SEA
1112	961	73	SEA
1119	153	494	SEA
1119	165	457	SDA
1119	174	936	SDA
1119	186	473	SEA
1119	48	796	SEA
1119	855	727	SEA
1119	93	976	SEA
1119	961	960	SEA
1127	153	915	SEA
1127	165	773	SEA
1127	174	1069	SDA
1127	186	380	SEA
1127	48	1281	SEA
1127	855	1087	SDA
1127	93	694	SDA
1127	961	838	SDA
1130	153	902	SEA
1130	165	738	SEA
1130	174	1043	SDA
1130	186	447	SEA
1130	48	1261	SEA
1130	855	208	SEA
1130	93	859	SDA
1130	961	866	SDA
1132	153	295	SDA
1132	165	731	SEA
1132	174	585	SEA
1132	186	438	SEA
1132	48	1232	SEA
1132	855	223	SEA
1132	93	905	SDA
1132	961	862	SEA
1136	153	570	SDA
1136	165	788	SEA
1136	174	724	SEA
1136	186	833	SEA
1136	48	1238	SEA
1136	855	216	SEA
1136	93	852	SDA
1136	961	3	SEA
1140	153	611	SDA
1140	165	1020	SEA
1140	174	719	SEA
1140	186	808	SEA
1140	855	199	SEA
1140	93	739	SEA
1140	961	6	SEA
1146	153	634	SDA
1146	165	1338	SEA
1146	174	642	SEA
1146	186	973	SEA
1146	855	150	SEA
1146	93	1051	SDA
1146	961	32	SDA
1149	153	705	SEA
1149	165	375	SEA
1149	174	1038	SEA
1149	186	948	SEA
1149	855	79	SEA
1149	93	1081	SDA
1149	961	945	SEA
1153	153	619	SEA
1153	165	374	SEA
1153	174	1075	SEA
1153	186	902	SEA
1153	855	564	SEA
1153	93	838	SEA
1153	961	354	SEA
1154	153	604	SEA
1154	165	1183	SEA
1154	174	1015	SEA
1154	186	923	SEA
1154	48	2368	SEA
1154	855	545	SEA
1154	93	853	SEA
1154	961	360	SEA
1157	153	605	SDA
1157	165	334	SEA
1157	174	980	SEA
1157	186	971	SEA
1157	48	2338	SEA
1157	855	596	SEA
1157	93	834	SEA
1157	961	354	SEA
1164	153	724	SEA
1164	165	580	SEA
1164	174	729	SEA
1164	186	944	SEA
1164	48	1206	SEA
1164	855	975	SEA
1164	93	938	SEA
1164	961	268	SEA
1168	153	732	SEA
1168	165	613	SEA
1168	174	647	SEA
1168	186	1048	SEA
1168	48	1205	SEA
1168	855	1071	SEA
1168	93	1017	SEA
1168	961	219	SDA
1181	153	714	SEA
1181	165	899	SEA
1181	174	1865	SDA
1181	186	533	SEA
1181	48	839	SEA
1181	855	703	SEA
1181	93	949	SEA
1181	961	1011	SEA
1183	153	736	SEA
1183	165	765	SEA
1183	174	1920	SEA
1183	186	595	SEA
1183	48	844	SEA
1183	855	684	SEA
1183	93	984	SEA
1183	961	1002	SEA
1188	153	706	SEA
1188	165	777	SEA
1188	174	623	SEA
1188	186	646	SEA
1188	48	1020	SEA
1188	855	821	SEA
1188	93	802	SEA
1188	961	364	SEA
1190	153	673	SEA
1190	165	897	SEA
1190	174	814	SEA
1190	186	608	SEA
1190	48	959	SEA
1190	855	820	SEA
1190	93	188	SEA
1190	961	360	SEA
1200	153	349	SEA
1200	165	1000	SEA
1200	174	1123	SEA
1200	186	1178	SEA
1200	48	912	SEA
1200	855	536	SEA
1200	93	2087	SEA
1200	961	365	SEA
1205	153	700	SEA
1205	165	1020	SEA
1205	174	1108	SEA
1205	186	987	SEA
1205	48	959	SEA
1205	855	1052	SEA
1205	93	998	SEA
1205	961	672	SEA
1209	153	985	SEA
1209	165	1165	SEA
1209	174	999	SEA
1209	186	1015	SEA
1209	48	959	SEA
1209	855	1106	SEA
1209	93	999	SEA
1209	961	723	SEA
1210	153	1002	SEA
1210	165	1199	SEA
1210	174	988	SEA
1210	186	981	SEA
1210	48	984	SEA
1210	855	1056	SEA
1210	93	976	SEA
1210	961	722	SEA
1214	153	1251	SEA
1214	165	1256	SEA
1214	174	931	SEA
1214	186	1020	SEA
1214	48	988	SEA
1214	855	966	SEA
1214	93	989	SEA
1214	961	589	SEA
1228	153	1111	SEA
1228	165	2092	SEA
1228	174	926	SEA
1228	186	1192	SEA
1228	48	839	SEA
1228	855	1003	SEA
1228	93	973	SEA
1228	961	871	SEA
1239	153	1386	SEA
1239	165	509	SEA
1239	174	1068	SEA
1239	186	998	SEA
1239	48	976	SEA
1239	855	819	SEA
1239	93	1245	SEA
1239	961	788	SDA
1240	153	1425	SEA
1240	165	466	SEA
1240	174	1119	SEA
1240	186	1028	SEA
1240	48	999	SEA
1240	855	875	SEA
1240	93	1268	SEA
1240	961	794	SDA
1243	153	1428	SEA
1243	165	512	SEA
1243	174	1036	SEA
1243	186	932	SEA
1243	48	912	SEA
1243	855	803	SEA
1243	93	1010	SEA
1243	961	1114	SEA
1248	165	731	SEA
1248	174	1110	SEA
1248	186	1026	SEA
1248	48	875	SEA
1248	855	650	SEA
1248	93	955	SEA
1248	961	1178	SEA
1252	165	1000	SEA
1252	174	818	SDA
1252	186	1012	SEA
1252	48	900	SEA
1252	855	696	SEA
1252	93	1000	SEA
1252	961	1163	SEA
1255	165	1451	SEA
1255	174	853	SDA
1255	186	1196	SEA
1255	48	863	SEA
1255	855	785	SEA
1255	93	995	SEA
1255	961	1179	SEA
1256	165	1445	SEA
1256	174	857	SDA
1256	186	1188	SEA
1256	48	841	SEA
1256	855	760	SEA
1256	93	1008	SEA
1256	961	1207	SEA
1257	165	1445	SEA
1257	174	857	SDA
1257	186	1188	SEA
1257	48	841	SEA
1257	855	760	SEA
1257	93	1008	SEA
1257	961	1207	SEA
1264	153	1288	SEA
1264	165	619	SEA
1264	174	887	SDA
1264	186	1077	SEA
1264	48	960	SEA
1264	855	807	SEA
1264	93	1192	SEA
1264	961	646	SEA
1265	153	1227	SEA
1265	165	610	SEA
1265	174	839	SDA
1265	186	1131	SEA
1265	48	960	SEA
1265	855	774	SEA
1265	93	1206	SEA
1265	961	618	SEA
1267	153	1211	SEA
1267	165	628	SEA
1267	174	905	SDA
1267	186	1123	SEA
1267	48	960	SEA
1267	855	717	SEA
1267	93	1231	SEA
1267	961	686	SEA
1275	153	184	SEA
1275	165	534	SEA
1275	174	623	SEA
1275	186	1282	SEA
1275	48	1073	SEA
1275	855	602	SEA
1275	93	899	SEA
1275	961	541	SEA
1278	153	331	SEA
1278	165	509	SEA
1278	174	639	SEA
1278	186	1236	SEA
1278	48	960	SEA
1278	855	555	SEA
1278	93	983	SEA
1278	961	548	SEA
1279	153	331	SEA
1279	165	509	SEA
1279	174	639	SEA
1279	186	1236	SEA
1279	48	960	SEA
1279	855	555	SEA
1279	93	983	SEA
1279	961	548	SEA
1280	153	447	SEA
1280	165	445	SEA
1280	174	604	SEA
1280	186	1187	SEA
1280	48	960	SEA
1280	855	513	SEA
1280	93	942	SEA
1280	961	506	SEA
1284	153	1249	SEA
1284	165	439	SEA
1284	174	645	SEA
1284	186	1201	SEA
1284	48	899	SEA
1284	855	567	SEA
1284	93	961	SEA
1284	961	919	SEA
1295	165	582	SEA
1295	174	1039	SEA
1295	186	984	SEA
1295	48	1018	SEA
1295	855	742	SEA
1295	93	1092	SEA
1295	961	494	SEA
1296	165	582	SEA
1296	174	1039	SEA
1296	186	984	SEA
1296	48	1018	SEA
1296	855	742	SEA
1296	93	1092	SEA
1296	961	494	SEA
1301	165	844	SEA
1301	174	1211	SEA
1301	186	1009	SEA
1301	48	1128	SEA
1301	855	877	SEA
1301	93	1210	SEA
1301	961	494	SEA
1306	165	896	SEA
1306	174	1174	SEA
1306	186	1520	SEA
1306	48	1164	SEA
1306	855	901	SEA
1306	93	1197	SEA
1306	961	453	SEA
1308	165	891	SEA
1308	174	1250	SEA
1308	186	1321	SEA
1308	48	1140	SEA
1308	855	879	SEA
1308	93	1264	SEA
1308	961	427	SEA
1312	153	2048	SEA
1312	165	839	SEA
1312	174	1127	SEA
1312	186	1479	SEA
1312	48	1140	SEA
1312	855	1706	SEA
1312	93	1331	SEA
1312	961	1134	SEA
1319	153	979	SEA
1319	165	1015	SEA
1319	174	675	SEA
1319	186	1486	SEA
1319	48	1264	SEA
1319	855	1776	SEA
1319	93	1155	SEA
1319	961	823	SEA
