363	170	942	SEA
363	173	1131	SEA
363	184	419	SEA
363	67	829	SEA
363	75	299	SEA
363	852	663	SEA
363	961	558	SEA
385	170	1104	SEA
385	173	942	SEA
385	184	296	SEA
385	67	636	SEA
385	75	205	SEA
385	852	682	SEA
385	961	325	SEA
408	170	1051	SEA
408	173	750	SEA
408	184	287	SEA
408	67	349	SEA
408	75	676	SEA
408	852	1201	SEA
408	961	1094	SEA
409	170	1039	SEA
409	173	679	SEA
409	184	281	SEA
409	67	337	SEA
409	75	671	SEA
409	852	1223	SEA
409	961	1033	SEA
421	170	821	SEA
421	173	818	SEA
421	184	403	SEA
421	67	444	SEA
421	75	514	SEA
421	852	584	SEA
421	961	552	SEA
422	170	796	SEA
422	173	820	SEA
422	184	419	SEA
422	67	470	SEA
422	75	490	SEA
422	852	588	SEA
422	961	535	SEA
435	170	586	SEA
435	173	789	SEA
435	184	225	SEA
435	67	429	SEA
435	75	688	SEA
435	852	509	SEA
435	961	848	SEA
439	170	576	SEA
439	173	874	SEA
439	184	686	SEA
439	67	285	SEA
439	75	522	SEA
439	852	491	SEA
439	961	630	SEA
448	170	1306	SEA
448	173	798	SEA
448	184	1094	SEA
448	67	1138	SEA
448	75	679	SEA
448	852	1206	SEA
448	961	685	SEA
453	170	1419	SEA
453	173	604	SEA
453	184	1122	SEA
453	67	1148	SEA
453	75	748	SEA
453	852	1093	SEA
453	961	965	SEA
458	170	818	SEA
458	173	571	SEA
458	184	156	SDA
458	67	282	SDA
458	75	714	SEA
458	852	863	SDA
458	961	1002	SEA
463	170	1086	SEA
463	173	1444	SEA
463	184	136	SDA
463	67	319	SEA
463	75	648	SEA
463	852	959	SEA
463	961	460	SEA
490	170	886	SEA
490	173	927	SEA
490	184	938	SEA
490	67	852	SEA
490	75	1062	SEA
490	852	555	SEA
490	961	773	SEA
494	170	1120	SEA
494	173	850	SEA
494	184	137	SDA
494	67	957	SEA
494	75	1137	SEA
494	852	912	SEA
494	961	584	SEA
507	170	1262	SEA
507	173	706	SEA
507	184	44	SEA
507	67	350	SEA
507	75	684	SDA
507	852	584	SEA
507	961	292	SEA
512	170	1114	SEA
512	173	626	SEA
512	184	4	SEA
512	67	321	SEA
512	75	630	SEA
512	852	521	SEA
512	961	195	SEA
517	170	957	SEA
517	173	643	SEA
517	184	800	SEA
517	67	213	SEA
517	75	459	SEA
517	852	577	SEA
517	961	155	SEA
520	170	754	SEA
520	173	570	SEA
520	184	590	SEA
520	67	164	SEA
520	75	303	SEA
520	852	464	SEA
520	961	81	SEA
529	170	786	SEA
529	173	300	SEA
529	184	110	SDA
529	67	219	SEA
529	75	643	SEA
529	852	729	SEA
529	961	682	SEA
536	170	463	SEA
536	173	182	SEA
536	184	104	SEA
536	67	316	SEA
536	75	864	SEA
536	852	568	SEA
536	961	620	SEA
542	170	280	SEA
542	173	562	SEA
542	184	42	SDA
542	67	199	SEA
542	75	825	SEA
542	852	392	SEA
542	961	325	SEA
543	170	280	SEA
543	173	562	SEA
543	184	42	SDA
543	67	199	SEA
543	75	825	SEA
543	852	392	SEA
543	961	325	SEA
549	170	897	SEA
549	173	685	SEA
549	184	50	SEA
549	67	5	SEA
549	75	644	SEA
549	852	516	SEA
549	961	206	SEA
554	170	28	SEA
554	173	264	SEA
554	184	20	SEA
554	67	318	SEA
554	75	585	SEA
554	852	301	SEA
554	961	668	SEA
564	170	103	SEA
564	173	205	SEA
564	184	44	SEA
564	67	468	SEA
564	75	589	SEA
564	852	361	SEA
564	961	1168	SEA
568	170	309	SEA
568	173	712	SEA
568	184	6	SEA
568	67	328	SEA
568	75	487	SEA
568	852	275	SEA
568	961	1049	SEA
578	173	722	SEA
578	184	236	SDA
578	67	753	SEA
578	75	592	SEA
578	852	243	SEA
578	961	279	SDA
593	173	566	SEA
593	184	750	SDA
593	67	1088	SEA
593	75	1057	SEA
593	852	402	SEA
593	961	628	SEA
606	170	977	SEA
606	173	292	SEA
606	184	85	SEA
606	67	872	SEA
606	75	1001	SEA
606	852	867	SEA
606	961	754	SEA
607	170	947	SEA
607	173	295	SEA
607	184	124	SEA
607	67	925	SEA
607	75	1092	SEA
607	852	1240	SEA
607	961	728	SEA
615	170	1192	SEA
615	173	993	SEA
615	184	535	SEA
615	67	1035	SEA
615	75	1095	SEA
615	852	1182	SEA
615	961	591	SEA
624	170	1385	SEA
624	173	1151	SEA
624	184	454	SEA
624	67	83	SEA
624	75	718	SEA
624	852	642	SEA
624	961	591	SEA
629	170	710	SEA
629	173	232	SEA
629	184	1391	SEA
629	67	118	SEA
629	75	701	SEA
629	852	835	SEA
629	961	832	SEA
637	170	1444	SEA
637	173	74	SEA
637	184	383	SEA
637	67	594	SEA
637	75	597	SEA
637	852	580	SEA
637	961	744	SEA
654	170	453	SEA
654	173	788	SEA
654	184	382	SEA
654	67	593	SEA
654	75	764	SEA
654	852	996	SEA
654	961	341	SEA
694	170	1192	SEA
694	173	959	SEA
694	184	855	SEA
694	67	828	SEA
694	75	987	SEA
694	852	489	SEA
694	961	871	SEA
710	170	947	SEA
710	173	29	SEA
710	184	246	SEA
710	67	551	SEA
710	75	849	SEA
710	852	1020	SEA
710	961	644	SEA
718	170	1067	SEA
718	173	900	SEA
718	184	738	SEA
718	67	252	SEA
718	75	883	SEA
718	852	1011	SEA
718	961	702	SEA
727	170	1252	SEA
727	173	611	SEA
727	184	267	SEA
727	67	776	SEA
727	75	842	SEA
727	852	1148	SEA
727	961	609	SEA
729	170	1424	SEA
729	173	634	SEA
729	184	286	SEA
729	67	791	SEA
729	75	852	SEA
729	852	1073	SEA
729	961	609	SEA
740	170	686	SEA
740	173	859	SEA
740	184	493	SEA
740	67	107	SEA
740	75	643	SEA
740	852	488	SEA
740	961	722	SEA
749	170	1111	SEA
749	173	1462	SEA
749	184	986	SEA
749	67	152	SEA
749	75	944	SEA
749	852	1092	SEA
749	961	950	SEA
751	170	1106	SEA
751	173	1433	SEA
751	184	947	SEA
751	67	146	SEA
751	75	977	SEA
751	852	1104	SEA
751	961	871	SEA
757	170	1027	SEA
757	173	1345	SEA
757	184	135	SEA
757	67	891	SEA
757	75	688	SEA
757	852	1078	SEA
757	961	1633	SEA
759	170	1036	SEA
759	173	967	SEA
759	184	119	SEA
759	67	858	SEA
759	75	695	SEA
759	852	1016	SEA
759	961	1654	SEA
760	170	1100	SEA
760	173	1015	SEA
760	184	83	SEA
760	67	334	SEA
760	75	640	SEA
760	852	741	SEA
760	961	1678	SEA
761	170	1080	SEA
761	173	981	SEA
761	184	102	SEA
761	67	343	SEA
761	75	625	SEA
761	852	725	SEA
761	961	1770	SEA
765	170	835	SEA
765	173	971	SEA
765	184	119	SDA
765	67	274	SEA
765	75	709	SEA
765	852	598	SEA
765	961	1644	SEA
768	170	815	SEA
768	173	1010	SEA
768	184	130	SDA
768	67	247	SEA
768	75	706	SEA
768	852	580	SEA
768	961	1620	SEA
770	170	826	SEA
770	173	976	SEA
770	184	151	SEA
770	67	266	SEA
770	75	653	SEA
770	852	618	SEA
770	961	558	SEA
771	170	832	SEA
771	173	982	SEA
771	184	677	SEA
771	67	268	SEA
771	75	570	SEA
771	852	626	SEA
771	961	574	SEA
772	170	832	SEA
772	173	982	SEA
772	184	677	SEA
772	67	268	SEA
772	75	570	SEA
772	852	626	SEA
772	961	574	SEA
773	170	728	SEA
773	173	877	SEA
773	184	693	SEA
773	67	161	SEA
773	75	1298	SEA
773	852	561	SEA
773	961	607	SEA
774	170	716	SEA
774	173	828	SEA
774	184	367	SEA
774	67	192	SEA
774	75	1293	SEA
774	852	589	SEA
774	961	583	SEA
775	170	716	SEA
775	173	828	SEA
775	184	367	SEA
775	67	192	SEA
775	75	1293	SEA
775	852	589	SEA
775	961	583	SEA
778	170	668	SEA
778	173	1109	SEA
778	184	425	SEA
778	67	665	SEA
778	75	1320	SEA
778	852	818	SEA
778	961	758	SEA
783	170	606	SEA
783	173	986	SEA
783	184	385	SEA
783	67	484	SEA
783	75	1217	SEA
783	852	710	SEA
783	961	779	SEA
791	170	1531	SEA
791	173	815	SEA
791	184	605	SEA
791	67	617	SEA
791	75	474	SEA
791	852	883	SEA
791	961	806	SEA
798	170	643	SEA
798	173	728	SEA
798	184	215	SEA
798	67	881	SEA
798	75	668	SEA
798	852	968	SEA
798	961	978	SEA
801	170	620	SEA
801	173	741	SEA
801	184	220	SEA
801	67	877	SEA
801	75	641	SEA
801	852	974	SEA
801	961	1068	SEA
804	170	915	SEA
804	173	764	SEA
804	184	162	SEA
804	67	953	SEA
804	75	1149	SEA
804	852	974	SEA
804	961	1002	SEA
808	170	983	SEA
808	173	835	SEA
808	184	769	SEA
808	67	739	SEA
808	75	1072	SEA
808	852	967	SEA
808	961	793	SEA
810	170	970	SEA
810	173	768	SEA
810	184	806	SEA
810	67	735	SEA
810	75	1070	SEA
810	852	1004	SEA
810	961	751	SEA
819	170	736	SEA
819	173	1001	SDA
819	184	399	SEA
819	67	768	SEA
819	75	621	SEA
819	852	658	SEA
819	961	776	SEA
834	170	1200	SEA
834	173	395	LSD
834	184	633	SEA
834	67	1240	SEA
834	75	927	SEA
834	852	1441	SEA
834	961	740	SEA
840	170	1167	SEA
840	173	165	SDA
840	184	419	SEA
840	67	1177	SEA
840	75	707	SEA
840	852	1015	SEA
840	961	601	SEA
847	170	1119	SEA
847	184	421	SEA
847	67	697	SEA
847	75	885	SEA
847	852	1011	SEA
847	961	611	SEA
859	170	1361	SEA
859	173	1962	SEA
859	184	461	SEA
859	67	684	SEA
859	75	968	SEA
859	852	1024	SEA
859	961	867	SEA
863	170	705	SEA
863	173	1922	SEA
863	184	493	SEA
863	67	513	SEA
863	75	972	SEA
863	852	1008	SEA
863	961	928	SEA
871	170	911	SEA
871	173	582	SEA
871	184	501	SEA
871	67	469	SEA
871	75	803	SEA
871	852	894	SEA
871	961	495	SEA
876	170	828	SEA
876	173	717	SEA
876	184	395	SEA
876	67	883	SEA
876	75	684	SEA
876	852	935	SEA
876	961	527	SEA
887	170	1184	SEA
887	173	674	SEA
887	184	451	SEA
887	67	1018	SDA
887	75	634	SEA
887	852	882	SEA
887	961	674	SEA
889	170	1210	SEA
889	173	722	SEA
889	184	462	SEA
889	67	993	SDA
889	75	767	SEA
889	852	877	SEA
889	961	635	SEA
893	170	1204	SEA
893	173	750	SEA
893	184	485	SEA
893	67	1024	SDA
893	75	795	SEA
893	852	870	SEA
893	961	552	SEA
901	170	1121	SEA
901	173	542	SEA
901	184	578	SEA
901	67	725	SEA
901	75	877	SEA
901	852	795	SEA
901	961	728	SEA
908	170	1177	SEA
908	173	423	SEA
908	184	439	SEA
908	67	725	SEA
908	75	868	SEA
908	852	678	SEA
908	961	652	SEA
918	170	1982	SEA
918	173	717	SEA
918	184	569	SEA
918	67	185	SEA
918	75	1247	SEA
918	852	887	SEA
918	961	1095	SEA
920	170	1961	SEA
920	173	691	SEA
920	184	604	SEA
920	67	245	SEA
920	75	1268	SEA
920	852	890	SEA
920	961	1143	SEA
922	170	1944	SEA
922	173	804	SEA
922	184	580	SEA
922	67	219	SEA
922	75	1229	SEA
922	852	875	SEA
922	961	1124	SEA
923	173	770	SEA
923	184	623	SEA
923	67	305	SEA
923	75	1183	SEA
923	852	848	SEA
923	961	1083	SEA
924	173	744	SEA
924	184	570	SEA
924	67	222	SEA
924	75	1177	SEA
924	852	825	SEA
924	961	1008	SEA
926	173	812	SEA
926	184	278	SDA
926	67	287	SEA
926	75	822	SEA
926	852	865	SEA
926	961	1033	SEA
932	170	709	SEA
932	173	871	SEA
932	184	397	SEA
932	67	393	SEA
932	75	733	SEA
932	852	1194	SEA
932	961	903	SDA
933	170	731	SEA
933	173	867	SEA
933	184	370	SEA
933	67	424	SEA
933	75	761	SEA
933	852	1169	SEA
933	961	875	SEA
936	170	698	SEA
936	173	769	SEA
936	184	351	SEA
936	67	650	SEA
936	75	717	SEA
936	852	1137	SEA
936	961	778	SEA
937	170	712	SEA
937	173	697	SEA
937	184	423	SEA
937	67	564	SEA
937	75	757	SEA
937	852	1081	SEA
937	961	811	SEA
940	170	708	SEA
940	173	832	SEA
940	184	535	SEA
940	67	532	SEA
940	75	855	SEA
940	852	1116	SEA
940	961	862	SEA
941	170	733	SEA
941	173	848	SEA
941	184	528	SEA
941	67	507	SEA
941	75	899	SEA
941	852	1084	SEA
941	961	833	SEA
943	170	814	SEA
943	173	819	SEA
943	184	526	SEA
943	67	284	SDA
943	75	818	SEA
943	852	736	SEA
943	961	824	SEA
944	170	883	SEA
944	173	800	SEA
944	184	526	SEA
944	67	288	SDA
944	75	952	SEA
944	852	794	SEA
944	961	874	SEA
950	170	1859	SEA
950	173	863	SEA
950	184	388	SEA
950	67	350	SEA
950	75	939	SEA
950	852	621	SEA
950	961	498	SEA
952	170	1511	SEA
952	173	752	SEA
952	184	369	SEA
952	67	903	SEA
952	75	901	SEA
952	852	619	SEA
952	961	532	SEA
953	170	1464	SEA
953	173	775	SEA
953	184	530	SEA
953	67	952	SEA
953	75	863	SEA
953	852	605	SEA
953	961	533	SEA
965	170	919	SEA
965	173	497	SEA
965	184	527	SEA
965	67	666	SEA
965	75	784	SEA
965	852	843	SEA
965	961	831	SEA
967	170	919	SEA
967	173	522	SDA
967	184	533	SEA
967	67	726	SEA
967	75	769	SDA
967	852	845	SEA
967	961	857	SEA
972	170	953	SEA
972	173	2187	SEA
972	184	350	SEA
972	67	37	SDA
972	75	784	SEA
972	852	783	SEA
972	961	382	SEA
986	170	1257	SEA
986	173	766	SEA
986	184	852	SEA
986	67	437	SEA
986	75	795	SEA
986	852	651	SEA
986	961	272	SEA
987	170	1240	SEA
987	173	803	SEA
987	184	791	SEA
987	67	148	SEA
987	75	786	SEA
987	852	673	SEA
987	961	549	SEA
989	170	1274	SEA
989	173	843	SEA
989	184	773	SEA
989	67	138	SDA
989	75	765	SEA
989	852	674	SEA
989	961	618	SEA
992	170	1202	SEA
992	173	832	SEA
992	184	9	SEA
992	67	214	SDA
992	75	765	SEA
992	852	640	SEA
992	961	626	SEA
1000	170	1061	SEA
1000	173	872	SEA
1000	184	65	SEA
1000	67	86	SEA
1000	75	447	SEA
1000	852	951	SEA
1000	961	470	SEA
1006	170	964	SEA
1006	173	759	SEA
1006	184	243	SEA
1006	67	303	SEA
1006	75	347	SEA
1006	852	1006	SEA
1006	961	514	SEA
1007	170	964	SEA
1007	173	759	SEA
1007	184	243	SEA
1007	67	303	SEA
1007	75	347	SEA
1007	852	1006	SEA
1007	961	514	SEA
1008	170	977	SEA
1008	173	763	SEA
1008	184	235	SEA
1008	67	309	SEA
1008	75	360	SEA
1008	852	1008	SEA
1008	961	533	SEA
1010	170	906	SEA
1010	173	790	SEA
1010	184	195	SEA
1010	67	291	SEA
1010	75	265	SEA
1010	852	995	SEA
1010	961	521	SEA
1013	170	852	SDA
1013	173	689	SEA
1013	184	175	SDA
1013	67	193	SEA
1013	75	241	SEA
1013	852	362	SEA
1013	961	795	SEA
1014	170	838	SDA
1014	173	777	SEA
1014	184	169	SDA
1014	67	203	SEA
1014	75	212	SEA
1014	852	382	SEA
1014	961	840	SEA
1016	170	845	SDA
1016	173	736	SEA
1016	184	187	SDA
1016	67	180	SEA
1016	75	212	SEA
1016	852	388	SEA
1016	961	817	SEA
1019	170	846	SDA
1019	173	535	SEA
1019	184	624	SEA
1019	67	155	SEA
1019	75	582	SEA
1019	852	291	SEA
1019	961	708	SEA
1023	170	1536	SEA
1023	173	465	SEA
1023	184	265	SEA
1023	67	171	SDA
1023	75	620	SEA
1023	852	358	SEA
1023	961	308	SEA
1026	170	1563	SEA
1026	173	868	SEA
1026	184	231	SEA
1026	67	364	SEA
1026	75	507	SEA
1026	852	1254	SEA
1026	961	281	SEA
1028	170	1687	SEA
1028	173	904	SEA
1028	184	222	SEA
1028	67	391	SEA
1028	75	500	SEA
1028	852	1331	SEA
1028	961	279	SEA
1033	170	66	SEA
1033	173	907	SDA
1033	184	464	SEA
1033	67	273	SEA
1033	75	1443	SEA
1033	852	653	SEA
1033	961	457	SEA
1037	170	9	SEA
1037	173	192	SEA
1037	184	644	SDA
1037	67	278	SEA
1037	75	1454	SEA
1037	852	605	SEA
1037	961	475	SEA
1040	170	39	SEA
1040	173	109	SEA
1040	184	670	SDA
1040	67	236	SEA
1040	75	1475	SDA
1040	852	613	SEA
1040	961	683	SEA
1042	170	33	SEA
1042	173	134	SEA
1042	184	644	SDA
1042	67	288	SEA
1042	75	470	SEA
1042	852	638	SEA
1042	961	710	SEA
1048	170	392	SEA
1048	173	152	SEA
1048	184	282	SEA
1048	67	285	SEA
1048	75	473	SEA
1048	852	577	SEA
1048	961	54	SDA
1049	170	392	SEA
1049	173	127	SEA
1049	184	309	SDA
1049	67	280	SEA
1049	75	521	SDA
1049	852	524	SEA
1049	961	62	SDA
1051	170	413	SEA
1051	173	71	SEA
1051	184	314	SDA
1051	67	336	SEA
1051	75	541	SDA
1051	852	488	SEA
1051	961	67	SDA
1053	170	405	SEA
1053	173	138	SEA
1053	184	324	SDA
1053	67	408	SEA
1053	75	434	SEA
1053	852	818	SEA
1053	961	86	SDA
1057	170	274	SEA
1057	173	1294	SEA
1057	184	714	SDA
1057	67	993	SDA
1057	75	476	SEA
1057	852	895	SEA
1057	961	26	SDA
1059	170	249	SEA
1059	173	1357	SEA
1059	184	665	SDA
1059	67	976	SDA
1059	75	456	SEA
1059	852	872	SEA
1059	961	39	SDA
1063	170	252	SEA
1063	173	1461	SDA
1063	184	675	SDA
1063	67	808	SEA
1063	75	463	SDA
1063	852	1138	SEA
1063	961	558	SDA
1064	170	251	SEA
1064	173	10	SEA
1064	184	635	SDA
1064	67	851	SDA
1064	75	467	SDA
1064	852	1162	SEA
1064	961	586	SDA
1067	170	252	SDA
1067	173	12	SEA
1067	184	601	SDA
1067	67	917	SDA
1067	75	437	SEA
1067	852	1098	SEA
1067	961	625	SDA
1069	170	214	SDA
1069	173	106	SEA
1069	184	603	SDA
1069	67	927	SDA
1069	75	424	SEA
1069	852	1201	SEA
1069	961	571	SDA
1071	170	143	SDA
1071	173	205	SEA
1071	184	536	SDA
1071	67	886	SDA
1071	75	351	SEA
1071	852	1194	SEA
1071	961	530	SDA
1074	170	51	SDA
1074	173	206	SEA
1074	184	644	SDA
1074	67	920	SDA
1074	75	304	SEA
1074	852	605	SEA
1074	961	519	SDA
1075	170	81	SDA
1075	173	201	SEA
1075	184	629	SDA
1075	67	857	SEA
1075	75	259	SEA
1075	852	600	SEA
1075	961	521	SDA
1090	170	1810	SDA
1090	173	466	SEA
1090	184	311	SDA
1090	67	694	SEA
1090	75	709	SEA
1090	852	664	SDA
1090	961	471	SEA
1093	170	1751	SDA
1093	173	1431	SEA
1093	184	290	SDA
1093	67	695	SDA
1093	75	370	SEA
1093	852	982	SEA
1093	961	763	SDA
1099	170	1619	SDA
1099	184	610	SDA
1099	67	593	SDA
1099	75	273	SDA
1099	852	1021	SEA
1099	961	716	SDA
1103	170	787	SDA
1103	173	1369	SDA
1103	184	40	SDA
1103	67	502	SDA
1103	75	692	SDA
1103	852	896	SDA
1103	961	475	SDA
1105	170	1083	SDA
1105	173	1317	SDA
1105	184	43	SDA
1105	67	562	SDA
1105	75	657	SDA
1105	852	886	SDA
1105	961	400	SDA
1108	170	1050	SDA
1108	173	1403	SDA
1108	184	54	SDA
1108	67	1423	SEA
1108	75	248	SEA
1108	852	1092	SEA
1108	961	412	SDA
1112	170	1152	SDA
1112	173	1483	SDA
1112	184	28	SDA
1112	67	1443	SEA
1112	75	294	SEA
1112	852	1034	SEA
1112	961	521	SDA
1119	170	1242	SEA
1119	173	1320	SEA
1119	184	427	SDA
1119	67	940	SDA
1119	75	324	SDA
1119	852	1165	SDA
1119	961	186	SDA
1127	170	1286	SEA
1127	173	262	SEA
1127	184	150	SDA
1127	67	1137	SEA
1127	75	487	SEA
1127	852	592	SEA
1127	961	458	SEA
1130	170	1288	SEA
1130	173	310	SEA
1130	184	250	SDA
1130	67	1051	SEA
1130	75	547	SEA
1130	852	577	SEA
1130	961	253	SEA
1132	170	1288	SEA
1132	173	443	SEA
1132	184	186	SDA
1132	67	1028	SEA
1132	75	500	SEA
1132	852	513	SEA
1132	961	274	SEA
1136	170	1315	SEA
1136	173	374	SEA
1136	184	303	SEA
1136	67	1021	SEA
1136	75	425	SDA
1136	852	479	SEA
1136	961	208	SEA
1140	170	1548	SDA
1140	173	452	SEA
1140	184	241	SDA
1140	67	988	SEA
1140	75	984	SDA
1140	852	503	SDA
1140	961	588	SEA
1146	170	1654	SDA
1146	173	740	SEA
1146	184	521	SEA
1146	67	683	SDA
1146	75	375	SEA
1146	852	872	SEA
1146	961	955	SEA
1149	173	678	SEA
1149	184	455	SEA
1149	67	708	SDA
1149	75	386	SEA
1149	852	644	SEA
1149	961	42	SDA
1153	173	755	SEA
1153	184	545	SEA
1153	67	733	SDA
1153	75	319	SEA
1153	852	751	SDA
1153	961	43	SEA
1154	173	751	SEA
1154	184	556	SEA
1154	67	707	SDA
1154	75	328	SEA
1154	852	770	SDA
1154	961	41	SEA
1157	170	1360	SEA
1157	173	774	SEA
1157	184	240	SEA
1157	67	248	SEA
1157	75	364	SDA
1157	852	752	SEA
1157	961	50	SDA
1164	170	1361	SEA
1164	173	808	SEA
1164	184	357	SEA
1164	67	307	SEA
1164	75	1031	SEA
1164	852	1054	SEA
1164	961	221	SEA
1168	170	1448	SEA
1168	173	809	SEA
1168	184	152	SDA
1168	67	870	SEA
1168	75	642	SEA
1168	852	1046	SEA
1168	961	1104	SEA
1181	170	627	SEA
1181	173	555	SEA
1181	184	526	SDA
1181	67	1364	SDA
1181	75	436	SEA
1181	852	954	SEA
1181	961	172	SDA
1183	170	614	SEA
1183	173	508	SEA
1183	184	287	SEA
1183	67	1289	SDA
1183	75	423	SEA
1183	852	917	SEA
1183	961	228	SEA
1188	170	573	SEA
1188	173	631	SEA
1188	184	189	SEA
1188	75	462	SEA
1188	852	975	SEA
1188	961	792	SEA
1190	170	630	SEA
1190	173	562	SEA
1190	184	202	SEA
1190	67	1545	SEA
1190	75	860	SEA
1190	852	1001	SEA
1190	961	1007	SEA
1200	170	433	SDA
1200	173	991	SEA
1200	184	527	SDA
1200	67	1527	SDA
1200	75	727	SEA
1200	852	383	SEA
1200	961	1069	SDA
1205	170	411	SDA
1205	173	875	SDA
1205	184	184	SEA
1205	67	1474	SEA
1205	75	814	SEA
1205	852	471	SEA
1205	961	502	SEA
1209	170	832	SEA
1209	173	812	SDA
1209	184	184	SEA
1209	67	794	SEA
1209	75	826	SEA
1209	852	377	SEA
1209	961	510	SEA
1210	170	862	SEA
1210	173	792	SDA
1210	184	103	SEA
1210	67	789	SEA
1210	75	831	SEA
1210	852	329	SEA
1210	961	570	SEA
1214	170	815	SEA
1214	173	1019	SEA
1214	184	122	SEA
1214	67	812	SEA
1214	75	585	SEA
1214	852	251	SDA
1214	961	655	SEA
1228	170	48	SEA
1228	173	353	SEA
1228	184	471	SEA
1228	67	869	SEA
1228	75	825	SEA
1228	852	974	SEA
1228	961	1064	SEA
1239	170	939	SEA
1239	184	450	SEA
1239	67	821	SEA
1239	75	853	SEA
1239	852	779	SEA
1239	961	788	SDA
1240	170	948	SEA
1240	184	430	SEA
1240	67	794	SEA
1240	75	836	SEA
1240	852	779	SEA
1240	961	794	SDA
1243	170	968	SEA
1243	173	2551	SEA
1243	184	409	SEA
1243	67	842	SEA
1243	75	829	SEA
1243	852	789	SEA
1243	961	805	SEA
1248	170	1325	SEA
1248	184	567	SEA
1248	67	50	SEA
1248	75	824	SEA
1248	852	690	SEA
1248	961	674	SDA
1252	170	1459	SEA
1252	184	998	SEA
1252	67	79	SEA
1252	75	914	SEA
1252	852	727	SEA
1252	961	654	SDA
1255	170	1408	SEA
1255	173	786	SEA
1255	184	1019	SEA
1255	67	77	SEA
1255	75	886	SEA
1255	852	691	SEA
1255	961	602	SDA
1257	170	1390	SEA
1257	173	768	SEA
1257	184	1038	SEA
1257	67	62	SEA
1257	75	930	SEA
1257	852	668	SEA
1257	961	593	SDA
1264	170	1344	SEA
1264	173	890	SEA
1264	184	458	SEA
1264	67	634	SEA
1264	75	1041	SEA
1264	852	790	SEA
1264	961	1302	SEA
1265	170	1408	SEA
1265	173	869	SEA
1265	184	427	SEA
1265	67	622	SEA
1265	75	1045	SEA
1265	852	803	SEA
1265	961	1300	SEA
1275	170	1649	SEA
1275	173	855	SEA
1275	184	412	SEA
1275	67	706	SEA
1275	75	1067	SDA
1275	852	669	SEA
1275	961	541	SEA
1278	170	1877	SEA
1278	173	819	SEA
1278	184	712	SEA
1278	67	724	SEA
1278	75	908	SEA
1278	852	683	SEA
1278	961	538	SEA
1279	170	1877	SEA
1279	173	819	SEA
1279	184	712	SEA
1279	67	724	SEA
1279	75	908	SEA
1279	852	683	SEA
1279	961	538	SEA
1280	170	1930	SEA
1280	173	828	SEA
1280	184	721	SEA
1280	67	707	SEA
1280	75	907	SEA
1280	852	648	SEA
1280	961	521	SDA
1284	173	764	SEA
1284	184	682	SEA
1284	67	597	SEA
1284	75	984	SEA
1284	852	567	SEA
1284	961	595	SDA
1295	173	919	SEA
1295	184	587	SEA
1295	67	57	SEA
1295	75	898	SEA
1295	852	1054	SEA
1295	961	1055	SEA
1296	173	919	SEA
1296	184	587	SEA
1296	67	57	SEA
1296	75	898	SEA
1296	852	1054	SEA
1296	961	1055	SEA
1301	170	1416	SEA
1301	173	1003	SEA
1301	184	678	SEA
1301	67	50	SEA
1301	75	703	SEA
1301	852	921	SEA
1301	961	1028	SEA
1306	170	1332	SEA
1306	173	424	SEA
1306	184	639	SEA
1306	67	1055	SEA
1306	75	864	SEA
1306	852	783	SEA
1306	961	415	SEA
1308	170	1276	SEA
1308	173	479	SEA
1308	184	840	SEA
1308	67	1041	SEA
1308	75	924	SEA
1308	852	752	SEA
1308	961	389	SEA
1312	170	1218	SEA
1312	173	301	SEA
1312	184	797	SEA
1312	67	1044	SEA
1312	75	1034	SEA
1312	852	809	SEA
1312	961	322	SEA
1319	170	1282	SEA
1319	173	250	SEA
1319	184	736	SEA
1319	67	1115	SEA
1319	75	1135	SEA
1319	852	689	SEA
1319	961	296	SEA
