363	173	748	SEA
395	173	255	SEA
408	173	754	SEA
409	173	683	SEA
421	173	824	SEA
435	173	967	SEA
439	173	886	SEA
448	173	1328	SEA
463	173	487	SDA
494	173	648	SEA
505	173	664	SEA
529	173	919	SEA
549	173	259	SEA
554	173	280	SEA
568	173	712	SEA
593	173	527	SEA
606	173	655	SEA
607	173	628	SEA
624	173	180	SEA
654	173	791	SEA
684	173	905	SEA
694	173	266	SEA
710	173	808	SEA
718	173	677	SEA
720	173	653	SEA
727	173	823	SEA
729	173	800	SEA
757	173	967	SEA
760	173	1015	SEA
761	173	981	SEA
768	173	1010	SEA
771	173	1363	SEA
774	173	1000	SEA
778	173	1060	SEA
791	173	640	SEA
801	173	722	SEA
804	173	868	SEA
808	173	835	SEA
810	173	768	SEA
834	173	1086	SEA
847	173	1987	SEA
853	173	2005	SEA
859	173	581	SEA
863	173	585	SEA
871	173	582	SEA
876	173	717	SEA
887	173	674	SEA
889	173	722	SEA
893	173	722	SEA
895	173	709	SEA
901	173	542	SEA
908	173	720	SEA
918	173	929	SEA
920	173	924	SEA
922	173	702	SEA
923	173	770	SEA
924	173	744	SEA
926	173	812	SEA
932	173	739	SEA
933	173	762	SEA
936	173	736	SEA
937	173	697	SEA
940	173	814	SEA
941	173	771	SEA
943	173	794	SEA
944	173	836	SEA
950	173	862	SEA
952	173	326	SEA
953	173	331	SEA
967	173	2207	SEA
986	173	766	SEA
987	173	803	SEA
989	173	843	SEA
992	173	806	SEA
1000	173	872	SEA
1006	173	759	SEA
1007	173	759	SEA
1008	173	763	SEA
1010	173	578	SEA
1013	173	559	SEA
1014	173	610	SEA
1016	173	609	SEA
1019	173	535	SEA
1023	173	830	SEA
1026	173	852	SEA
1028	173	293	SEA
1033	173	213	SEA
1037	173	192	SEA
1042	173	122	SEA
1048	173	1178	SEA
1049	173	1293	SEA
1051	173	1300	SEA
1053	173	1321	SEA
1057	173	1302	SEA
1059	173	55	SEA
1063	173	168	SEA
1064	173	10	SEA
1067	173	12	SEA
1069	173	106	SEA
1071	173	211	SEA
1074	173	216	SEA
1075	173	211	SEA
1090	173	1468	SEA
1093	173	1149	SDA
1099	173	1247	SDA
1103	173	1365	SDA
1105	173	1313	SDA
1108	173	1403	SDA
1112	173	1483	SDA
1119	173	411	SEA
1127	173	262	SEA
1130	173	310	SEA
1132	173	443	SEA
1136	173	374	SEA
1140	173	818	SEA
1146	173	862	SEA
1149	173	940	SEA
1153	173	773	SEA
1154	173	769	SEA
1157	173	792	SEA
1164	173	715	SEA
1168	173	809	SEA
1181	173	555	SEA
1183	173	508	SEA
1188	173	1116	SEA
1190	173	1178	SEA
1200	173	906	SDA
1205	173	875	SDA
1209	173	812	SDA
1210	173	792	SDA
1214	173	821	SEA
1228	173	371	SEA
1248	173	754	SEA
1252	173	792	SEA
1255	173	789	SEA
1257	173	771	SEA
1264	173	889	SEA
1265	173	894	SEA
1275	173	858	SEA
1278	173	822	SEA
1279	173	822	SEA
1280	173	831	SEA
1284	173	1037	SEA
1295	173	919	SEA
1296	173	919	SEA
1301	173	586	SEA
1306	173	452	SEA
1308	173	507	SEA
1312	173	328	SEA
1319	173	1405	SEA
