363	157	376	SEA
363	174	782	SEA
363	178	295	SDA
363	870	719	SEA
385	157	574	SEA
385	174	496	SEA
385	178	310	SEA
385	870	847	SEA
408	157	677	SEA
408	174	443	SEA
408	178	912	SEA
408	506	1054	SEA
408	870	2	SEA
409	157	689	SEA
409	174	311	SDA
409	178	956	SEA
409	506	1117	SEA
409	870	149	SEA
421	157	767	SDA
421	174	550	SEA
421	178	963	SDA
421	506	1856	SEA
421	870	539	SEA
422	157	719	SDA
422	174	38	SEA
422	178	1166	SEA
422	506	1825	SEA
422	870	15	SEA
435	157	911	SEA
435	174	231	SEA
435	178	1139	SEA
435	870	850	SEA
439	157	536	SEA
439	174	52	SEA
439	178	1287	SEA
439	506	1079	SDA
439	870	503	SEA
448	157	842	SDA
448	174	685	SEA
448	178	439	SEA
448	506	1088	SDA
448	870	637	SEA
458	157	623	SDA
458	174	560	SEA
458	178	702	SEA
458	506	994	SDA
458	870	617	SEA
463	157	671	SDA
463	174	688	SEA
463	178	823	SDA
463	506	972	SDA
463	870	526	SEA
494	157	845	SEA
494	174	1126	SEA
494	178	1076	SEA
494	506	506	SDA
494	870	716	SEA
507	157	1237	SEA
507	174	1337	SEA
507	178	647	SEA
507	506	718	SEA
507	870	657	SEA
529	157	332	SDA
529	174	902	SEA
529	178	408	SEA
529	506	1210	SEA
529	870	176	SEA
543	157	1051	SEA
543	174	386	SEA
543	178	524	SEA
543	506	1731	SDA
543	870	507	SEA
549	157	359	SEA
549	174	419	SEA
549	178	924	SEA
549	506	1404	SDA
549	870	937	SEA
554	157	370	SEA
554	174	469	SEA
554	178	412	SEA
554	506	1379	SEA
554	870	674	SEA
568	157	40	SEA
568	174	635	SEA
568	178	394	SEA
568	506	774	SEA
568	870	473	SEA
593	157	373	SEA
593	174	131	SEA
593	178	855	SEA
593	506	358	SEA
593	870	736	SEA
606	157	289	SEA
606	174	905	SEA
606	178	622	SEA
606	506	254	SEA
606	870	483	SEA
607	157	1715	SEA
607	174	872	SEA
607	178	493	SEA
607	506	339	SEA
607	870	547	SEA
629	157	522	SEA
629	174	418	SEA
629	178	1071	SEA
629	506	289	SEA
629	870	580	SEA
637	157	523	SEA
637	174	503	SEA
637	178	1156	SEA
637	506	972	SEA
637	870	541	SEA
694	157	635	SEA
694	174	1044	SEA
694	178	1222	SEA
694	506	877	SEA
694	870	906	SEA
710	157	932	SEA
710	174	730	SEA
710	178	1602	SEA
710	506	841	SEA
710	870	688	SEA
718	157	757	SEA
718	174	619	SEA
718	178	1514	SEA
718	506	1084	SEA
718	870	726	SEA
727	157	937	SEA
727	174	891	SEA
727	178	1217	SEA
727	506	1155	SEA
727	870	652	SEA
729	157	563	SEA
729	174	850	SEA
729	178	1045	SEA
729	506	1085	SEA
729	870	745	SEA
751	157	231	SEA
751	174	1241	SEA
751	178	1219	SEA
751	506	1341	SEA
751	870	539	SEA
757	157	843	SEA
757	174	1272	SEA
757	178	1138	SEA
757	506	1340	SEA
757	870	429	SEA
759	157	862	SEA
759	174	1301	SEA
759	178	1127	SDA
759	506	1309	SEA
759	870	467	SEA
761	157	509	SEA
761	174	1211	SEA
761	178	1037	SDA
761	506	1343	SEA
761	870	746	SEA
765	157	305	SEA
765	174	1066	SEA
765	178	991	SDA
765	506	1391	SEA
765	870	940	SEA
768	157	403	SEA
768	174	1117	SEA
768	178	979	SDA
768	506	1508	SEA
768	870	362	SEA
770	157	306	SEA
770	174	1155	SEA
770	178	1006	SDA
770	506	1550	SEA
770	870	540	SEA
771	157	271	SEA
771	174	1159	SEA
771	178	1012	SDA
771	506	1573	SEA
771	870	527	SEA
772	157	271	SEA
772	174	1159	SEA
772	178	1012	SDA
772	506	1573	SEA
772	870	527	SEA
778	157	616	SEA
778	174	1272	SEA
778	178	1733	SEA
778	506	1576	SEA
778	870	862	SEA
791	157	928	SEA
791	174	875	SEA
791	178	207	SEA
791	506	1094	SEA
791	870	777	SEA
798	157	614	SEA
798	174	808	SEA
798	178	155	SEA
798	506	1058	SEA
798	870	654	SEA
801	157	628	SEA
801	174	766	SEA
801	178	240	SEA
801	506	1028	SEA
801	870	824	SEA
804	157	706	SEA
804	174	818	SEA
804	178	262	SEA
804	506	984	SEA
804	870	172	SEA
808	157	736	SEA
808	174	838	SEA
808	178	340	SEA
808	506	897	SEA
808	870	595	SEA
810	157	1152	SEA
810	174	815	SEA
810	178	347	SEA
810	506	933	SEA
810	870	643	SEA
819	157	1069	SDA
819	174	1097	SEA
819	178	621	SEA
819	506	967	SEA
819	870	302	SEA
834	157	194	SDA
834	174	332	SEA
834	178	192	SEA
834	506	1169	SEA
834	870	484	SEA
840	157	108	SDA
840	174	211	SDA
840	178	179	SDA
840	506	1163	SEA
840	870	621	SDA
847	157	456	SEA
847	174	172	SDA
847	178	268	SEA
847	506	1294	SEA
847	870	605	SEA
853	157	605	SDA
853	174	902	SEA
853	178	369	SEA
853	506	1038	SEA
853	870	595	SEA
859	157	722	SEA
859	174	827	SEA
859	178	299	SEA
859	506	984	SEA
859	870	559	SEA
863	157	750	SEA
863	174	789	SEA
863	178	1747	SEA
863	506	1038	SEA
863	870	728	SEA
871	157	575	SEA
871	174	955	SEA
871	506	1254	SEA
871	870	735	SEA
876	157	553	SEA
876	174	923	SEA
876	178	1499	SEA
876	506	1184	SEA
876	870	480	SEA
887	157	672	SDA
887	174	636	SEA
887	178	1434	SEA
887	506	1321	SEA
887	870	559	SEA
889	157	700	SDA
889	174	635	SEA
889	178	1469	SEA
889	506	1341	SEA
889	870	744	SEA
893	157	483	SEA
893	174	748	SEA
893	178	1475	SEA
893	506	1334	SEA
893	870	682	SEA
895	157	507	SEA
895	174	719	SEA
895	178	1375	SEA
895	506	1307	SEA
895	870	690	SEA
901	157	268	SDA
901	174	645	SEA
901	178	450	SEA
901	506	1162	SEA
901	870	1379	SEA
908	157	160	SEA
908	174	951	SEA
908	178	393	SEA
908	506	986	SEA
908	870	814	SEA
918	157	815	SEA
918	174	1126	SEA
918	178	257	SEA
918	506	955	SEA
918	870	680	SEA
920	157	876	SEA
920	174	1105	SEA
920	178	193	SEA
920	506	934	SEA
920	870	743	SEA
922	157	832	SEA
922	174	1074	SEA
922	178	208	SEA
922	506	989	SEA
922	870	762	SEA
923	157	402	SDA
923	174	1030	SEA
923	178	181	SEA
923	506	1029	SEA
923	870	389	SEA
924	157	462	SDA
924	174	1013	SEA
924	178	93	SEA
924	506	1067	SEA
924	870	425	SEA
926	157	505	SDA
926	174	976	SEA
926	178	1982	SEA
926	506	1214	SEA
926	870	479	SEA
932	157	489	SDA
932	174	1032	SEA
932	506	1330	SEA
932	870	824	SEA
933	157	461	SDA
933	174	1195	SEA
933	506	1324	SEA
933	870	828	SEA
936	157	416	SEA
936	174	1305	SEA
936	178	1100	SEA
936	506	1283	SEA
936	870	672	SEA
937	157	321	SEA
937	174	1364	SEA
937	178	1136	SEA
937	506	1269	SEA
937	870	693	SEA
940	157	250	SEA
940	174	1373	SEA
940	178	1059	SEA
940	506	1366	SEA
940	870	676	SEA
941	157	261	SEA
941	174	1403	SEA
941	178	1030	SEA
941	506	1334	SEA
941	870	686	SEA
943	157	354	SEA
943	174	1399	SEA
943	178	993	SEA
943	506	1337	SEA
943	870	682	SEA
944	157	338	SEA
944	174	1423	SEA
944	178	997	SEA
944	506	822	SEA
944	870	709	SEA
950	157	680	SDA
950	174	321	SEA
950	178	1074	SEA
950	506	980	SEA
950	870	684	SEA
952	157	691	SEA
952	174	318	SDA
952	178	1009	SEA
952	506	958	SEA
952	870	692	SEA
953	157	697	SEA
953	174	286	SDA
953	178	1032	SEA
953	506	928	SEA
953	870	648	SEA
965	157	601	SEA
965	174	164	SDA
965	178	474	SEA
965	506	813	SEA
965	870	688	SEA
967	157	672	SEA
967	174	126	SDA
967	178	518	SEA
967	506	1245	SEA
967	870	648	SEA
972	157	700	SEA
972	174	16	SEA
972	178	478	SEA
972	506	1176	SEA
972	870	751	SEA
986	157	566	SEA
986	174	720	SEA
986	178	26	SEA
986	506	712	SEA
986	870	411	SEA
987	157	610	SEA
987	174	202	SEA
987	178	49	SEA
987	506	650	SEA
987	870	466	SEA
989	157	623	SEA
989	174	258	SEA
989	178	28	SEA
989	506	604	SEA
989	870	683	SEA
992	157	399	SEA
992	174	253	SEA
992	178	17	SEA
992	506	651	SEA
992	870	777	SEA
1000	157	575	SEA
1000	174	440	SDA
1000	178	9	SEA
1000	506	504	SEA
1000	870	844	SEA
1006	157	536	SEA
1006	174	358	SDA
1006	178	28	SEA
1006	506	1386	SEA
1006	870	781	SEA
1007	157	536	SEA
1007	174	358	SDA
1007	178	28	SEA
1007	506	1386	SEA
1007	870	781	SEA
1008	157	488	SEA
1008	174	390	SDA
1008	178	1684	SEA
1008	506	1351	SEA
1008	870	767	SEA
1010	157	623	SEA
1010	174	875	SEA
1010	506	907	SEA
1010	870	728	SEA
1013	157	676	SEA
1013	174	835	SEA
1013	178	1201	SEA
1013	506	955	SEA
1013	870	740	SEA
1014	157	590	SEA
1014	174	1284	SEA
1014	178	1163	SEA
1014	506	945	SEA
1014	870	764	SEA
1016	157	601	SEA
1016	174	1254	SEA
1016	178	1171	SEA
1016	506	941	SEA
1016	870	829	SEA
1019	157	596	SEA
1019	174	597	SEA
1019	178	1212	SEA
1019	506	888	SEA
1019	870	892	SEA
1023	157	814	SEA
1023	174	678	SEA
1023	178	1212	SEA
1023	506	825	SEA
1023	870	1001	SEA
1026	157	778	SEA
1026	174	638	SEA
1026	178	1128	SEA
1026	506	761	SEA
1026	870	1024	SEA
1028	157	712	SEA
1028	174	616	SEA
1028	178	1162	SEA
1028	506	745	SEA
1028	870	982	SEA
1033	157	1164	SEA
1033	174	793	SEA
1033	178	1184	SEA
1033	506	1226	SEA
1033	870	539	SEA
1037	157	1194	SEA
1037	174	681	SEA
1037	178	970	SEA
1037	506	1276	SEA
1037	870	835	SEA
1040	157	1237	SEA
1040	174	611	SDA
1040	178	980	SEA
1040	506	1252	SEA
1040	870	833	SEA
1042	157	514	SDA
1042	174	551	SDA
1042	178	975	SEA
1042	506	1196	SEA
1042	870	925	SEA
1048	157	495	SDA
1048	174	1587	SEA
1048	178	1061	SEA
1048	506	1712	SEA
1048	870	644	SEA
1049	157	514	SDA
1049	174	1600	SEA
1049	178	1140	SEA
1049	506	1699	SEA
1049	870	753	SEA
1051	157	575	SDA
1051	174	1545	SEA
1051	178	1124	SEA
1051	506	1696	SEA
1051	870	743	SEA
1053	157	552	SDA
1053	174	1632	SEA
1053	178	1089	SEA
1053	506	1681	SEA
1053	870	722	SEA
1057	157	299	SDA
1057	174	958	SDA
1057	178	1013	SDA
1057	506	1731	SEA
1057	870	843	SEA
1059	157	259	SDA
1059	174	938	SDA
1059	178	969	SDA
1059	506	1807	SEA
1059	870	878	SEA
1063	157	884	SEA
1063	174	919	SDA
1063	178	1106	SDA
1063	506	1614	SEA
1063	870	65	SEA
1064	157	860	SEA
1064	174	880	SDA
1064	178	1087	SDA
1064	506	974	SDA
1064	870	49	SEA
1067	157	521	SDA
1067	174	932	SDA
1067	178	1058	SDA
1067	506	862	SDA
1067	870	213	SEA
1069	157	615	SDA
1069	174	941	SDA
1069	178	1160	SDA
1069	506	894	SDA
1069	870	246	SEA
1071	157	640	SDA
1071	174	871	SDA
1071	178	1225	SDA
1071	506	830	SDA
1071	870	522	SEA
1074	157	683	SDA
1074	174	843	SDA
1074	178	520	SEA
1074	506	784	SDA
1074	870	629	SEA
1075	157	647	SDA
1075	174	907	SDA
1075	178	604	SEA
1075	506	732	SDA
1075	870	551	SEA
1090	157	290	SDA
1090	174	1188	SDA
1090	178	779	SEA
1090	506	809	SEA
1090	870	387	SEA
1093	157	398	SDA
1093	174	1250	SDA
1093	178	589	SEA
1093	506	1395	SEA
1093	870	629	SEA
1099	157	333	SDA
1099	174	1356	SDA
1099	178	974	SEA
1099	506	1341	SEA
1099	870	629	SEA
1103	157	1061	SDA
1103	174	623	SDA
1103	178	636	SEA
1103	506	1170	SDA
1103	870	594	SEA
1105	157	1036	SDA
1105	174	650	SDA
1105	178	744	SEA
1105	506	1068	SDA
1105	870	783	SEA
1108	157	1017	SDA
1108	174	553	SDA
1108	178	837	SDA
1108	506	1075	SDA
1108	870	603	SEA
1112	157	228	SDA
1112	174	544	SDA
1112	178	876	SEA
1112	506	1091	SDA
1112	870	527	SEA
1119	157	394	SDA
1119	174	720	SDA
1119	178	1077	SEA
1119	506	1056	SDA
1119	870	613	SEA
1127	157	201	SEA
1127	174	583	SEA
1127	174e	601	SDA
1127	178	1251	SEA
1127	506	1034	SEA
1127	870	651	SEA
1130	157	316	SEA
1130	174	637	SEA
1130	174e	626	SDA
1130	178	943	SEA
1130	506	1070	SEA
1130	870	602	SEA
1132	157	238	SEA
1132	174	496	SEA
1132	174e	564	SDA
1132	178	939	SEA
1132	506	1007	SEA
1132	870	710	SEA
1136	157	411	SEA
1136	174	610	SEA
1136	174e	657	SDA
1136	178	1071	SEA
1136	506	956	SEA
1136	870	670	SEA
1140	157	691	SDA
1140	174	1197	SEA
1140	174e	624	SDA
1140	178	1146	SEA
1140	506	1017	SEA
1140	870	452	SEA
1146	157	592	SDA
1146	174	1145	SEA
1146	174e	683	SEA
1146	178	1183	SEA
1146	506	920	SEA
1146	870	610	SEA
1149	157	702	SDA
1149	174	922	SDA
1149	174e	601	SEA
1149	178	516	SDA
1149	506	1116	SDA
1149	870	672	SEA
1153	157	742	SEA
1153	174	858	SDA
1153	174e	604	SEA
1153	178	468	SDA
1153	506	1095	SDA
1153	870	831	SEA
1154	157	739	SEA
1154	174	891	SDA
1154	174e	648	SEA
1154	178	514	SDA
1154	506	1089	SDA
1154	870	802	SEA
1157	157	977	SDA
1157	174	907	SDA
1157	174e	1034	SEA
1157	178	586	SDA
1157	506	1082	SDA
1157	870	534	SEA
1164	157	895	SDA
1164	174	819	SDA
1164	174e	801	SEA
1164	178	579	SDA
1164	506	1259	SDA
1164	870	640	SEA
1168	157	1104	SEA
1168	174	586	SEA
1168	174e	1404	SEA
1168	178	1559	SEA
1168	506	1254	SDA
1168	870	459	SEA
1181	157	1097	SEA
1181	174	574	SEA
1181	178	783	SEA
1181	506	715	SDA
1181	870	535	SEA
1183	157	940	SEA
1183	174	1004	SDA
1183	178	797	SEA
1183	506	736	SDA
1183	870	706	SEA
1188	157	961	SEA
1188	174	963	SDA
1188	178	812	SEA
1188	506	754	SEA
1188	870	563	SEA
1190	157	958	SEA
1190	174	874	SDA
1190	178	731	SEA
1190	506	848	SEA
1190	870	770	SEA
1200	157	717	SDA
1200	174	601	SEA
1200	178	922	SEA
1200	506	1089	SEA
1200	870	376	SEA
1205	157	952	SEA
1205	174	627	SEA
1205	178	851	SEA
1205	506	960	SEA
1205	870	779	SEA
1209	157	960	SEA
1209	174	558	SEA
1209	178	942	SEA
1209	506	885	SEA
1209	870	902	SEA
1210	157	973	SEA
1210	174	1694	SEA
1210	178	899	SEA
1210	506	888	SDA
1210	870	716	SEA
1214	157	928	SEA
1214	174	1783	SEA
1214	178	1123	SEA
1214	506	867	SDA
1214	870	486	SEA
1228	157	1039	SDA
1228	174	961	SEA
1228	178	972	SEA
1228	506	796	SEA
1228	870	665	SEA
1239	157	1939	SEA
1239	174	1076	SEA
1239	178	1354	SEA
1239	506	1360	SEA
1239	870	823	SEA
1240	157	1956	SEA
1240	174	1006	SEA
1240	178	1354	SEA
1240	506	1389	SEA
1240	870	800	SEA
1243	157	1928	SEA
1243	174	1024	SEA
1243	178	1343	SEA
1243	506	1456	SEA
1243	870	777	SEA
1248	157	1820	SEA
1248	174	945	SEA
1248	506	1504	SEA
1248	870	990	SEA
1252	157	908	SEA
1252	174	961	SEA
1252	178	1467	SEA
1252	506	1066	SEA
1252	870	1000	SEA
1255	157	833	SEA
1255	174	943	SEA
1255	178	1384	SEA
1255	506	1083	SEA
1255	870	1047	SEA
1257	157	844	SEA
1257	174	939	SEA
1257	178	1350	SEA
1257	506	1038	SEA
1257	870	1018	SEA
1264	157	796	SEA
1264	174	965	SEA
1264	178	1304	SEA
1264	506	993	SEA
1264	870	170	SEA
1265	157	822	SEA
1265	174	896	SEA
1265	178	1323	SEA
1265	506	1052	SEA
1265	870	317	SEA
1275	157	969	SDA
1275	174	980	SEA
1275	178	1271	SEA
1275	506	991	SEA
1275	870	883	SEA
1278	157	888	SDA
1278	174	970	SEA
1278	178	1309	SEA
1278	506	1194	SEA
1278	870	334	SEA
1279	157	888	SDA
1279	174	970	SEA
1279	178	1309	SEA
1279	506	1194	SEA
1279	870	334	SEA
1280	157	901	SDA
1280	174	908	SEA
1280	178	1319	SEA
1280	506	1180	SEA
1280	870	411	SEA
1284	157	594	SDA
1284	174	1131	SDA
1284	178	1305	SEA
1284	506	1188	SEA
1284	870	623	SEA
1289	157	545	SDA
1289	174	1118	SDA
1289	178	1289	SEA
1289	506	1100	SEA
1289	870	990	SEA
1295	157	522	SDA
1295	174	1101	SDA
1295	178	914	SEA
1295	506	953	SEA
1295	870	677	SEA
1296	157	522	SDA
1296	174	1101	SDA
1296	178	914	SEA
1296	506	953	SEA
1296	870	677	SEA
1301	157	978	SDA
1301	174	694	SEA
1301	178	984	SEA
1301	506	931	SEA
1301	870	770	SEA
1306	157	478	SEA
1306	174	757	SDA
1306	178	922	SEA
1306	506	811	SEA
1306	870	839	SEA
1308	157	448	SEA
1308	174	851	SEA
1308	178	906	SEA
1308	506	896	SEA
1308	870	801	SEA
1312	157	479	SEA
1312	174	875	SEA
1312	178	830	SEA
1312	506	808	SEA
1312	870	914	SEA
1319	157	567	SEA
1319	174	757	SEA
1319	178	1077	SEA
1319	506	1425	SEA
1319	870	999	SEA
