363	187	175	SEA
363	188	302	SEA
363	945	730	SEA
363	985	519	SEA
375	187	293	SEA
375	188	301	SEA
375	945	438	SEA
375	985	448	SEA
408	187	142	SDA
408	188	283	SEA
408	945	369	SEA
408	985	746	SEA
421	187	561	SDA
421	188	523	SEA
421	188e	900	SEA
421	945	198	SDA
421	985	546	SEA
435	187	252	SDA
435	188	43	SEA
435	188e	676	SEA
435	868E	900	SEA
435	945	617	SDA
435	985	425	SEA
439	187	275	SDA
439	188	275	SDA
439	188e	591	SEA
439	868E	900	SEA
439	945	592	SDA
439	985	338	SEA
448	187	454	SDA
448	188	5	SEA
448	188e	786	SEA
448	868E	900	SEA
448	945	217	SDA
448	985	631	SEA
458	187	491	SDA
458	188	206	SDA
458	945	9	SEA
458	985	426	SEA
463	187	246	SDA
463	188	455	SEA
463	945	306	SEA
463	985	428	SEA
494	187	746	SEA
494	188	610	SDA
494	945	661	SEA
494	985	403	SEA
529	187	463	SEA
529	188	660	SEA
529	945	421	SEA
529	985	674	SEA
531	187	427	SEA
531	188	708	SEA
531	945	424	SEA
531	985	666	SEA
549	187	341	SEA
549	188	421	SEA
549	945	756	SEA
549	985	583	SEA
554	187	194	SEA
554	188	603	SEA
554	945	409	SEA
554	985	700	SEA
593	187	451	SEA
593	188	669	SEA
593	945	564	SEA
593	985	704	SEA
606	187	370	SEA
606	188	878	SEA
606	945	212	SEA
606	985	791	SEA
607	187	510	SEA
607	188	859	SEA
607	945	324	SEA
607	985	909	SEA
654	187	106	SEA
654	188	852	SEA
654	945	255	SEA
654	985	619	SEA
694	187	975	SEA
694	945	669	SEA
694	985	664	SEA
710	187	515	SEA
710	188	1875	SEA
710	945	492	SEA
710	985	741	SEA
718	187	511	SEA
718	188	818	SEA
718	945	159	SEA
718	985	782	SEA
727	187	926	SEA
727	188	1654	SEA
727	945	481	SEA
727	985	660	SEA
729	187	910	SEA
729	188	1647	SEA
729	945	478	SEA
729	985	661	SEA
751	187	676	SDA
751	188	716	SEA
751	945	394	SDA
751	985	877	SEA
757	187	333	SEA
757	188	526	SEA
757	945	518	SEA
757	985	754	SEA
760	187	397	SEA
760	188	510	SEA
760	945	455	SEA
760	985	780	SEA
761	187	416	SEA
761	188	516	SEA
761	945	422	SEA
761	985	801	SEA
768	187	838	SEA
768	188	655	SEA
768	945	377	SEA
768	985	569	SEA
770	187	758	SEA
770	188	670	SEA
770	945	390	SEA
770	985	513	SEA
771	187	723	SEA
771	188	634	SEA
771	945	395	SEA
771	985	542	SEA
772	187	723	SEA
772	188	634	SEA
772	945	395	SEA
772	985	542	SEA
773	187	847	SEA
773	188	640	SEA
773	945	519	SEA
773	985	529	SEA
774	187	858	SEA
774	188	679	SEA
774	945	559	SDA
774	985	496	SEA
778	187	767	SEA
778	188	735	SEA
778	945	686	SDA
778	985	647	SEA
791	187	749	SEA
791	188	865	SEA
791	945	479	SEA
791	985	659	SEA
798	187	5	SEA
798	188	829	SEA
798	945	78	SEA
798	985	778	SEA
801	187	5	SEA
801	188	804	SEA
801	945	237	SDA
801	985	746	SEA
804	187	144	SEA
804	188	774	SEA
804	945	157	SEA
804	985	840	SEA
808	187	432	SEA
808	188	915	SEA
808	945	45	SDA
808	985	542	SEA
810	187	955	SEA
810	188	899	SEA
810	945	224	SDA
810	985	556	SEA
819	187	669	SEA
819	188	779	SEA
819	945	763	SEA
819	985	754	SEA
834	187	571	SEA
834	188	702	SEA
834	945	344	SDA
834	985	359	SEA
840	187	629	SEA
840	188	684	SEA
840	945	271	LSD
840	985	145	SEA
847	187	486	SEA
847	188	662	SEA
847	945	307	SDA
847	985	161	SEA
853	187	557	SEA
853	188	479	SEA
853	945	318	SDA
853	985	47	SEA
859	187	763	SEA
859	188	900	SEA
859	945	707	SEA
859	985	74	SEA
863	187	371	SEA
863	188	779	SEA
863	945	197	SEA
863	985	1193	SEA
871	187	413	SEA
871	188	814	SEA
871	945	379	SDA
871	985	646	SEA
876	187	874	SEA
876	188	1720	SEA
876	945	83	SEA
876	985	530	SEA
887	187	940	SEA
887	188	573	SEA
887	945	344	SEA
887	985	352	SEA
889	187	986	SEA
889	188	619	SEA
889	945	414	SEA
889	985	290	SEA
893	187	971	SDA
893	188	668	SEA
893	945	430	SDA
893	985	282	SEA
895	187	952	SDA
895	188	656	SEA
895	945	428	SDA
895	985	489	SEA
901	187	257	SEA
901	188	902	SEA
901	945	418	SEA
901	985	490	SEA
908	187	101	SEA
908	188	911	SEA
908	945	647	SEA
908	985	876	SEA
918	187	453	SEA
918	188	699	SEA
918	945	484	SDA
918	985	597	SEA
920	187	431	SEA
920	188	735	SEA
920	945	337	SEA
920	985	600	SEA
922	187	513	SEA
922	188	1650	SEA
922	945	589	SEA
922	985	782	SEA
923	187	882	SEA
923	188	1638	SEA
923	945	659	SEA
923	985	760	SEA
924	187	905	SEA
924	188	1640	SEA
924	945	563	SEA
924	985	767	SEA
926	187	927	SEA
926	188	799	SEA
926	945	321	SEA
926	985	757	SEA
932	187	895	SEA
932	188	731	SEA
932	945	406	SEA
932	985	804	SEA
933	187	285	SEA
933	188	729	SEA
933	945	407	SEA
933	985	743	SEA
936	187	277	SEA
936	188	688	SEA
936	945	479	SEA
936	985	737	SEA
937	187	294	SEA
937	188	666	SEA
937	945	594	SEA
937	985	832	SEA
940	187	222	SEA
940	188	798	SEA
940	945	605	SEA
940	985	782	SEA
941	187	253	SEA
941	188	674	SEA
941	945	185	SEA
941	985	789	SEA
943	187	259	SEA
943	188	674	SEA
943	945	262	SEA
943	985	840	SEA
944	187	295	SEA
944	188	1223	SEA
944	945	374	SEA
944	985	852	SEA
950	187	546	SEA
950	188	550	SEA
950	945	353	SDA
950	985	894	SEA
952	187	468	SEA
952	188	506	SEA
952	945	322	SEA
952	985	992	SEA
953	187	508	SEA
953	188	472	SEA
953	945	501	SEA
953	985	722	SEA
965	187	133	SEA
965	188	337	SEA
965	945	594	SEA
965	985	706	SEA
967	187	147	SEA
967	188	385	SEA
967	945	567	SEA
967	985	823	SEA
972	187	204	SEA
972	188	574	SEA
972	945	535	SEA
972	985	527	SEA
986	187	689	SEA
986	188	509	SEA
986	945	680	SEA
986	985	542	SEA
987	187	702	SEA
987	188	561	SEA
987	945	724	SEA
987	985	526	SEA
989	187	722	SEA
989	188	597	SEA
989	945	776	SEA
989	985	562	SEA
992	187	403	SDA
992	188	257	SEA
992	945	302	SEA
992	985	800	SEA
1000	187	321	SDA
1000	188	319	SEA
1000	945	675	SDA
1000	985	504	SEA
1006	187	448	SEA
1006	188	333	SEA
1006	945	562	SEA
1006	985	722	SEA
1007	187	448	SEA
1007	188	333	SEA
1007	945	562	SEA
1007	985	722	SEA
1008	187	462	SEA
1008	188	365	SEA
1008	945	562	SEA
1008	985	574	SEA
1010	187	382	SEA
1010	188	318	SEA
1010	945	616	SEA
1010	985	563	SEA
1013	187	385	SEA
1013	188	311	SEA
1013	945	330	SEA
1013	985	556	SEA
1014	187	338	SEA
1014	188	356	SEA
1014	945	443	SEA
1014	985	668	SEA
1016	187	269	SEA
1016	188	346	SEA
1016	945	653	SEA
1016	985	655	SEA
1019	187	882	SEA
1019	188	195	SEA
1019	945	559	SEA
1019	985	627	SEA
1023	187	786	SEA
1023	188	201	SEA
1023	945	502	SEA
1023	985	841	SEA
1026	187	119	SEA
1026	188	650	SEA
1026	945	844	SEA
1026	985	836	SEA
1028	187	215	SEA
1028	188	398	SEA
1028	945	232	SEA
1028	985	891	SEA
1033	187	234	SEA
1033	188	457	SEA
1033	945	189	SDA
1033	985	717	SEA
1037	187	240	SEA
1037	188	467	SEA
1037	945	371	SEA
1037	985	648	SEA
1040	187	453	SEA
1040	188	445	SDA
1040	945	579	SDA
1040	985	597	SEA
1042	187	147	SEA
1042	188	509	SEA
1042	945	511	SDA
1042	985	587	SEA
1048	187	194	SDA
1048	188	1033	SEA
1048	945	467	SEA
1048	985	843	SEA
1049	187	133	SDA
1049	188	1076	SEA
1049	945	522	SEA
1049	985	843	SEA
1051	187	117	SEA
1051	188	1062	SEA
1051	945	314	SEA
1051	985	649	SEA
1053	187	140	SEA
1053	188	1074	SEA
1053	945	358	SEA
1053	985	649	SEA
1057	187	915	SEA
1057	188	616	SEA
1057	945	648	SEA
1057	985	637	SEA
1059	187	892	SEA
1059	188	462	SEA
1059	945	174	SDA
1059	985	760	SEA
1063	187	897	SDA
1063	188	1437	SEA
1063	945	484	SDA
1063	985	1010	SEA
1064	187	919	SDA
1064	188	1439	SEA
1064	945	500	SDA
1064	985	999	SEA
1067	187	790	SDA
1067	188	1472	SEA
1067	945	501	SDA
1067	985	413	SEA
1069	187	744	SEA
1069	188	1456	SEA
1069	945	495	SDA
1069	985	427	SEA
1071	187	127	SEA
1071	945	561	SEA
1071	985	415	SEA
1074	187	212	SDA
1074	945	528	SEA
1074	985	596	SEA
1075	187	217	SDA
1075	188	840	SEA
1075	945	520	SEA
1075	985	594	SEA
1090	187	462	SDA
1090	188	695	SEA
1090	945	426	SDA
1090	985	647	SDA
1093	187	468	SEA
1093	188	800	SEA
1093	945	359	SDA
1093	985	599	SEA
1099	187	1100	SEA
1099	188	1387	SEA
1099	945	536	SDA
1099	985	532	SDA
1103	187	635	SDA
1103	188	1307	SEA
1103	945	488	SDA
1103	985	798	SEA
1105	187	582	SDA
1105	188	423	SEA
1105	945	569	SDA
1105	985	848	SEA
1108	187	506	SDA
1108	188	624	SEA
1108	945	663	SEA
1108	985	269	SEA
1112	187	438	SDA
1112	188	677	SEA
1112	945	308	SDA
1112	985	295	SEA
1119	187	459	SDA
1119	188	557	SEA
1119	945	16	SDA
1119	985	598	SEA
1127	187	422	SDA
1127	188	451	SEA
1127	945	297	SDA
1127	985	717	SEA
1130	187	484	SDA
1130	188	451	SEA
1130	945	337	SDA
1130	985	618	SEA
1132	187	1080	SDA
1132	188	1490	SEA
1132	945	318	SEA
1132	985	648	SEA
1136	187	1089	SDA
1136	188	210	SEA
1136	945	452	SEA
1136	985	773	SDA
1140	187	354	SEA
1140	188	19	SEA
1140	945	391	SEA
1140	985	811	SDA
1146	187	330	SEA
1146	188	34	SDA
1146	945	521	SEA
1146	985	618	SEA
1149	187	249	SEA
1149	188	8	SDA
1149	945	260	SDA
1149	985	588	SEA
1153	187	340	SEA
1153	188	68	SDA
1153	945	460	SEA
1153	985	596	SDA
1154	187	302	SEA
1154	188	7	SDA
1154	945	404	SEA
1154	985	591	SDA
1157	187	272	SEA
1157	188	599	SEA
1157	945	278	SEA
1157	985	569	SEA
1164	187	721	SEA
1164	188	464	SEA
1164	945	599	SEA
1164	985	605	SEA
1168	187	753	SEA
1168	188	606	SEA
1168	945	459	SEA
1168	985	559	SDA
1181	187	818	SEA
1181	188	787	SEA
1181	945	448	SEA
1181	985	524	SEA
1183	187	782	SEA
1183	188	1581	SEA
1183	945	582	SEA
1183	985	502	SEA
1188	187	751	SDA
1188	188	628	SEA
1188	945	425	SEA
1188	985	628	SEA
1190	187	696	SDA
1190	188	568	SEA
1190	945	440	SEA
1190	985	562	SEA
1200	187	650	SDA
1200	188	805	SEA
1200	945	306	SEA
1200	985	741	SEA
1205	187	876	SDA
1205	188	671	SEA
1205	945	480	SDA
1205	985	630	SEA
1209	187	817	SDA
1209	188	818	SEA
1209	945	305	SEA
1209	985	602	SEA
1210	187	805	SDA
1210	188	781	SEA
1210	945	352	SEA
1210	985	651	SEA
1214	187	1131	SEA
1214	188	1833	SEA
1214	945	505	SDA
1214	985	747	SEA
1228	187	664	SEA
1228	188	1010	SEA
1228	945	470	SEA
1228	985	664	SEA
1239	187	721	SEA
1239	188	1019	SEA
1239	945	458	SEA
1239	985	731	SEA
1240	187	681	SEA
1240	188	979	SEA
1240	945	455	SEA
1240	985	733	SEA
1243	187	743	SEA
1243	188	839	SEA
1243	945	570	SDA
1243	985	691	SEA
1248	187	753	SEA
1248	188	539	SEA
1248	945	421	SEA
1248	985	680	SEA
1252	187	812	SEA
1252	945	567	SEA
1252	985	799	SEA
1255	187	806	SEA
1255	945	714	SEA
1255	985	701	SEA
1257	187	753	SDA
1257	945	647	SEA
1257	985	669	SEA
1264	187	776	SDA
1264	188	1121	SEA
1264	945	666	SEA
1264	985	755	SEA
1265	187	417	SEA
1265	188	1124	SEA
1265	945	708	SEA
1265	985	943	SEA
1275	187	372	SEA
1275	945	679	SDA
1275	985	476	SEA
1278	187	452	SEA
1278	945	628	SEA
1278	985	611	SEA
1280	187	464	SDA
1280	188	1232	SEA
1280	945	675	SEA
1280	985	574	SEA
1284	187	414	SDA
1284	188	1271	SEA
1284	945	696	SDA
1284	985	529	SDA
1295	187	288	SDA
1295	188	1185	SEA
1295	945	714	SEA
1295	985	637	SEA
1301	187	705	SEA
1301	188	1107	SEA
1301	945	617	SDA
1301	985	716	SEA
1306	187	401	SDA
1306	188	1032	SEA
1306	945	699	SDA
1306	985	570	SEA
1308	187	365	SDA
1308	188	1011	SEA
1308	945	704	SEA
1308	985	540	SEA
1312	187	341	SDA
1312	188	1007	SEA
1312	945	745	SEA
1312	985	574	SEA
