363	160	914	SEA
363	170	2108	SEA
363	178	295	SDA
363	184	281	SEA
363	75	712	SEA
363	960	23	SEA
363	961	334	SEA
363	979	621	SEA
375	160	601	LSD
375	178	637	SEA
375	184	476	SEA
375	75	596	SEA
375	960	377	SEA
375	961	686	SEA
375	979	945	SEA
395	160	800	SEA
395	170	780	SDA
395	178	949	SEA
395	184	71	SEA
395	75	746	SEA
395	960	224	SEA
395	961	545	SDA
395	979	197	SEA
408	160	36	SEA
408	170	561	SEA
408	178	1071	SEA
408	184	389	SEA
408	75	628	SEA
408	960	732	SEA
408	961	551	SEA
408	979	244	SEA
414	160	983	SEA
414	170	533	SDA
414	178	928	SDA
414	184	495	SEA
414	75	579	SEA
414	960	466	SEA
414	961	460	SDA
414	979	534	SEA
421	160	885	SDA
421	170	620	SDA
421	178	856	SDA
421	184	464	SEA
421	75	660	SEA
421	960	450	SEA
421	961	438	SEA
421	979	294	SDA
435	160	792	SEA
435	170	869	SDA
435	178	1131	SDA
435	184	538	SEA
435	75	570	SEA
435	960	601	SEA
435	961	419	SEA
435	979	62	SDA
439	160	1615	SDA
439	170	880	SDA
439	178	1065	SDA
439	184	355	SEA
439	75	632	SEA
439	960	565	SEA
439	961	491	SDA
439	979	139	SDA
448	160	1274	SEA
448	170	806	SDA
448	178	861	SDA
448	184	959	SEA
448	75	208	SEA
448	960	94	SDA
448	961	221	SDA
448	979	107	SDA
453	160	360	SEA
453	170	769	SDA
453	178	893	SDA
453	184	772	SEA
453	75	774	SEA
453	960	170	SDA
453	961	601	SDA
453	979	66	SDA
458	160	360	SEA
458	170	983	SDA
458	178	932	SDA
458	184	379	SEA
458	75	483	SEA
458	960	154	SDA
458	961	479	SDA
458	979	575	SDA
494	160	1728	SEA
494	170	293	SDA
494	178	754	SEA
494	184	488	SEA
494	75	510	SEA
494	960	628	SEA
494	961	10	SDA
494	979	266	SEA
512	160	1017	SEA
512	178	907	SEA
512	184	297	SEA
512	75	658	SEA
512	960	314	SEA
512	961	708	SEA
512	979	220	SDA
516	160	1032	SEA
516	178	926	SEA
516	184	320	SEA
516	75	658	SEA
516	960	289	SEA
516	961	665	SEA
516	979	200	SDA
529	160	376	SDA
529	178	764	SEA
529	184	506	SEA
529	75	576	SEA
529	960	411	SDA
529	961	409	SEA
529	979	126	SDA
531	160	321	SDA
531	178	758	SEA
531	184	371	SEA
531	75	840	SEA
531	960	461	SDA
531	961	458	SEA
531	979	793	SEA
543	160	260	SEA
543	170	1574	SEA
543	178	761	SEA
543	184	589	SEA
543	75	900	SEA
543	960	1118	SEA
543	961	520	SEA
543	979	87	SEA
554	160	87	SDA
554	178	714	SEA
554	184	553	SEA
554	75	900	SEA
554	960	254	SEA
554	961	468	SEA
554	979	145	SEA
568	160	644	SDA
568	170	2191	SDA
568	178	810	SEA
568	184	539	SEA
568	75	840	SEA
568	960	844	SEA
568	961	634	SEA
568	979	197	SEA
593	170	1423	SDA
593	178	1004	SEA
593	184	447	SEA
593	75	784	SEA
593	960	479	SEA
593	961	741	SEA
593	979	667	SEA
606	170	1214	SDA
606	178	885	SEA
606	184	481	SEA
606	75	796	SEA
606	960	855	SEA
606	961	880	SEA
606	979	235	SEA
607	170	1219	SEA
607	178	918	SEA
607	184	501	SEA
607	75	885	SEA
607	960	838	SEA
607	961	898	SEA
607	979	652	SEA
623	170	1663	SDA
623	178	1212	SEA
623	184	328	SEA
623	75	905	SEA
623	960	574	SEA
623	961	701	SEA
623	979	870	SEA
694	170	726	SDA
694	178	1423	SEA
694	184	539	SEA
694	75	785	SEA
694	960	715	SEA
694	961	780	SEA
694	979	859	SEA
710	170	1059	SEA
710	178	824	SEA
710	184	144	SEA
710	75	875	SEA
710	960	770	SEA
710	961	806	SEA
710	979	599	SEA
718	160	1544	SEA
718	170	1031	SEA
718	178	1094	SEA
718	184	194	SEA
718	75	720	SEA
718	960	1061	SEA
718	961	568	SEA
718	979	1458	SEA
720	160	1618	SEA
720	178	1147	SEA
720	184	498	SEA
720	75	699	SEA
720	960	1182	SEA
720	961	652	SEA
720	979	1470	SEA
727	160	850	SEA
727	170	1391	SEA
727	178	620	SEA
727	184	449	SEA
727	75	616	SEA
727	960	674	SEA
727	961	1010	SEA
727	979	503	SEA
729	160	893	SEA
729	170	1417	SEA
729	178	782	SEA
729	184	371	SEA
729	75	614	SEA
729	960	640	SEA
729	961	1164	SEA
729	979	484	SEA
751	160	2315	SEA
751	170	526	SEA
751	178	750	SEA
751	184	602	SEA
751	75	780	SEA
751	960	407	SEA
751	961	688	SEA
751	979	350	SDA
757	178	1175	SEA
757	184	418	SEA
757	75	954	SEA
757	960	405	SEA
757	961	636	SEA
757	979	706	SEA
760	178	1274	SEA
760	184	452	SEA
760	75	954	SEA
760	960	405	SEA
760	961	653	SEA
760	979	711	SEA
761	178	1409	SEA
761	184	302	SEA
761	75	954	SEA
761	960	368	SEA
761	961	665	SEA
761	979	775	SEA
770	178	1258	SDA
770	184	525	SEA
770	75	1001	SEA
770	960	742	SEA
770	961	732	SEA
770	979	647	SEA
771	160	2625	SEA
771	178	387	SDA
771	184	516	SEA
771	75	986	SEA
771	960	732	SEA
771	961	747	SEA
771	979	673	SEA
772	160	2625	SEA
772	178	387	SDA
772	184	516	SEA
772	75	986	SEA
772	960	732	SEA
772	961	747	SEA
772	979	673	SEA
774	178	356	SDA
774	184	559	SEA
774	75	986	SEA
774	960	819	SEA
774	961	790	SEA
774	979	648	SDA
778	178	414	SEA
778	184	582	SEA
778	75	960	SEA
778	960	581	SEA
778	961	896	SEA
778	979	732	SDA
791	160	1805	SEA
791	178	211	SEA
791	184	410	SEA
791	75	1020	SEA
791	960	739	SEA
791	961	628	SEA
791	979	586	SDA
798	160	1045	SEA
798	178	652	SEA
798	184	57	SEA
798	75	1451	SEA
798	960	800	SEA
798	961	1041	SEA
798	979	1009	SDA
801	160	1036	SEA
801	178	602	SEA
801	184	95	SEA
801	75	824	SEA
801	960	789	SEA
801	961	1066	SEA
801	979	1061	SDA
804	160	780	SEA
804	178	418	SEA
804	184	867	SEA
804	75	594	SEA
804	960	716	SEA
804	961	1001	SEA
804	979	138	SEA
808	160	374	SEA
808	178	390	SEA
808	184	480	SEA
808	75	594	SEA
808	960	794	SEA
808	961	346	SEA
808	979	141	SEA
810	160	341	SEA
810	178	361	SEA
810	184	498	SEA
810	75	533	SEA
810	960	891	SEA
810	961	357	SEA
810	979	225	SEA
819	160	1062	SEA
819	170	1322	SDA
819	178	714	SEA
819	184	553	SEA
819	75	1073	SEA
819	960	450	SEA
819	961	434	SEA
819	979	1253	SEA
834	160	492	SEA
834	170	1049	SDA
834	178	510	SEA
834	184	389	SEA
834	75	720	SEA
834	960	558	SEA
834	961	428	SEA
834	979	6	SEA
840	160	1043	SEA
840	178	1482	SEA
840	184	477	SEA
840	75	812	SEA
840	960	375	SEA
840	961	858	SEA
840	979	89	SEA
847	160	1338	SEA
847	178	555	SEA
847	184	463	SEA
847	75	720	SEA
847	960	326	SEA
847	961	582	SEA
847	979	18	SEA
853	160	369	SDA
853	170	753	SEA
853	178	893	SDA
853	184	558	SEA
853	75	860	SEA
853	960	614	SEA
853	961	592	SEA
853	979	754	SEA
859	160	588	SEA
859	170	981	SEA
859	178	1231	SDA
859	184	600	SEA
859	75	660	SEA
859	960	664	SEA
859	961	532	SEA
859	979	538	SEA
863	160	436	SEA
863	170	772	SEA
863	178	1380	SDA
863	184	557	SEA
863	75	685	SEA
863	960	752	SEA
863	961	633	SEA
863	979	562	SEA
871	160	2397	SEA
871	170	910	SEA
871	178	529	SEA
871	184	480	SEA
871	75	660	SEA
871	960	727	SEA
871	961	588	SEA
871	979	1372	SEA
876	170	845	SEA
876	178	482	SEA
876	184	531	SEA
876	75	672	SEA
876	960	717	SEA
876	961	459	SEA
876	979	1384	SEA
887	160	1825	SDA
887	170	832	SEA
887	178	554	SEA
887	184	420	SEA
887	75	688	SEA
887	960	330	SEA
887	961	588	SEA
887	979	726	SEA
889	160	852	SDA
889	170	880	SEA
889	178	580	SEA
889	184	497	SEA
889	75	721	SEA
889	960	332	SEA
889	961	634	SEA
889	979	780	SEA
893	160	1024	SDA
893	170	730	SEA
893	178	491	SEA
893	184	232	SEA
893	75	720	SEA
893	960	215	SEA
893	961	374	SEA
893	979	720	SEA
895	160	750	SDA
895	170	1564	SEA
895	178	1170	SEA
895	184	163	SEA
895	75	719	SEA
895	960	630	SEA
895	961	331	SEA
895	979	649	SEA
901	170	1388	SEA
901	178	1726	SEA
901	184	840	SEA
901	75	629	SEA
901	960	686	SEA
901	961	302	SEA
901	979	570	SEA
908	170	1634	SDA
908	178	538	SEA
908	184	557	SEA
908	75	772	SEA
908	960	658	SEA
908	961	530	SEA
908	979	499	SEA
918	170	1626	SEA
918	178	659	SEA
918	184	309	SEA
918	75	780	SEA
918	960	1335	SEA
918	961	450	SEA
918	979	689	SEA
920	170	1606	SEA
920	178	1364	SEA
920	184	360	SEA
920	75	779	SEA
920	960	1313	SEA
920	961	447	SEA
920	979	695	SEA
922	170	1526	SEA
922	178	887	SEA
922	184	459	SEA
922	75	882	SEA
922	960	686	SEA
922	961	412	SEA
922	979	808	SEA
923	170	1489	SEA
923	178	798	SEA
923	184	472	SEA
923	75	845	SEA
923	960	710	SEA
923	961	417	SEA
923	979	450	SEA
924	160	555	SDA
924	170	1403	SEA
924	178	855	SEA
924	184	440	SEA
924	75	872	SEA
924	960	726	SEA
924	961	352	SEA
924	979	498	SEA
926	160	587	SDA
926	170	1379	SEA
926	178	933	SEA
926	184	414	SEA
926	75	932	SEA
926	960	737	SEA
926	961	317	SEA
926	979	604	SEA
932	160	469	SEA
932	178	1029	SEA
932	184	453	SEA
932	75	932	SEA
932	960	763	SEA
932	961	664	SEA
932	979	521	SEA
933	160	395	SEA
933	178	1049	SEA
933	184	857	SEA
933	75	931	SEA
933	960	793	SEA
933	961	676	SEA
933	979	531	SEA
936	160	277	SEA
936	170	1825	SDA
936	178	1032	SEA
936	184	510	SEA
936	75	952	SEA
936	960	923	SEA
936	961	575	SEA
936	979	667	SEA
937	160	221	SEA
937	170	1794	SDA
937	178	550	SEA
937	184	481	SEA
937	75	950	SEA
937	960	827	SEA
937	961	719	SEA
937	979	655	SEA
940	160	94	SEA
940	170	1560	SEA
940	178	627	SEA
940	184	299	SEA
940	75	914	SEA
940	960	802	SEA
940	961	743	SEA
940	979	704	SEA
941	160	97	SEA
941	170	1575	SEA
941	178	655	SEA
941	184	259	SEA
941	75	1004	SEA
941	960	719	SEA
941	961	734	SEA
941	979	703	SEA
943	160	79	SEA
943	170	1330	SEA
943	178	671	SEA
943	184	179	SEA
943	960	766	SEA
943	961	687	SEA
943	979	695	SEA
944	160	749	SEA
944	170	1382	SEA
944	178	676	SEA
944	184	59	SEA
944	75	1004	SEA
944	960	704	SEA
944	961	705	SEA
944	979	690	SEA
950	170	1054	SEA
950	178	540	SEA
950	184	505	SEA
950	75	1182	SEA
950	960	528	SEA
950	961	728	SEA
950	979	1478	SEA
952	160	1013	SEA
952	178	551	SEA
952	184	423	SEA
952	75	1176	SEA
952	960	459	SEA
952	961	734	SEA
952	979	1476	SEA
953	160	1009	SEA
953	170	1723	SEA
953	178	608	SEA
953	184	414	SEA
953	75	1162	SEA
953	960	525	SEA
953	961	750	SEA
953	979	1469	SEA
965	170	2063	SEA
965	178	4	SEA
965	184	331	SEA
965	75	1979	SEA
965	960	749	SEA
965	961	331	SEA
965	979	601	SEA
967	170	1806	SEA
967	178	20	SEA
967	184	434	SEA
967	75	1907	SEA
967	960	725	SEA
967	961	298	SEA
967	979	599	SEA
972	160	1438	SEA
972	178	20	SEA
972	184	543	SEA
972	75	1944	SEA
972	960	818	SEA
972	961	818	SEA
972	979	567	SEA
986	170	1290	SEA
986	178	627	SEA
986	184	574	SEA
986	75	1020	SEA
986	960	424	SEA
986	961	487	SEA
986	979	360	SEA
987	170	1330	SEA
987	178	672	SEA
987	184	595	SEA
987	75	1020	SEA
987	960	430	SEA
987	961	488	SEA
987	979	373	SEA
989	170	1385	SEA
989	178	686	SEA
989	184	579	SEA
989	75	1020	SEA
989	960	426	SEA
989	961	525	SEA
989	979	347	SEA
992	170	1604	SEA
992	178	823	SEA
992	184	413	SEA
992	75	1020	SEA
992	960	433	SEA
992	961	1026	SEA
992	979	649	SEA
1000	170	1176	SEA
1000	178	1215	SEA
1000	184	541	SEA
1000	75	1126	SEA
1000	960	627	SEA
1000	961	686	SEA
1000	979	973	SEA
1006	170	1230	SDA
1006	178	1184	SEA
1006	184	539	SEA
1006	75	1020	SEA
1006	960	795	SEA
1006	961	682	SEA
1006	979	997	SEA
1007	170	1230	SDA
1007	178	1184	SEA
1007	184	539	SEA
1007	75	1020	SEA
1007	960	795	SEA
1007	961	682	SEA
1007	979	997	SEA
1008	170	1267	SEA
1008	178	1214	SEA
1008	184	585	SEA
1008	75	1020	SEA
1008	960	832	SEA
1008	961	659	SEA
1008	979	992	SEA
1010	170	1298	SEA
1010	178	675	SEA
1010	184	613	SEA
1010	75	1020	SEA
1010	960	882	SEA
1010	961	610	SEA
1010	979	549	SEA
1013	170	1381	SEA
1013	178	771	SEA
1013	184	541	SEA
1013	75	1020	SEA
1013	960	864	SEA
1013	961	892	SEA
1013	979	562	SEA
1014	170	1380	SEA
1014	178	906	SEA
1014	184	540	SEA
1014	75	1066	SEA
1014	960	842	SEA
1014	961	873	SEA
1014	979	551	SEA
1016	170	1208	SEA
1016	178	1137	SEA
1016	184	511	SEA
1016	75	997	SEA
1016	960	376	SEA
1016	961	915	SEA
1016	979	458	SEA
1019	170	1230	SEA
1019	178	1092	SEA
1019	184	560	SEA
1019	75	1001	SEA
1019	960	312	SEA
1019	961	959	SEA
1019	979	424	SEA
1023	178	1088	SEA
1023	184	422	SEA
1023	75	927	SEA
1023	960	304	SEA
1023	961	845	SEA
1023	979	365	SEA
1026	178	1085	SEA
1026	184	336	SEA
1026	75	1004	SEA
1026	960	311	SEA
1026	961	972	SEA
1026	979	310	SEA
1028	160	419	SEA
1028	178	877	SEA
1028	184	393	SEA
1028	75	1004	SEA
1028	960	290	SEA
1028	961	1022	SEA
1028	979	595	SEA
1033	170	2081	SEA
1033	178	947	SEA
1033	184	401	SEA
1033	75	883	SEA
1033	960	458	SEA
1033	961	993	SEA
1033	979	823	SEA
1037	170	1922	SEA
1037	178	1043	SEA
1037	184	348	SEA
1037	75	925	SEA
1037	960	1059	SEA
1037	961	906	SEA
1037	979	764	SEA
1040	160	669	SEA
1040	170	1811	SEA
1040	178	1017	SEA
1040	184	287	SEA
1040	75	938	SEA
1040	960	1421	SEA
1040	961	939	SEA
1040	979	796	SEA
1042	160	715	SEA
1042	170	1771	SEA
1042	178	990	SEA
1042	184	322	SEA
1042	75	900	SEA
1042	960	1373	SEA
1042	961	800	SEA
1042	979	712	SEA
1048	160	1508	SEA
1048	170	1211	SDA
1048	178	585	SEA
1048	184	423	SEA
1048	75	900	SEA
1048	960	527	SEA
1048	961	1183	SEA
1048	979	784	SEA
1049	160	1540	SEA
1049	170	1039	SDA
1049	178	601	SEA
1049	184	455	SEA
1049	75	922	SEA
1049	960	518	SEA
1049	961	1161	SEA
1049	979	738	SDA
1051	160	1600	SEA
1051	170	1093	SDA
1051	178	562	SEA
1051	184	489	SEA
1051	75	958	SEA
1051	960	541	SEA
1051	961	1157	SEA
1051	979	719	SDA
1053	160	1609	SEA
1053	170	1075	SDA
1053	178	586	SEA
1053	184	314	SEA
1053	75	956	SEA
1053	960	573	SEA
1053	961	1166	SEA
1053	979	704	SDA
1057	160	1862	SEA
1057	170	1046	SDA
1057	178	636	SEA
1057	184	432	SEA
1057	75	900	SEA
1057	960	315	SEA
1057	961	552	SEA
1057	979	535	SEA
1059	160	1987	SEA
1059	170	1013	SDA
1059	178	706	SEA
1059	184	320	SEA
1059	75	900	SEA
1059	960	347	SEA
1059	961	489	SEA
1059	979	527	SEA
1063	160	78	SEA
1063	170	1102	SDA
1063	178	522	SEA
1063	184	367	SEA
1063	75	900	SEA
1063	960	336	SDA
1063	961	751	SEA
1063	979	477	SEA
1064	160	2349	SEA
1064	170	913	SDA
1064	178	1206	SEA
1064	184	431	SEA
1064	75	931	SEA
1064	960	255	SDA
1064	961	699	SEA
1064	979	453	SEA
1067	170	901	SDA
1067	178	1251	SEA
1067	184	354	SEA
1067	75	961	SEA
1067	960	260	SDA
1067	961	708	SEA
1067	979	468	SEA
1069	170	913	SDA
1069	178	1240	SEA
1069	184	274	SEA
1069	75	978	SEA
1069	960	249	SDA
1069	961	662	SEA
1069	979	385	SEA
1071	170	833	SDA
1071	178	1168	SDA
1071	184	456	SEA
1071	75	900	SEA
1071	960	1212	SEA
1071	961	682	SEA
1071	979	1407	SEA
1074	160	359	SEA
1074	170	17	SDA
1074	178	629	SEA
1074	184	584	SEA
1074	75	900	SEA
1074	960	286	SEA
1074	961	678	SEA
1074	979	1475	SEA
1075	160	299	SEA
1075	170	27	SDA
1075	178	686	SEA
1075	184	580	SEA
1075	75	900	SEA
1075	960	379	SEA
1075	961	630	SEA
1075	979	1500	SEA
1090	160	439	SEA
1090	170	334	SDA
1090	178	661	SEA
1090	184	379	SEA
1090	75	960	SEA
1090	960	443	SEA
1090	961	591	SEA
1090	979	28	SDA
1093	160	117	LSD
1093	170	1249	SDA
1093	178	1012	SEA
1093	184	179	SEA
1093	75	960	SEA
1093	960	401	SEA
1093	961	810	SEA
1093	979	29	SDA
1099	160	799	LSD
1099	170	175	SEA
1099	178	1089	SEA
1099	184	370	SEA
1099	75	918	SEA
1099	960	879	SEA
1099	961	756	SEA
1099	979	110	LSD
1103	160	1254	SDA
1103	170	72	SEA
1103	178	912	SEA
1103	184	385	SEA
1103	75	960	SEA
1103	960	376	SDA
1103	961	430	SDA
1103	979	9	SDA
1105	160	1751	SEA
1105	170	169	SEA
1105	178	856	SEA
1105	184	320	SEA
1105	75	960	SEA
1105	960	310	SDA
1105	961	434	SDA
1105	979	4	SEA
1108	160	1627	SEA
1108	170	81	SEA
1108	178	896	SEA
1108	184	356	SEA
1108	75	960	SEA
1108	960	338	SDA
1108	961	411	SDA
1108	979	126	SEA
1112	160	1257	SEA
1112	170	39	SEA
1112	178	877	SEA
1112	184	504	SEA
1112	75	1058	SEA
1112	960	312	SDA
1112	961	409	SDA
1112	979	94	SEA
1119	160	1055	SEA
1119	170	1055	SEA
1119	178	753	SEA
1119	184	489	SEA
1119	75	960	SEA
1119	960	1011	SEA
1119	961	1471	SEA
1119	979	764	SEA
1127	160	1047	SEA
1127	170	577	SEA
1127	178	578	SEA
1127	184	187	SEA
1127	75	1041	SEA
1127	960	637	SEA
1127	961	824	SEA
1127	979	183	SDA
1132	160	942	SEA
1132	170	464	SEA
1132	178	610	SDA
1132	184	656	SEA
1132	75	1103	SEA
1132	960	584	SEA
1132	961	812	SEA
1132	979	138	SDA
1136	160	936	SEA
1136	170	506	SEA
1136	178	521	SDA
1136	184	616	SEA
1136	75	1103	SEA
1136	960	451	SEA
1136	961	761	SEA
1136	979	13	SDA
1140	160	1668	SEA
1140	170	1235	SDA
1140	178	1303	SEA
1140	184	542	SEA
1140	75	1103	SEA
1140	960	497	SEA
1140	961	926	SEA
1140	979	3	SDA
1146	160	1517	SEA
1146	170	1041	SEA
1146	178	1643	SEA
1146	184	409	SEA
1146	75	1089	SEA
1146	960	543	SEA
1146	961	841	SEA
1146	979	454	SEA
1149	160	848	SEA
1149	170	1038	SEA
1149	178	721	SEA
1149	184	467	SEA
1149	75	1079	SEA
1149	960	498	SEA
1149	961	890	SEA
1149	979	851	SEA
1153	160	837	SEA
1153	170	880	SEA
1153	178	787	SEA
1153	184	436	SEA
1153	75	1080	SEA
1153	960	638	SEA
1153	961	1713	SEA
1153	979	761	SEA
1154	160	835	SEA
1154	170	877	SEA
1154	178	786	SEA
1154	184	451	SEA
1154	75	1080	SEA
1154	960	681	SEA
1154	961	1715	SEA
1154	979	819	SEA
1157	160	818	SEA
1157	170	806	SEA
1157	178	756	SEA
1157	184	448	SEA
1157	75	1080	SEA
1157	960	666	SEA
1157	961	1752	SEA
1157	979	271	SDA
1164	170	951	SEA
1164	178	1078	SEA
1164	184	326	SEA
1164	75	1130	SEA
1164	960	592	SEA
1164	961	1736	SEA
1164	979	190	SDA
1168	160	1161	SEA
1168	178	961	SEA
1168	184	192	SEA
1168	75	1080	SEA
1168	960	596	SEA
1168	961	899	SEA
1168	979	376	SEA
1181	160	1579	SEA
1181	170	2575	SEA
1181	178	955	SEA
1181	184	259	SEA
1181	75	1205	SEA
1181	960	921	SEA
1181	961	789	SEA
1181	979	432	SEA
1183	160	1551	SEA
1183	178	964	SEA
1183	184	119	SEA
1183	75	1117	SEA
1183	960	1037	SEA
1183	961	815	SEA
1183	979	498	SEA
1188	160	1512	SEA
1188	178	970	SEA
1188	184	570	SEA
1188	75	1117	SEA
1188	960	976	SEA
1188	961	1031	SEA
1188	979	898	SEA
1190	160	1511	SEA
1190	178	1058	SEA
1190	184	608	SEA
1190	75	1117	SEA
1190	960	898	SEA
1190	961	1102	SEA
1190	979	873	SEA
1200	160	1289	SEA
1200	178	1270	SEA
1200	184	727	SEA
1200	75	1312	SEA
1200	960	814	SEA
1200	961	774	SEA
1200	979	104	SEA
1205	170	1728	SDA
1205	178	1187	SEA
1205	184	659	SEA
1205	75	960	SEA
1205	960	727	SEA
1205	961	889	SEA
1205	979	10	SEA
1209	160	1847	SEA
1209	170	1713	SDA
1209	178	1149	SEA
1209	184	660	SEA
1209	75	960	SEA
1209	960	786	SEA
1209	961	1581	SEA
1209	979	10	SEA
1210	160	1787	SEA
1210	170	1799	SDA
1210	178	1075	SEA
1210	184	419	SEA
1210	75	960	SEA
1210	960	648	SEA
1210	961	712	SEA
1210	979	241	SEA
1214	160	131	SEA
1214	170	1661	SEA
1214	178	1077	SEA
1214	184	660	SEA
1214	75	959	SEA
1214	960	731	SEA
1214	961	757	SEA
1214	979	378	SEA
1228	160	689	SEA
1228	170	965	SDA
1228	178	1190	SEA
1228	184	742	SEA
1228	75	900	SEA
1228	960	634	SEA
1228	961	728	SEA
1228	979	60	SEA
1239	170	902	SEA
1239	178	1545	SEA
1239	184	599	SEA
1239	75	824	SEA
1239	960	1273	SEA
1239	961	1079	SEA
1239	979	325	SEA
1240	170	934	SEA
1240	178	1546	SEA
1240	184	559	SEA
1240	75	900	SEA
1240	960	1355	SEA
1240	961	1072	SEA
1240	979	541	SEA
1243	170	852	SEA
1243	178	1541	SEA
1243	184	507	SEA
1243	75	900	SEA
1243	960	840	SEA
1243	961	1100	SEA
1243	979	538	SEA
1248	178	992	SEA
1248	184	521	SEA
1248	75	892	SEA
1248	960	916	SEA
1248	961	996	SEA
1248	979	309	SEA
1252	178	1053	SEA
1252	184	499	SEA
1252	75	865	SEA
1252	960	923	SEA
1252	961	840	SEA
1252	979	255	SEA
1255	170	2079	SDA
1255	178	1186	SEA
1255	184	539	SEA
1255	75	900	SEA
1255	960	931	SEA
1255	961	880	SEA
1255	979	595	SEA
1257	170	2073	SDA
1257	178	1207	SEA
1257	184	536	SEA
1257	75	900	SEA
1257	960	967	SEA
1257	961	903	SEA
1257	979	591	SEA
1264	170	1762	SDA
1264	178	1453	SEA
1264	184	713	SEA
1264	75	1066	SEA
1264	960	1067	SEA
1264	961	1068	SEA
1264	979	1143	SEA
1265	178	1490	SEA
1265	184	689	SEA
1265	75	1100	SEA
1265	960	750	SEA
1265	961	763	SEA
1265	979	1103	SEA
1275	178	944	SEA
1275	184	663	SEA
1275	75	839	SEA
1275	960	790	SEA
1275	961	748	SDA
1275	979	24	SEA
1278	178	1040	SEA
1278	184	621	SEA
1278	75	809	SEA
1278	960	795	SEA
1278	961	727	SDA
1278	979	20	SEA
1279	178	1040	SEA
1279	184	621	SEA
1279	75	809	SEA
1279	960	795	SEA
1279	961	727	SDA
1279	979	20	SEA
1280	178	1150	SEA
1280	184	625	SEA
1280	75	780	SEA
1280	960	786	SEA
1280	961	696	SEA
1280	979	8	SEA
1284	178	1010	SEA
1284	184	539	SEA
1284	75	797	SEA
1284	960	658	SEA
1284	961	665	SEA
1284	979	10	SEA
1295	178	1327	SEA
1295	184	574	SEA
1295	75	840	SEA
1295	960	621	SEA
1295	961	939	SEA
1295	979	156	SEA
1296	178	1327	SEA
1296	184	574	SEA
1296	75	840	SEA
1296	960	621	SEA
1296	961	939	SEA
1296	979	156	SEA
1301	178	1054	SEA
1301	184	541	SEA
1301	75	840	SEA
1301	960	744	SEA
1301	961	1314	SEA
1301	979	1104	SEA
1306	178	720	SEA
1306	184	726	SEA
1306	75	1023	SEA
1306	960	892	SEA
1306	961	1253	SEA
1306	979	163	SEA
1308	178	796	SEA
1308	184	694	SEA
1308	75	961	SEA
1308	960	910	SEA
1308	961	1217	SEA
1308	979	178	SEA
1312	160	153	SEA
1312	178	991	SEA
1312	184	600	SEA
1312	75	960	SEA
1312	960	980	SEA
1312	961	1331	SEA
1312	979	195	SEA
1319	160	38	SEA
1319	178	1664	SEA
1319	184	319	SEA
1319	75	960	SEA
1319	960	855	SEA
1319	961	1624	SEA
1319	979	134	SEA
