363	160	739	SEA
363	180	511	SEA
363	187	175	SEA
363	188	258	SEA
363	985	519	SEA
375	160	1043	SEA
375	180	307	SEA
375	187	471	SEA
375	188	439	SEA
375	985	478	SEA
385	160	732	SEA
385	180	656	SEA
385	187	235	SEA
385	188	327	SEA
385	985	495	SEA
408	160	36	SEA
408	180	109	SDA
408	187	142	SDA
408	188	283	SEA
408	985	746	SEA
409	160	8	SEA
409	180	127	SDA
409	187	157	SDA
409	188	319	SEA
409	985	732	SEA
414	160	19	SEA
414	180	402	SEA
414	187	370	SDA
414	188	417	SEA
414	985	394	SEA
421	160	830	SEA
421	180	148	SDA
421	187	518	SEA
421	188	10	SEA
421	985	459	SEA
422	160	818	SEA
422	180	237	SDA
422	187	489	SEA
422	188	43	SEA
422	985	533	SEA
435	160	829	SEA
435	180	518	SEA
435	187	262	SDA
435	188	340	SDA
435	985	419	SEA
439	160	711	SDA
439	180	376	SEA
439	187	850	SDA
439	188	279	SDA
439	985	339	SEA
448	160	1219	SEA
448	180	103	SEA
448	187	454	SDA
448	188	125	SEA
448	982E	900	SEA
448	985	276	SEA
453	160	1205	SDA
453	180	49	SDA
453	187	476	SDA
453	188	137	SDA
453	982E	823	SEA
453	985	340	SEA
458	160	1177	SEA
458	180	191	SEA
458	187	376	SDA
458	188	351	SEA
458	982E	760	SEA
458	985	484	SEA
463	160	139	SEA
463	180	233	SEA
463	187	246	SDA
463	188	455	SEA
463	982E	694	SEA
463	985	428	SEA
490	160	696	SEA
490	180	76	SDA
490	187	734	SEA
490	188	567	SDA
490	985	365	SEA
494	160	757	SEA
494	180	1215	SEA
494	187	746	SEA
494	188	310	SEA
494	985	500	SEA
500	160	2042	SEA
500	180	1282	SEA
500	187	359	SEA
500	188	319	SDA
500	985	588	SEA
505	180	714	SDA
505	187	418	SEA
505	188	368	SEA
505	985	637	SEA
512	160	1001	SEA
512	180	703	SEA
512	187	384	SEA
512	188	625	SEA
512	985	698	SEA
513	160	1004	SEA
513	180	726	SEA
513	187	426	SEA
513	188	593	SEA
513	985	692	SEA
516	160	1016	SEA
516	180	726	SEA
516	187	434	SEA
516	188	579	SEA
516	985	699	SEA
529	160	376	SDA
529	180	22	SEA
529	187	416	SEA
529	188	685	SEA
529	985	702	SEA
536	160	370	SEA
536	180	182	SEA
536	187	768	SEA
536	188	545	SEA
536	985	731	SEA
542	160	260	SEA
542	180	1071	SEA
542	187	705	SEA
542	188	519	SEA
542	985	653	SEA
543	160	260	SEA
543	180	1071	SEA
543	187	705	SEA
543	188	519	SEA
543	985	653	SEA
549	160	468	SEA
549	180	48	SEA
549	187	356	SEA
549	188	422	SEA
549	985	595	SEA
554	180	86	SEA
554	187	206	SEA
554	188	536	SEA
554	985	714	SEA
568	160	643	SDA
568	180	774	SEA
568	187	486	SDA
568	188	349	SEA
568	985	786	SEA
578	160	498	SEA
578	180	313	SEA
578	187	987	SEA
578	188	186	SEA
578	985	819	SEA
593	160	10	SDA
593	180	415	SEA
593	187	530	SEA
593	188	629	SEA
593	985	662	SEA
596	160	7	SEA
596	180	379	SEA
596	187	268	SEA
596	188	733	SEA
596	985	746	SEA
606	180	651	SEA
606	187	492	SEA
606	188	900	SEA
606	985	899	SEA
607	180	562	SEA
607	187	510	SEA
607	188	899	SEA
607	985	828	SEA
610	180	585	SEA
610	187	584	SEA
610	188	848	SEA
610	985	904	SEA
615	180	288	SEA
615	187	524	SEA
615	188	869	SEA
615	985	848	SEA
623	180	713	SEA
623	187	1304	SEA
623	188	899	SEA
623	985	78	SEA
624	180	763	SEA
624	187	1353	SEA
624	188	819	SEA
624	985	180	SEA
629	160	841	SEA
629	180	1265	SEA
629	187	134	SEA
629	188	783	SEA
629	985	505	SEA
637	160	948	SEA
637	180	1224	SEA
637	187	237	SEA
637	188	899	SEA
637	985	779	SEA
654	160	667	SEA
654	180	1425	SEA
654	187	764	SEA
654	188	847	SEA
654	985	641	SEA
667	160	1744	SEA
667	180	702	SEA
667	187	732	SEA
667	188	899	SEA
667	985	670	SEA
673	160	450	SEA
673	180	840	SEA
673	187	801	SEA
673	188	539	SEA
673	985	664	SEA
684	160	399	SEA
684	180	880	SEA
684	187	598	SEA
684	985	521	SEA
692	160	1371	SEA
692	180	728	SEA
692	187	1137	SEA
692	985	680	SEA
694	160	1308	SEA
694	180	707	SEA
694	187	975	SEA
694	985	701	SEA
710	160	1591	SEA
710	180	1190	SEA
710	187	498	SEA
710	188	1865	SEA
710	985	750	SEA
718	180	771	SEA
718	187	582	SEA
718	188	1019	SEA
718	985	791	SEA
720	180	719	SEA
720	187	672	SEA
720	188	859	SEA
720	985	779	SEA
727	160	850	SEA
727	180	756	SEA
727	187	926	SEA
727	188	1656	SEA
727	985	671	SEA
729	160	893	SEA
729	180	756	SEA
729	187	910	SEA
729	188	1649	SEA
729	985	672	SEA
736	160	613	SEA
736	180	419	SEA
736	187	550	SEA
736	188	660	SEA
736	985	719	SEA
739	160	527	SEA
739	180	582	SEA
739	187	613	SEA
739	188	643	SEA
739	985	753	SEA
740	160	546	SEA
740	180	556	SEA
740	187	574	SEA
740	188	593	SEA
740	985	764	SDA
745	160	483	SEA
745	180	795	SEA
745	187	687	SEA
745	188	522	SEA
745	985	751	SEA
749	160	398	SEA
749	180	761	SEA
749	187	304	SEA
749	188	659	SEA
749	985	764	SEA
751	160	404	SEA
751	180	726	SEA
751	187	338	SEA
751	188	599	SEA
751	985	771	SEA
757	160	2223	SEA
757	180	1107	SEA
757	187	331	SEA
757	188	532	SEA
757	985	779	SEA
759	160	2176	SEA
759	180	1052	SEA
759	187	369	SEA
759	188	561	SEA
759	985	759	SEA
760	160	2171	SEA
760	180	1018	SEA
760	187	338	SEA
760	188	541	SEA
760	985	740	SEA
761	160	2185	SEA
761	180	1124	SEA
761	187	785	SEA
761	188	522	SEA
761	985	826	SEA
765	180	615	SEA
765	187	805	SEA
765	188	675	SEA
765	985	615	SEA
770	180	517	SEA
770	187	697	SEA
770	188	676	SEA
770	985	537	SEA
771	180	508	SEA
771	187	723	SEA
771	188	640	SEA
771	985	566	SEA
772	180	508	SEA
772	187	723	SEA
772	188	640	SEA
772	985	566	SEA
774	180	580	SEA
774	187	858	SEA
774	188	746	SEA
774	985	520	SEA
775	180	580	SEA
775	187	858	SEA
775	188	746	SEA
775	985	520	SEA
778	160	1661	SEA
778	180	607	SEA
778	187	767	SEA
778	188	732	SEA
778	985	647	SEA
779	180	620	SDA
779	187	945	SEA
779	188	744	SEA
779	985	593	SEA
783	180	712	SEA
783	187	804	SEA
783	188	900	SEA
783	985	532	SDA
791	180	711	SEA
791	187	758	SEA
791	188	863	SEA
791	985	678	SEA
798	160	1045	SEA
798	180	876	SEA
798	187	5	SEA
798	188	827	SEA
798	985	791	SEA
801	160	1036	SEA
801	180	550	SEA
801	187	5	SEA
801	188	900	SEA
801	985	753	SEA
804	160	780	SEA
804	180	532	SEA
804	187	164	SEA
804	188	821	SEA
804	985	659	SEA
808	160	724	SEA
808	180	577	SEA
808	187	936	SEA
808	188	900	SEA
808	985	549	SEA
810	160	744	SDA
810	180	575	SEA
810	187	955	SEA
810	188	884	SEA
810	985	563	SEA
819	160	349	SEA
819	180	1149	SEA
819	187	668	SEA
819	188	779	SEA
819	985	761	SEA
834	160	466	SEA
834	180	835	SEA
834	187	589	SEA
834	188	779	SEA
834	985	419	SEA
840	160	496	SEA
840	180	572	SEA
840	187	626	SEA
840	188	686	SEA
840	985	165	SEA
847	160	1591	SEA
847	180	393	SEA
847	187	486	SEA
847	188	879	SEA
847	985	161	SEA
853	160	369	SDA
853	180	515	SEA
853	187	811	SEA
853	188	479	SEA
853	985	47	SEA
859	160	568	SEA
859	180	725	SEA
859	187	763	SEA
859	188	900	SEA
859	985	479	SEA
863	160	412	SEA
863	180	783	SEA
863	187	378	SEA
863	188	859	SEA
863	985	1163	SEA
871	160	289	SEA
871	180	890	SEA
871	187	956	SEA
871	188	814	SEA
871	985	646	SEA
876	160	1414	SEA
876	180	501	SEA
876	187	873	SEA
876	188	900	SEA
876	985	550	SEA
887	180	867	SEA
887	187	940	SEA
887	188	568	SEA
887	985	372	SEA
889	160	852	SDA
889	180	882	SEA
889	187	986	SEA
889	188	614	SEA
889	985	310	SEA
893	160	1024	SDA
893	180	810	SEA
893	187	971	SDA
893	188	847	SEA
893	985	302	SEA
895	160	735	SDA
895	180	586	SEA
895	187	226	SEA
895	188	863	SEA
895	985	489	SEA
901	160	753	SDA
901	180	875	SEA
901	187	257	SEA
901	188	898	SEA
901	985	682	SEA
908	180	587	SEA
908	187	101	SEA
908	188	934	SEA
908	985	726	SEA
918	180	867	SEA
918	187	959	SEA
918	188	703	SEA
918	985	600	SEA
920	180	894	SEA
920	187	962	SEA
920	188	739	SEA
920	985	603	SEA
922	160	2678	SEA
922	180	1051	SEA
922	187	890	SEA
922	188	741	SEA
922	985	813	SEA
923	180	933	SEA
923	187	882	SEA
923	188	745	SEA
923	985	799	SEA
924	160	555	SDA
924	180	928	SEA
924	187	905	SEA
924	188	745	SEA
924	985	782	SEA
926	160	587	SDA
926	180	935	SEA
926	187	927	SEA
926	188	799	SEA
926	985	760	SEA
932	160	469	SEA
932	180	832	SEA
932	187	295	SEA
932	188	735	SEA
932	985	807	SEA
933	160	395	SEA
933	180	747	SEA
933	187	285	SEA
933	188	733	SEA
933	985	746	SEA
936	160	277	SEA
936	180	860	SEA
936	187	277	SEA
936	188	692	SEA
936	985	740	SEA
937	160	221	SEA
937	180	830	SEA
937	187	294	SEA
937	188	670	SEA
937	985	797	SEA
940	160	94	SEA
940	180	792	SEA
940	187	222	SEA
940	188	707	SEA
940	985	785	SEA
941	160	97	SEA
941	180	760	SEA
941	187	253	SEA
941	188	655	SEA
941	985	792	SEA
943	160	79	SEA
943	180	520	SEA
943	187	259	SEA
943	188	655	SEA
943	985	843	SEA
944	160	90	SEA
944	180	518	SEA
944	187	257	SEA
944	188	1194	SEA
944	985	860	SEA
950	160	854	SEA
950	180	533	SEA
950	187	422	SEA
950	188	531	SEA
950	985	916	SEA
952	160	1003	SEA
952	180	634	SEA
952	187	454	SEA
952	188	489	SEA
952	985	770	SEA
953	160	999	SEA
953	180	624	SEA
953	187	494	SEA
953	188	455	SEA
953	985	749	SEA
965	160	846	SEA
965	180	774	SEA
965	187	133	SEA
965	188	337	SEA
965	985	733	SEA
967	180	743	SEA
967	187	862	SEA
967	188	341	SEA
967	985	599	SEA
972	160	1434	SEA
972	180	515	SEA
972	187	204	SEA
972	188	177	SEA
972	985	554	SEA
986	180	668	SEA
986	187	690	SEA
986	188	362	SEA
986	985	569	SEA
987	180	632	SEA
987	187	412	SEA
987	188	315	SEA
987	985	553	SEA
989	180	706	SEA
989	187	400	SEA
989	188	292	SEA
989	985	589	SEA
992	160	667	SEA
992	180	631	SEA
992	187	463	SDA
992	188	299	SEA
992	985	573	SEA
1000	180	552	SEA
1000	187	465	SEA
1000	188	465	SEA
1000	985	532	SEA
1006	180	936	SEA
1006	187	298	SEA
1006	188	336	SEA
1006	985	593	SEA
1007	180	936	SEA
1007	187	298	SEA
1007	188	336	SEA
1007	985	593	SEA
1008	180	917	SEA
1008	187	304	SEA
1008	188	368	SEA
1008	985	602	SEA
1010	180	921	SEA
1010	187	411	SEA
1010	188	384	SEA
1010	985	572	SEA
1013	180	328	SEA
1013	187	861	SEA
1013	188	390	SEA
1013	985	584	SEA
1014	180	438	SEA
1014	187	878	SEA
1014	188	349	SEA
1014	985	668	SEA
1016	180	350	SEA
1016	187	860	SEA
1016	188	316	SEA
1016	985	855	SEA
1019	180	417	SEA
1019	187	147	SEA
1019	188	195	SEA
1019	985	894	SEA
1023	180	266	SEA
1023	187	184	SEA
1023	188	645	SEA
1023	985	856	SEA
1026	180	592	SEA
1026	187	119	SEA
1026	188	420	SEA
1026	985	851	SEA
1028	180	617	SEA
1028	187	215	SEA
1028	188	401	SEA
1028	985	839	SEA
1033	180	831	SEA
1033	187	234	SEA
1033	188	454	SEA
1033	985	744	SEA
1037	180	801	SEA
1037	187	461	SEA
1037	188	257	SEA
1037	985	675	SEA
1040	160	665	SEA
1040	180	1067	SEA
1040	187	272	SEA
1040	188	422	SEA
1040	985	624	SEA
1042	160	682	SEA
1042	180	1006	SEA
1042	187	159	SEA
1042	188	508	SEA
1042	985	607	SEA
1048	180	942	SEA
1048	187	194	SDA
1048	188	1039	SEA
1048	985	856	SEA
1049	160	1536	SEA
1049	180	885	SDA
1049	187	666	SEA
1049	188	1082	SEA
1049	985	856	SEA
1051	160	1596	SEA
1051	180	585	SEA
1051	187	873	SEA
1051	188	1068	SEA
1051	985	677	SEA
1053	160	1605	SEA
1053	180	585	SEA
1053	187	931	SEA
1053	188	1080	SEA
1053	985	677	SEA
1057	160	1830	SEA
1057	180	435	SEA
1057	187	972	SEA
1057	188	1358	SEA
1057	985	651	SEA
1059	160	1983	SEA
1059	180	453	SEA
1059	187	891	SEA
1059	188	1442	SEA
1059	985	788	SEA
1063	160	78	SEA
1063	180	465	SEA
1063	187	137	SEA
1063	188	1445	SEA
1063	985	485	SEA
1064	160	100	SEA
1064	180	569	SEA
1064	187	148	SEA
1064	188	840	SEA
1064	985	469	SEA
1067	160	61	SEA
1067	180	389	SEA
1067	187	162	SDA
1067	188	840	SEA
1067	985	454	SEA
1069	160	117	SEA
1069	180	449	SEA
1069	187	197	SDA
1069	188	840	SEA
1069	985	468	SEA
1071	160	2476	SEA
1071	180	329	SEA
1071	187	126	SEA
1071	188	840	SEA
1071	985	456	SEA
1074	180	432	SEA
1074	187	179	SDA
1074	188	840	SEA
1074	985	595	SEA
1075	180	487	SEA
1075	187	184	SDA
1075	188	840	SEA
1075	985	593	SEA
1090	180	820	SEA
1090	187	462	SDA
1090	188	749	SEA
1090	985	647	SDA
1093	180	795	SDA
1093	187	1066	SEA
1093	188	779	SEA
1093	985	599	SEA
1099	160	782	LSD
1099	180	852	SEA
1099	187	1099	SEA
1099	188	1448	SEA
1099	985	448	SEA
1103	160	1227	SDA
1103	180	975	SEA
1103	187	644	SDA
1103	188	1368	SEA
1103	985	797	SEA
1105	180	1042	SEA
1105	187	582	SDA
1105	188	471	SEA
1105	985	392	SEA
1108	160	1615	SEA
1108	180	266	SDA
1108	187	515	SDA
1108	188	638	SEA
1108	985	349	SEA
1112	160	1245	SEA
1112	180	375	SEA
1112	187	447	SDA
1112	188	643	SEA
1112	985	375	SEA
1119	160	1023	SEA
1119	180	228	SDA
1119	187	658	SDA
1119	188	604	SEA
1119	985	587	SEA
1127	160	1030	SEA
1127	180	353	SEA
1127	187	1106	SEA
1127	188	448	SEA
1127	985	717	SEA
1130	160	990	SEA
1130	180	382	SEA
1130	187	1056	SDA
1130	188	448	SEA
1130	985	835	SEA
1132	160	926	SEA
1132	180	385	SEA
1132	187	1080	SDA
1132	188	1487	SEA
1132	985	869	SDA
1136	160	920	SEA
1136	180	238	SEA
1136	187	309	SEA
1136	188	207	SEA
1136	985	849	SDA
1140	160	870	SEA
1140	180	1322	SEA
1140	187	354	SEA
1140	188	29	SDA
1140	985	960	SEA
1146	160	1022	SEA
1146	180	706	SEA
1146	187	279	SEA
1146	188	51	SDA
1146	985	738	SEA
1149	160	818	SEA
1149	180	763	SEA
1149	187	249	SEA
1149	188	8	SDA
1149	985	664	SEA
1153	160	815	SEA
1153	180	766	SEA
1153	187	652	SEA
1153	188	600	SEA
1153	985	672	SDA
1154	160	813	SEA
1154	180	740	SEA
1154	187	690	SEA
1154	188	600	SEA
1154	985	667	SDA
1157	160	803	SEA
1157	180	772	SEA
1157	187	684	SEA
1157	188	599	SEA
1157	985	645	SEA
1164	180	538	SEA
1164	187	721	SEA
1164	188	467	SEA
1164	985	633	SEA
1168	160	1161	SEA
1168	180	407	SEA
1168	187	753	SEA
1168	188	606	SEA
1168	985	587	SDA
1181	160	1589	SEA
1181	180	414	SEA
1181	187	936	SDA
1181	188	1546	SEA
1181	985	552	SEA
1183	160	1561	SEA
1183	180	458	SEA
1183	187	772	SDA
1183	188	1576	SEA
1183	985	530	SEA
1188	160	1522	SEA
1188	180	421	SEA
1188	187	758	SDA
1188	188	623	SEA
1188	985	643	SEA
1190	160	1521	SEA
1190	180	418	SEA
1190	187	703	SDA
1190	188	563	SEA
1190	985	574	SEA
1200	160	1189	SEA
1200	180	532	SEA
1200	187	885	SEA
1200	188	798	SEA
1200	985	659	SEA
1205	180	851	SEA
1205	187	876	SDA
1205	188	899	SEA
1205	985	638	SEA
1209	180	505	SEA
1209	187	1503	SEA
1209	188	766	SEA
1209	985	610	SEA
1210	180	520	SEA
1210	187	865	SEA
1210	188	774	SEA
1210	985	659	SEA
1214	160	1567	SEA
1214	180	529	SEA
1214	187	1076	SEA
1214	188	723	SEA
1214	985	677	SEA
1228	160	689	SEA
1228	180	708	SEA
1228	187	659	SEA
1228	188	1012	SEA
1228	985	672	SEA
1239	180	1050	SEA
1239	187	651	SEA
1239	188	1019	SEA
1239	985	726	SEA
1240	180	1059	SEA
1240	187	694	SEA
1240	188	979	SEA
1240	985	712	SEA
1243	180	136	SEA
1243	187	743	SEA
1243	188	839	SEA
1243	985	718	SEA
1248	180	278	SEA
1248	187	753	SEA
1248	188	539	SEA
1248	985	707	SEA
1252	180	224	SEA
1252	187	799	SEA
1252	985	699	SEA
1255	180	327	SEA
1255	187	806	SEA
1255	985	727	SEA
1256	180	219	SEA
1256	187	753	SDA
1256	985	695	SEA
1257	180	219	SEA
1257	187	753	SDA
1257	985	695	SEA
1264	180	646	SEA
1264	187	486	SEA
1264	188	1130	SEA
1264	985	679	SEA
1265	180	678	SEA
1265	187	428	SEA
1265	188	1138	SEA
1265	985	566	SEA
1275	180	817	SEA
1275	187	553	SEA
1275	985	482	SEA
1278	180	431	SEA
1278	187	484	SDA
1278	985	613	SEA
1279	180	431	SEA
1279	187	484	SDA
1279	985	613	SEA
1280	180	403	SEA
1280	187	462	SDA
1280	188	1215	SEA
1280	985	627	SEA
1284	180	372	SEA
1284	187	1058	SEA
1284	188	1256	SEA
1284	985	525	SDA
1289	180	857	SEA
1289	187	1091	SEA
1289	188	1176	SEA
1289	985	565	SEA
1295	180	502	SEA
1295	187	288	SDA
1295	188	1176	SEA
1295	985	633	SEA
1296	180	502	SEA
1296	187	288	SDA
1296	188	1176	SEA
1296	985	633	SEA
1301	180	720	SEA
1301	187	709	SEA
1301	188	1084	SEA
1301	985	712	SEA
1306	180	779	SEA
1306	187	401	SDA
1306	188	1009	SEA
1306	985	566	SEA
1308	180	552	SEA
1308	187	365	SDA
1308	188	988	SEA
1308	985	536	SEA
1312	180	589	SEA
1312	187	748	SEA
1312	188	960	SEA
1312	985	570	SEA
1319	160	46	SEA
1319	180	771	SEA
1319	187	787	SEA
1319	188	915	SEA
1319	985	795	SEA
