363	184	419	SEA
363	187	248	SEA
363	190	529	SEA
363	970	709	SEA
363	973	573	SEA
375	184	524	SEA
375	187	414	SEA
375	190	256	SEA
375	970	720	SEA
375	973	758	SEA
385	184	371	SEA
385	187	303	SEA
385	190	156	SEA
385	970	720	SEA
385	973	818	SEA
408	184	625	SEA
408	187	463	SEA
408	190	152	SEA
408	970	508	SEA
408	973	1786	SEA
409	184	641	SEA
409	187	459	SEA
409	190	97	SEA
409	970	720	SEA
409	973	1768	SEA
421	184	569	SEA
421	187	410	SEA
421	190	52	SEA
421	970	109	SEA
421	973	592	SEA
422	184	233	SEA
422	187	406	SEA
422	190	48	SEA
422	970	780	SEA
422	973	528	SEA
432	184	292	SEA
432	187	710	SEA
432	190	658	SEA
432	970	780	SEA
432	973	431	SEA
435	184	899	SEA
435	187	372	SEA
435	190	707	SEA
435	970	780	SEA
435	973	479	SEA
439	184	269	SEA
439	187	322	SEA
439	190	638	SEA
439	970	649	SEA
439	973	422	SEA
448	184	461	SEA
448	187	430	SEA
448	190	911	SEA
448	970	780	SEA
448	973	883	SEA
458	184	563	SEA
458	187	564	SEA
458	190	414	SEA
458	970	780	SEA
458	973	210	SEA
463	184	1255	SEA
463	187	820	SEA
463	190	198	SEA
463	970	780	SEA
463	973	261	SEA
490	184	321	SEA
490	187	523	SEA
490	190	30	SEA
490	970	659	SEA
490	973	198	SEA
492	184	340	SEA
492	187	513	SEA
492	190	42	SEA
492	970	660	SEA
492	973	223	SEA
494	184	350	SEA
494	187	491	SEA
494	190	47	SEA
494	970	614	SEA
494	973	232	SEA
500	184	438	SEA
500	187	633	SEA
500	190	180	SEA
500	970	840	SEA
500	973	328	SEA
505	184	926	SEA
505	187	566	SEA
505	190	68	SEA
505	970	629	SEA
505	973	272	SEA
512	184	4	SEA
512	187	771	SEA
512	190	173	SEA
512	970	900	SEA
512	973	366	SEA
513	184	23	SEA
513	187	775	SEA
513	190	128	SEA
513	970	900	SEA
513	973	308	SEA
529	184	20	SEA
529	187	742	SEA
529	190	1123	SEA
529	970	900	SEA
529	973	801	SEA
543	184	234	SEA
543	187	475	SEA
543	190	835	SEA
543	970	370	SEA
543	973	784	SEA
554	184	766	SEA
554	187	278	SEA
554	190	698	SEA
554	970	840	SEA
554	973	608	SEA
568	184	6	SEA
568	187	882	SEA
568	190	1206	SEA
568	970	900	SEA
568	973	898	SEA
593	184	212	SEA
593	187	357	SEA
593	190	499	SEA
593	970	709	SEA
593	973	634	SEA
606	184	801	SEA
606	187	688	SEA
606	190	4	SEA
606	970	829	SEA
606	973	524	SEA
607	184	725	SEA
607	187	684	SEA
607	190	3	SEA
607	970	709	SEA
607	973	1461	SEA
610	184	753	SEA
610	187	584	SEA
610	190	770	SEA
610	970	812	SEA
610	973	1469	SEA
623	184	59	SEA
623	187	660	SEA
623	190	475	SEA
623	970	769	SEA
623	973	845	SEA
624	184	35	SEA
624	187	659	SEA
624	190	487	SEA
624	970	734	SEA
624	973	922	SEA
629	184	611	SEA
629	187	134	SEA
629	190	667	SEA
629	970	960	SEA
629	973	923	SEA
637	184	593	SEA
637	187	237	SEA
637	190	639	SEA
637	970	829	SEA
637	973	954	SEA
654	184	382	SEA
654	187	585	SEA
654	190	921	SEA
654	970	769	SEA
654	973	293	SEA
694	184	485	SEA
694	187	370	SEA
694	190	428	SEA
694	970	960	SEA
694	973	873	SEA
710	184	437	SEA
710	187	604	SEA
710	190	107	SEA
710	970	960	SEA
710	973	858	SEA
720	184	409	SEA
720	187	859	SEA
720	190	337	SEA
720	970	827	SEA
720	973	957	SEA
727	184	436	SEA
727	187	502	SEA
727	190	249	SEA
727	970	960	SEA
727	973	692	SEA
729	184	711	SEA
729	187	565	SEA
729	190	243	SEA
729	970	960	SEA
729	973	707	SEA
751	184	494	SDA
751	187	355	SEA
751	190	21	SEA
751	970	649	SEA
751	973	411	SEA
757	184	472	SEA
757	187	514	SEA
757	190	374	SEA
757	970	840	SEA
757	973	311	SEA
760	184	464	SEA
760	187	494	SEA
760	190	574	SEA
760	970	840	SEA
760	973	404	SEA
761	184	475	SEA
761	187	542	SEA
761	190	581	SEA
761	970	840	SEA
761	973	397	SEA
765	184	909	SEA
765	187	621	SEA
765	190	227	SEA
765	970	693	SEA
765	973	395	SEA
770	184	926	SEA
770	187	697	SEA
770	190	244	SEA
770	970	840	SEA
770	973	1019	SEA
771	184	900	SEA
771	187	566	SEA
771	190	231	SEA
771	970	840	SEA
771	973	1010	SEA
774	184	128	SEA
774	187	594	SEA
774	190	123	SEA
774	970	840	SEA
774	973	800	SEA
775	184	128	SEA
775	187	594	SEA
775	190	123	SEA
775	970	840	SEA
775	973	800	SEA
778	184	189	SDA
778	187	890	SEA
778	190	96	SEA
778	970	649	SEA
778	973	811	SEA
779	184	181	SDA
779	187	940	SEA
779	190	787	SEA
779	970	589	SEA
779	973	773	SEA
783	184	158	SEA
783	187	802	SEA
783	190	136	SEA
783	970	840	SEA
783	973	821	SEA
791	184	446	SEA
791	187	134	SEA
791	190	191	SEA
791	970	709	SEA
791	973	824	SEA
798	184	553	SEA
798	187	814	SEA
798	190	135	SEA
798	970	900	SEA
798	973	643	SEA
801	184	551	SEA
801	187	914	SEA
801	190	140	SEA
801	970	900	SEA
801	973	659	SEA
804	184	440	SEA
804	187	1179	SEA
804	190	2	SEA
804	970	889	SEA
804	973	631	SEA
808	184	240	SEA
808	187	475	SEA
808	190	34	SEA
808	970	731	SEA
808	973	714	SEA
810	184	308	SEA
810	187	539	SEA
810	190	461	SEA
810	970	900	SEA
810	973	679	SEA
819	184	323	SEA
819	187	668	SEA
819	190	69	SEA
819	970	900	SEA
819	973	833	SEA
834	184	704	SEA
834	187	754	SEA
834	190	565	SEA
834	970	889	SEA
834	973	606	SEA
840	184	343	SEA
840	187	557	SEA
840	190	249	SEA
840	970	679	SEA
840	973	762	SEA
847	184	259	SEA
847	187	793	SEA
847	190	467	SEA
847	970	900	SEA
847	973	517	SEA
853	184	462	SEA
853	187	331	SEA
853	190	352	SEA
853	970	738	SEA
853	973	346	SEA
859	184	415	SEA
859	187	350	SEA
859	190	200	SEA
859	970	900	SEA
859	973	971	SEA
863	184	509	SEA
863	187	378	SEA
863	190	290	SEA
863	970	960	SEA
863	973	943	SEA
871	184	903	SEA
871	187	782	SEA
871	190	957	SEA
871	970	643	SEA
871	973	366	SEA
876	184	394	SEA
876	187	762	SEA
876	190	987	SEA
876	970	900	SEA
876	973	274	SEA
887	184	418	SEA
887	187	354	SEA
887	190	101	SDA
887	970	653	SEA
887	973	502	SEA
889	184	429	SEA
889	187	255	SEA
889	190	100	SDA
889	970	900	SEA
889	973	466	SEA
893	184	296	SEA
893	187	226	SEA
893	190	94	SDA
893	970	780	SEA
893	973	558	SEA
895	184	304	SEA
895	187	237	SEA
895	190	741	SEA
895	970	829	SEA
895	973	531	SEA
901	184	360	SEA
901	187	242	SEA
901	190	459	SEA
901	970	605	SEA
901	973	706	SEA
908	184	470	SEA
908	187	508	SEA
908	190	403	SEA
908	970	780	SEA
908	973	624	SEA
918	184	543	SEA
918	187	263	SEA
918	190	285	SEA
918	970	720	SEA
918	973	631	SEA
920	184	550	SEA
920	187	276	SEA
920	190	108	SEA
920	970	720	SEA
920	973	630	SEA
922	184	519	SEA
922	187	511	SEA
922	190	125	SEA
922	970	720	SEA
922	973	641	SEA
923	184	465	SEA
923	187	313	SEA
923	190	21	SEA
923	970	669	SEA
923	973	656	SEA
924	184	487	SEA
924	187	368	SEA
924	190	1039	SEA
924	970	589	SEA
924	973	648	SEA
926	184	541	SDA
926	187	334	SEA
926	190	1057	SEA
926	970	489	SEA
926	973	632	SEA
932	184	451	SEA
932	187	295	SEA
932	190	82	SEA
932	970	409	SEA
932	973	637	SEA
933	184	443	SEA
933	187	285	SEA
933	190	104	SEA
933	970	359	SEA
933	973	659	SEA
936	184	571	SEA
936	187	372	SEA
936	190	132	SEA
936	970	649	SEA
936	973	512	SEA
937	184	588	SEA
937	187	367	SEA
937	190	113	SEA
937	970	583	SEA
937	973	531	SEA
940	184	479	SEA
940	187	620	SEA
940	190	125	SEA
940	970	660	SEA
940	973	597	SEA
941	184	470	SEA
941	187	592	SEA
941	190	126	SEA
941	970	660	SEA
941	973	594	SEA
943	184	485	SEA
943	187	608	SEA
943	190	124	SEA
943	970	660	SEA
943	973	595	SEA
944	184	460	SEA
944	187	522	SEA
944	190	138	SDA
944	970	660	SEA
944	973	549	SEA
950	184	455	SEA
950	187	305	SEA
950	190	480	SEA
950	970	409	SEA
950	973	488	SEA
952	184	399	SEA
952	187	335	SEA
952	190	401	SEA
952	970	536	SEA
952	973	485	SEA
953	184	403	SEA
953	187	305	SEA
953	190	401	SEA
953	970	506	SEA
953	973	695	SEA
965	184	229	SEA
965	187	153	SEA
965	190	977	SEA
965	970	389	SEA
965	973	1481	SEA
967	184	454	SEA
967	187	169	SEA
967	190	1014	SEA
967	970	540	SEA
967	973	1525	SEA
972	184	473	SEA
972	187	204	SEA
972	190	560	SEA
972	970	249	SEA
972	973	1657	SEA
986	184	352	SEA
986	187	415	SEA
986	190	111	SEA
986	970	589	SEA
986	973	1122	SEA
987	184	356	SEA
987	187	412	SEA
987	190	108	SEA
987	970	1189	SEA
987	973	1213	SEA
989	184	399	SEA
989	187	400	SEA
989	190	108	SEA
989	970	469	SEA
989	973	1444	SEA
992	184	361	SEA
992	187	461	SEA
992	190	331	SEA
992	970	431	SEA
992	973	1347	SEA
1000	184	68	SEA
1000	187	303	SEA
1000	190	1026	SEA
1000	970	521	SEA
1000	973	1310	SDA
1006	184	106	SEA
1006	187	1046	SEA
1006	190	555	SEA
1006	970	720	SEA
1006	973	1324	SDA
1007	184	106	SEA
1007	187	1046	SEA
1007	190	555	SEA
1007	970	720	SEA
1007	973	1324	SDA
1008	184	83	SEA
1008	187	1095	SEA
1008	190	596	SEA
1008	970	709	SEA
1008	973	584	SEA
1010	184	120	SEA
1010	187	906	SEA
1010	190	595	SEA
1010	970	609	SEA
1010	973	606	SEA
1013	184	169	SEA
1013	187	94	SEA
1013	190	630	SEA
1013	970	389	SEA
1013	973	670	SEA
1014	184	119	SEA
1014	187	156	SEA
1014	190	649	SEA
1014	970	476	SEA
1014	973	692	SEA
1016	184	134	SEA
1016	187	143	SEA
1016	190	585	SEA
1016	970	720	SEA
1016	973	728	SEA
1019	184	110	SEA
1019	187	147	SEA
1019	190	550	SEA
1019	970	720	SEA
1019	973	666	SEA
1023	184	327	SDA
1023	187	184	SEA
1023	190	133	SEA
1023	970	529	SEA
1023	973	660	SEA
1026	184	295	SDA
1026	187	272	SEA
1026	190	179	SEA
1026	970	524	SEA
1026	973	687	SEA
1028	184	219	SDA
1028	187	261	SEA
1028	190	256	SEA
1028	970	406	SEA
1028	973	656	SEA
1033	184	258	SEA
1033	187	236	SEA
1033	190	38	SEA
1033	970	589	SEA
1033	973	1502	SEA
1037	184	600	SEA
1037	187	261	SEA
1037	190	47	SEA
1037	970	532	SEA
1037	973	1491	SEA
1040	184	165	SEA
1040	187	755	SEA
1040	190	177	SEA
1040	970	469	SEA
1040	973	1469	SEA
1042	184	208	SEA
1042	187	466	SEA
1042	190	189	SEA
1042	970	600	SEA
1042	973	1438	SEA
1048	184	355	SEA
1048	187	899	SEA
1048	190	345	SEA
1048	970	309	SEA
1048	973	739	SEA
1049	184	379	SEA
1049	187	961	SEA
1049	190	327	SEA
1049	970	233	SEA
1049	973	814	SEA
1051	184	376	SEA
1051	187	873	SEA
1051	190	965	SDA
1051	970	231	SEA
1051	973	812	SEA
1053	184	394	SEA
1053	187	931	SEA
1053	190	279	SEA
1053	970	257	SEA
1053	973	797	SEA
1057	184	597	SEA
1057	187	110	SEA
1057	190	5	SDA
1057	970	466	SEA
1057	973	799	SDA
1059	184	676	SEA
1059	187	127	SEA
1059	190	7	SDA
1059	970	408	SEA
1059	973	774	SEA
1063	184	604	SEA
1063	187	137	SEA
1063	190	25	SDA
1063	970	840	SEA
1063	973	797	SEA
1064	184	268	SDA
1064	187	148	SEA
1064	190	24	SDA
1064	970	829	SEA
1064	973	901	SEA
1067	184	251	SDA
1067	187	162	SDA
1067	190	24	SDA
1067	970	709	SEA
1067	973	825	SEA
1069	184	277	SDA
1069	187	647	SEA
1069	190	22	SEA
1069	970	629	SEA
1069	973	826	SEA
1071	184	311	SDA
1071	187	593	SEA
1071	190	257	SEA
1071	970	537	SEA
1071	973	836	SEA
1074	184	314	SEA
1074	187	512	SEA
1074	190	214	SEA
1074	970	960	SEA
1074	973	858	SEA
1075	184	708	SDA
1075	187	504	SEA
1075	190	204	SEA
1075	970	960	SEA
1075	973	778	SEA
1090	184	699	SEA
1090	187	990	SEA
1090	190	508	SEA
1090	970	1020	SEA
1090	973	1326	SEA
1093	184	641	SDA
1093	187	293	SDA
1093	190	41	SDA
1093	970	1020	SEA
1093	973	440	SEA
1099	184	716	SDA
1099	187	668	SDA
1099	190	62	SDA
1099	970	789	SEA
1099	973	520	SEA
1103	184	465	SDA
1103	187	645	SDA
1103	190	198	SDA
1103	970	702	SEA
1103	973	479	SEA
1105	184	501	SDA
1105	187	582	SDA
1105	190	198	SDA
1105	970	1020	SEA
1105	973	585	SEA
1108	184	446	SDA
1108	187	622	SDA
1108	190	193	SDA
1108	970	1020	SEA
1108	973	609	SEA
1112	184	531	SDA
1112	187	714	SDA
1112	190	126	SEA
1112	970	1009	SEA
1112	973	476	SEA
1119	184	592	SEA
1119	187	634	SDA
1119	190	328	SDA
1119	970	710	SEA
1119	973	466	SEA
1127	184	173	SDA
1127	187	158	SEA
1127	190	13	SDA
1127	970	1020	SEA
1127	973	453	SEA
1130	184	167	SEA
1130	187	517	SEA
1130	190	146	SDA
1130	970	889	SEA
1130	973	601	SEA
1132	184	383	SEA
1132	187	333	SEA
1132	190	123	SDA
1132	970	789	SEA
1132	973	568	SEA
1136	184	617	SDA
1136	187	309	SEA
1136	190	57	SDA
1136	970	732	SEA
1136	973	472	SEA
1140	184	656	SEA
1140	187	354	SEA
1140	190	202	SDA
1140	970	1020	SEA
1140	973	616	SEA
1146	184	445	SEA
1146	187	761	SDA
1146	190	340	SDA
1146	970	949	SEA
1146	973	643	SEA
1149	184	474	SEA
1149	187	532	SEA
1149	190	358	SDA
1149	970	909	SEA
1149	973	690	SEA
1153	184	471	SEA
1153	187	751	SEA
1153	190	126	SDA
1153	970	960	SEA
1153	973	678	SEA
1154	184	443	SEA
1154	187	775	SEA
1154	190	121	SDA
1154	970	960	SEA
1154	973	654	SEA
1157	184	439	SEA
1157	187	764	SEA
1157	190	144	SDA
1157	970	960	SEA
1157	973	648	SEA
1164	184	329	SEA
1164	187	667	SEA
1164	190	328	SEA
1164	970	889	SEA
1164	973	577	SEA
1168	184	347	SEA
1168	187	977	SEA
1168	190	449	SEA
1168	970	684	SEA
1168	973	518	SEA
1181	184	280	SDA
1181	187	972	SDA
1181	190	14	SEA
1181	970	789	SEA
1181	973	293	SEA
1183	184	243	SDA
1183	187	801	SDA
1183	190	52	SEA
1183	970	745	SEA
1183	973	251	SEA
1188	184	451	SEA
1188	187	794	SDA
1188	190	351	SEA
1188	970	648	SEA
1188	973	245	SEA
1190	184	448	SEA
1190	187	794	SDA
1190	190	379	SEA
1190	970	960	SEA
1190	973	205	SEA
1200	184	393	SEA
1200	187	738	SEA
1200	190	90	SEA
1200	970	757	SEA
1200	973	628	SEA
1205	184	167	SEA
1205	187	696	SEA
1205	190	342	SEA
1205	970	960	SEA
1205	973	671	SEA
1209	184	572	SEA
1209	187	1475	SEA
1209	190	356	SEA
1209	970	960	SEA
1209	973	665	SEA
1210	184	595	SEA
1210	187	877	SEA
1210	190	351	SEA
1210	970	960	SEA
1210	973	661	SEA
1214	184	674	SEA
1214	187	1076	SEA
1214	190	636	SDA
1214	970	789	SEA
1214	973	640	SEA
1228	184	225	SEA
1228	187	663	SEA
1228	190	399	SDA
1228	970	849	SEA
1228	973	957	SEA
1239	184	773	SEA
1239	187	651	SEA
1239	190	391	SEA
1239	970	900	SEA
1239	973	421	SEA
1240	184	740	SEA
1240	187	694	SEA
1240	190	410	SEA
1240	970	900	SEA
1240	973	406	SEA
1243	184	463	SEA
1243	187	607	SEA
1243	190	189	SDA
1243	970	889	SEA
1243	973	388	SEA
1248	184	535	SEA
1248	187	885	SEA
1248	190	197	SDA
1248	970	728	SEA
1248	973	304	SEA
1252	184	571	SEA
1252	187	799	SEA
1252	190	312	SEA
1252	970	960	SEA
1252	973	755	SEA
1255	184	399	SEA
1255	187	470	SEA
1255	190	134	SEA
1255	970	960	SEA
1255	973	537	SEA
1257	184	424	SEA
1257	187	565	SEA
1257	190	99	SEA
1257	970	960	SEA
1257	973	565	SEA
1264	184	516	SEA
1264	187	485	SEA
1264	190	110	SEA
1264	970	609	SEA
1264	973	499	SEA
1265	184	418	SEA
1265	187	427	SEA
1265	190	117	SEA
1265	970	673	SEA
1265	973	531	SEA
1267	184	386	SEA
1267	187	672	SEA
1267	190	142	SEA
1267	970	960	SEA
1267	973	543	SEA
1275	184	1098	SEA
1275	187	775	SEA
1275	190	3	SDA
1275	970	829	SEA
1275	973	715	SEA
1278	184	469	SEA
1278	187	822	SEA
1278	190	3	SDA
1278	970	761	SEA
1278	973	830	SEA
1280	184	497	SEA
1280	187	888	SEA
1280	190	3	SDA
1280	970	731	SEA
1280	973	821	SEA
1284	184	486	SEA
1284	187	443	SDA
1284	190	5	SDA
1284	970	1500	SEA
1284	973	760	SEA
1289	184	481	SEA
1289	187	391	SDA
1289	190	23	SDA
1289	970	1489	SEA
1289	973	1018	SEA
1295	184	324	SEA
1295	187	288	SDA
1295	190	249	SDA
1295	970	1343	SEA
1295	973	1113	SEA
1296	184	324	SEA
1296	187	288	SDA
1296	190	249	SDA
1296	970	1343	SEA
1296	973	1113	SEA
1301	184	811	SEA
1301	187	720	SEA
1301	190	35	SEA
1301	970	1500	SEA
1301	973	1082	SEA
1306	184	470	SEA
1306	187	695	SEA
1306	190	161	SDA
1306	970	1500	SEA
1306	973	655	SEA
1308	184	462	SEA
1308	187	758	SEA
1308	190	161	SDA
1308	970	1500	SEA
1308	973	706	SEA
1312	184	479	SEA
1312	187	664	SEA
1312	190	154	SDA
1312	970	1500	SEA
1312	973	796	SEA
1319	184	735	SEA
1319	187	787	SEA
1319	190	417	SEA
1319	970	1377	SEA
1319	973	1349	SEA
