363	160	1090	SEA
363	170	708	SEA
363	927	539	SEA
385	160	652	SEA
385	170	1100	SEA
385	178	725	SEA
385	927	724	SEA
385	961	313	SEA
408	160	658	SEA
408	170	766	SEA
408	178	432	SEA
408	927	507	SDA
408	961	224	SEA
409	160	640	SEA
409	170	771	SEA
409	178	405	SEA
409	927	534	SDA
409	961	256	SEA
421	160	904	SEA
421	170	1258	SEA
421	178	1328	SEA
421	927	583	SDA
421	960	295	SEA
421	961	554	SEA
422	160	841	SEA
422	170	1263	SEA
422	178	1303	SEA
422	927	632	SDA
422	960	274	SEA
422	961	561	SEA
435	160	1176	SEA
435	170	1357	SDA
435	178	972	SDA
435	927	549	SDA
435	960	361	SEA
435	961	1171	SDA
439	160	1304	SEA
439	170	1391	SDA
439	178	1078	SEA
439	927	452	SDA
439	960	362	SEA
439	961	724	SEA
448	160	589	SDA
448	170	478	SEA
448	178	1036	SDA
448	927	330	SEA
448	960	317	SEA
448	961	653	SDA
458	160	646	SDA
458	170	561	SDA
458	178	1067	SDA
458	927	390	SDA
458	960	150	SEA
458	961	379	SEA
463	160	649	SDA
463	170	540	SDA
463	178	1044	SEA
463	927	553	SDA
463	960	1457	SEA
463	961	485	SEA
494	160	173	SEA
494	170	1547	SEA
494	178	938	SEA
494	927	302	SDA
494	960	39	SEA
494	961	581	SEA
507	160	352	SDA
507	178	720	SEA
507	927	939	SDA
507	960	463	SEA
507	961	1440	SEA
529	160	77	SDA
529	170	847	SEA
529	178	1104	SEA
529	927	568	SDA
529	960	135	SEA
529	961	367	SDA
543	170	1203	SDA
543	178	1592	SEA
543	927	628	SEA
543	960	1300	SEA
543	961	93	SEA
549	160	852	SEA
549	170	228	SEA
549	927	492	SEA
549	960	1335	SEA
549	961	166	SEA
554	160	836	SEA
554	170	176	SEA
554	178	1522	SEA
554	927	614	SEA
554	960	784	SEA
554	961	358	SEA
568	160	1172	SEA
568	170	107	SEA
568	178	1537	SEA
568	927	839	SEA
568	960	621	SEA
568	961	298	SEA
593	160	1015	SEA
593	170	165	SEA
593	178	992	SEA
593	927	870	SEA
593	960	470	SEA
593	961	326	SEA
606	160	995	SEA
606	170	1511	SEA
606	178	736	SEA
606	927	929	SEA
606	960	1208	SEA
606	961	596	SEA
607	160	1073	SEA
607	170	1553	SEA
607	178	718	SEA
607	927	902	SEA
607	960	1144	SEA
607	961	566	SEA
629	160	1218	SEA
629	170	1342	SEA
629	178	469	SEA
629	927	817	SEA
629	960	158	SEA
629	961	659	SEA
637	160	917	SEA
637	170	1165	SEA
637	178	398	SEA
637	927	872	SEA
637	960	827	SEA
637	961	579	SEA
654	160	1074	SEA
654	178	1422	SEA
654	927	779	SEA
654	960	960	SEA
654	961	652	SEA
694	160	1148	SEA
694	170	1225	SEA
694	178	751	SEA
694	927	922	SEA
694	960	509	SEA
694	961	827	SEA
710	160	1482	SEA
710	170	1555	SEA
710	178	641	SEA
710	927	952	SEA
710	960	402	SEA
710	961	586	SEA
727	160	1589	SEA
727	170	946	SEA
727	178	505	SEA
727	927	882	SEA
727	960	847	SEA
727	961	691	SEA
729	160	1663	SEA
729	170	878	SEA
729	178	456	SEA
729	927	1892	SEA
729	960	887	SEA
729	961	583	SEA
751	160	1477	SEA
751	170	1607	SEA
751	178	1378	SEA
751	927	1020	SEA
751	960	700	SEA
751	961	801	SEA
757	160	1283	SEA
757	170	1570	SEA
757	178	1252	SEA
757	927	1027	SEA
757	960	456	SEA
757	961	438	SEA
759	160	1267	SEA
759	170	1597	SEA
759	178	1229	SEA
759	927	1013	SEA
759	960	488	SEA
759	961	435	SEA
760	160	676	SEA
760	170	1099	SEA
760	178	1154	SEA
760	927	1020	SEA
760	960	384	SEA
760	961	466	SEA
765	160	679	SEA
765	170	1110	SEA
765	178	921	SEA
765	960	1434	SEA
765	961	677	SEA
768	160	640	SEA
768	170	1034	SEA
768	178	980	SEA
768	960	556	SEA
768	961	775	SEA
770	160	623	SEA
770	170	1038	SEA
770	178	1039	SEA
770	927	899	SEA
770	960	594	SEA
770	961	835	SEA
771	160	630	SEA
771	170	1017	SEA
771	178	1122	SEA
771	927	765	SEA
771	960	629	SEA
771	961	915	SEA
772	160	630	SEA
772	170	1017	SEA
772	178	1122	SEA
772	927	765	SEA
772	960	629	SEA
772	961	915	SEA
774	160	598	SEA
774	170	976	SEA
774	178	1258	SEA
774	927	856	SEA
774	960	687	SEA
774	961	1703	SEA
778	160	581	SEA
778	170	1032	SEA
778	178	1178	SEA
778	927	834	SEA
778	960	678	SEA
778	961	1481	SEA
791	160	845	SEA
791	170	591	SEA
791	178	1038	SEA
791	927	843	SEA
791	960	1552	SEA
791	961	1346	SEA
798	160	848	SEA
798	170	605	SEA
798	178	1084	SEA
798	927	906	SEA
798	960	577	SEA
798	961	694	SEA
801	160	1051	SEA
801	170	579	SDA
801	178	1106	SEA
801	927	1020	SEA
801	960	627	SEA
801	961	683	SEA
804	160	1031	SEA
804	170	476	SDA
804	178	1021	SEA
804	927	919	SEA
804	960	682	SEA
804	961	867	SEA
808	160	1042	SEA
808	170	351	SDA
808	178	1022	SEA
808	927	926	SEA
808	960	640	SEA
808	961	803	SEA
810	160	1093	SEA
810	170	1877	SEA
810	178	571	SEA
810	927	943	SEA
810	960	689	SEA
810	961	862	SEA
819	160	1003	SEA
819	170	743	SEA
819	178	571	SEA
819	927	1020	SEA
819	960	787	SEA
819	961	919	SEA
834	160	1024	SEA
834	170	893	SEA
834	178	1569	SEA
834	927	1020	SEA
834	960	999	SEA
834	961	895	SDA
840	160	920	SEA
840	170	979	SEA
840	178	280	SEA
840	927	779	SEA
840	960	847	SEA
840	961	754	SEA
847	160	762	SEA
847	170	963	SEA
847	178	396	SEA
847	927	873	SEA
847	960	1509	SDA
847	961	620	SEA
853	160	789	SEA
853	170	1121	SEA
853	178	334	SEA
853	927	1019	SEA
853	960	1349	SEA
853	961	883	SEA
859	160	855	SEA
859	170	1144	SEA
859	178	460	SEA
859	927	892	SEA
859	960	1331	SEA
859	961	762	SEA
863	160	856	SEA
863	170	1414	SEA
863	178	1106	SEA
863	927	883	SEA
863	960	861	SEA
863	961	573	SEA
871	160	1121	SEA
871	170	1396	SEA
871	178	27	SEA
871	927	959	SEA
871	960	923	SEA
871	961	460	SEA
876	160	981	SEA
876	170	1471	SEA
876	178	16	SEA
876	927	972	SEA
876	960	926	SEA
876	961	470	SEA
887	160	614	SEA
887	170	973	SEA
887	178	2152	SEA
887	927	1019	SEA
887	960	208	SEA
887	961	526	SEA
889	160	603	SEA
889	170	1007	SEA
889	178	2165	SEA
889	927	959	SEA
889	960	279	SEA
889	961	569	SEA
893	160	529	SEA
893	170	984	SEA
893	178	527	SEA
893	927	864	SEA
893	960	335	SEA
893	961	618	SEA
895	160	529	SEA
895	170	994	SEA
895	178	606	SEA
895	927	886	SEA
895	960	319	SEA
895	961	550	SEA
901	160	1575	SEA
901	170	1092	SEA
901	178	518	SEA
901	927	851	SEA
901	960	823	SEA
901	961	578	SEA
908	160	1022	SEA
908	170	1214	SEA
908	178	564	SEA
908	927	779	SEA
908	960	456	SEA
908	961	542	SEA
918	160	1134	SDA
918	170	1070	SDA
918	178	723	SEA
918	927	845	SEA
918	960	1305	SEA
918	961	790	SEA
920	160	1036	SDA
920	170	1105	SDA
920	178	733	SEA
920	927	1020	SEA
920	960	1281	SEA
920	961	821	SEA
922	160	1048	SEA
922	170	1285	SDA
922	178	922	SEA
922	927	959	SEA
922	960	1225	SEA
922	961	863	SEA
923	160	1042	SEA
923	170	1225	SDA
923	178	900	SEA
923	927	919	SEA
923	960	1219	SEA
923	961	834	SEA
924	160	1082	SEA
924	178	896	SEA
924	927	839	SEA
924	960	1197	SEA
924	961	601	SDA
926	160	1056	SEA
926	178	785	SEA
926	927	919	SEA
926	960	1231	SEA
926	961	538	SDA
932	160	972	SEA
932	178	808	SEA
932	927	926	SEA
932	960	122	SEA
932	961	487	SEA
933	160	963	SEA
933	178	841	SEA
933	927	912	SEA
933	960	171	SEA
933	961	507	SEA
936	160	1344	SEA
936	178	693	SEA
936	927	902	SEA
936	960	205	SEA
936	961	532	SEA
937	160	1286	SEA
937	178	664	SEA
937	927	1020	SEA
937	960	256	SEA
937	961	538	SEA
940	160	1239	SEA
940	170	2577	SEA
940	178	625	SEA
940	927	899	SEA
940	960	163	SEA
940	961	949	SEA
941	160	1265	SEA
941	178	594	SEA
941	927	859	SEA
941	960	151	SEA
941	961	1013	SEA
943	160	1209	SEA
943	178	682	SEA
943	927	905	SEA
943	960	129	SEA
943	961	993	SEA
944	160	1255	SEA
944	178	653	SEA
944	927	905	SEA
944	960	102	SEA
944	961	1000	SEA
950	160	1218	SEA
950	178	528	SEA
950	927	947	SEA
950	960	965	SEA
950	961	1035	SEA
952	160	762	SEA
952	178	473	SEA
952	927	1020	SEA
952	960	569	SEA
952	961	1018	SEA
953	160	1049	SEA
953	178	500	SEA
953	927	1020	SEA
953	960	569	SEA
953	961	1031	SEA
965	160	1006	SDA
965	170	1291	SEA
965	178	1028	SEA
965	927	866	SEA
965	960	546	SEA
965	961	954	SEA
967	160	1017	SDA
967	170	1222	SEA
967	178	911	SEA
967	927	886	SEA
967	960	556	SEA
967	961	736	SEA
972	160	824	SEA
972	170	1157	SEA
972	178	1855	SEA
972	927	960	SEA
972	960	249	SEA
972	961	643	SDA
986	160	1032	SEA
986	170	918	SDA
986	178	340	SEA
986	927	819	SEA
986	960	819	SDA
986	961	1015	SEA
987	160	1030	SEA
987	170	923	SDA
987	178	398	SEA
987	927	797	SEA
987	960	840	SDA
987	961	991	SEA
989	160	1034	SEA
989	170	925	SDA
989	178	428	SEA
989	927	839	SEA
989	960	839	SDA
989	961	960	SEA
992	160	1103	SEA
992	170	912	SDA
992	178	475	SEA
992	927	785	SEA
992	960	888	SEA
992	961	990	SEA
1000	160	1238	SEA
1000	170	804	SDA
1000	178	349	SEA
1000	927	813	SEA
1000	960	844	SEA
1000	961	361	SEA
1006	160	1348	SDA
1006	170	690	SDA
1006	178	502	SEA
1006	927	647	SEA
1006	960	992	SEA
1006	961	350	SEA
1007	160	1348	SDA
1007	170	690	SDA
1007	178	502	SEA
1007	927	647	SEA
1007	960	992	SEA
1007	961	350	SEA
1008	160	1092	SEA
1008	170	696	SDA
1008	178	559	SEA
1008	927	668	SEA
1008	960	451	SEA
1008	961	324	SEA
1010	160	1136	SEA
1010	170	589	SDA
1010	178	1196	SEA
1010	927	710	SEA
1010	960	419	SEA
1010	961	415	SEA
1013	160	871	SEA
1013	170	1197	SEA
1013	178	1199	SEA
1013	927	656	SEA
1013	960	481	SEA
1013	961	401	SEA
1014	160	817	SEA
1014	170	1120	SEA
1014	178	1255	SEA
1014	927	654	SEA
1014	960	458	SEA
1014	961	774	SEA
1016	160	748	SEA
1016	170	1067	SEA
1016	178	1255	SEA
1016	927	695	SEA
1016	960	510	SEA
1016	961	743	SEA
1019	160	664	SEA
1019	170	1136	SEA
1019	178	960	SEA
1019	927	659	SEA
1019	960	508	SEA
1019	961	699	SEA
1023	160	651	SEA
1023	170	960	SEA
1023	178	990	SEA
1023	927	571	SEA
1023	960	729	SEA
1023	961	639	SEA
1026	160	588	SDA
1026	170	1025	SEA
1026	178	863	SEA
1026	927	515	SEA
1026	960	718	SEA
1026	961	752	SEA
1028	160	554	SDA
1028	170	1006	SEA
1028	178	844	SEA
1028	927	574	SEA
1028	960	681	SEA
1028	961	799	SEA
1033	160	499	SDA
1033	170	1011	SEA
1033	178	905	SEA
1033	927	562	SEA
1033	960	882	SEA
1033	961	723	SEA
1037	160	443	SDA
1037	170	970	SEA
1037	178	914	SEA
1037	927	560	SEA
1037	960	907	SEA
1037	961	767	SEA
1040	160	1310	SEA
1040	170	909	SEA
1040	927	584	SEA
1040	960	812	SEA
1040	961	812	SEA
1042	160	1271	SEA
1042	927	572	SEA
1042	960	814	SEA
1042	961	781	SEA
1048	160	1339	SEA
1048	178	1960	SEA
1048	927	439	SEA
1048	960	1193	SEA
1048	961	402	SEA
1049	160	1337	SEA
1049	178	1942	SEA
1049	927	355	SEA
1049	960	1248	SEA
1049	961	511	SEA
1051	160	1278	SEA
1051	178	1976	SEA
1051	927	352	SEA
1051	960	1224	SEA
1051	961	463	SEA
1053	160	1276	SEA
1053	178	1972	SEA
1053	927	388	SEA
1053	960	1236	SEA
1053	961	412	SEA
1057	160	1178	SEA
1057	170	2627	SDA
1057	178	593	SEA
1057	927	498	SEA
1057	960	581	SEA
1057	961	582	SEA
1059	160	1184	SEA
1059	170	278	SDA
1059	178	682	SEA
1059	927	727	SEA
1059	960	599	SEA
1059	961	549	SEA
1063	160	1200	SEA
1063	170	254	SEA
1063	178	685	SEA
1063	927	712	SEA
1063	960	629	SEA
1063	961	423	SDA
1064	160	1144	SEA
1064	170	253	SEA
1064	178	797	SEA
1064	927	700	SEA
1064	960	568	SEA
1064	961	902	SEA
1067	160	1149	SEA
1067	170	254	SDA
1067	178	722	SEA
1067	927	833	SEA
1067	960	483	SEA
1067	961	908	SEA
1069	160	661	SDA
1069	170	225	SDA
1069	178	753	SEA
1069	927	857	SEA
1069	960	565	SEA
1069	961	939	SEA
1071	160	712	SDA
1071	170	197	SDA
1071	178	696	SEA
1071	927	900	SEA
1071	960	558	SEA
1071	961	47	SDA
1074	160	743	SEA
1074	170	55	SDA
1074	178	714	SEA
1074	927	659	SEA
1074	960	484	SEA
1074	961	152	SDA
1075	160	738	SEA
1075	170	85	SDA
1075	178	686	SEA
1075	927	655	SEA
1075	960	529	SEA
1075	961	173	SDA
1090	160	353	SDA
1090	170	236	SEA
1090	178	1427	SEA
1090	927	630	SEA
1090	960	653	SEA
1090	961	774	SEA
1093	160	1146	SEA
1093	170	299	SEA
1093	178	1467	SEA
1093	927	483	SEA
1093	960	633	SEA
1093	961	868	SEA
1099	160	537	SDA
1099	170	301	SDA
1099	178	1269	SEA
1099	927	541	SEA
1099	960	565	SEA
1099	961	535	SDA
1103	160	401	SDA
1103	170	364	SDA
1103	178	1234	SEA
1103	927	678	SEA
1103	960	526	SEA
1103	961	495	SEA
1105	160	386	SDA
1105	170	935	SDA
1105	178	1235	SEA
1105	927	359	SEA
1105	960	642	SEA
1105	961	473	SEA
1108	160	274	SDA
1108	170	927	SDA
1108	178	1225	SEA
1108	927	221	SEA
1108	960	651	SEA
1108	961	719	SEA
1112	160	202	SDA
1112	170	955	SDA
1112	178	1245	SEA
1112	927	220	SEA
1112	960	583	SEA
1112	961	753	SEA
1119	160	97	SDA
1119	170	1312	SDA
1119	178	1288	SEA
1119	927	408	SEA
1119	960	379	SEA
1119	961	669	SDA
1127	170	1208	SDA
1127	178	412	SEA
1127	927	642	SEA
1127	960	310	SEA
1127	961	621	SEA
1130	170	1180	SDA
1130	178	618	SEA
1130	927	581	SEA
1130	960	367	SEA
1130	961	657	SEA
1132	170	1225	SEA
1132	178	537	SEA
1132	927	517	SEA
1132	960	492	SEA
1132	961	228	SDA
1136	170	1135	SEA
1136	178	533	SEA
1136	927	724	SEA
1136	960	727	SEA
1136	961	283	SDA
1140	160	404	SEA
1140	170	1217	SDA
1140	178	642	SEA
1140	927	1120	SEA
1140	960	755	SEA
1140	961	225	SDA
1146	160	490	SEA
1146	170	1145	SDA
1146	178	960	SEA
1146	927	1134	SEA
1146	960	127	SEA
1146	961	479	SEA
1149	160	542	SDA
1149	170	967	SDA
1149	178	987	SEA
1149	927	1020	SEA
1149	960	229	SEA
1149	961	370	SEA
1153	160	1171	SDA
1153	170	1765	SDA
1153	178	1030	SEA
1153	927	1019	SEA
1153	960	140	SEA
1153	961	278	SEA
1154	160	1207	SDA
1154	170	1735	SDA
1154	178	1003	SEA
1154	927	979	SEA
1154	960	142	SEA
1154	961	324	SEA
1157	160	1212	SDA
1157	170	1687	SDA
1157	178	631	SEA
1157	927	839	SEA
1157	960	105	SEA
1157	961	283	SEA
1164	160	1122	SDA
1164	170	1734	SDA
1164	178	786	SDA
1164	927	933	SEA
1164	960	396	SEA
1164	961	452	SEA
1168	160	1042	SDA
1168	170	1740	SDA
1168	178	1020	SEA
1168	927	1000	SEA
1168	960	348	SEA
1168	961	733	SEA
1181	160	1487	SDA
1181	178	967	SEA
1181	927	811	SEA
1181	960	1503	SDA
1181	961	170	SEA
1183	160	1847	SDA
1183	178	548	SDA
1183	927	826	SEA
1183	960	232	SDA
1183	961	125	SEA
1188	160	1709	SDA
1188	178	508	SEA
1188	927	783	SEA
1188	960	199	SDA
1188	961	1171	SEA
1190	160	1811	SDA
1190	178	587	SEA
1190	927	959	SEA
1190	960	185	SDA
1190	961	1108	SEA
1200	160	1090	SDA
1200	170	1591	SDA
1200	178	472	SEA
1200	927	918	SEA
1200	960	251	SEA
1200	961	377	SDA
1205	160	977	SDA
1205	170	435	SDA
1205	178	999	SEA
1205	927	1080	SEA
1205	960	312	SEA
1205	961	314	SDA
1209	160	1139	SDA
1209	170	391	SDA
1209	178	876	SEA
1209	927	899	SEA
1209	960	425	SEA
1209	961	706	SEA
1210	160	1216	SDA
1210	170	339	SDA
1210	178	948	SEA
1210	927	839	SEA
1210	960	369	SEA
1210	961	707	SEA
1214	160	1316	SDA
1214	170	332	SDA
1214	178	942	SEA
1214	927	765	SEA
1214	960	559	SEA
1214	961	859	SDA
1228	160	1171	SDA
1228	170	9	SDA
1228	178	682	SEA
1228	927	1039	SEA
1228	960	597	SEA
1228	961	1298	SEA
1239	160	72	SDA
1239	170	60	SEA
1239	178	1424	SDA
1239	927	1140	SEA
1239	960	802	SEA
1239	961	577	SEA
1240	160	104	SDA
1240	170	43	SEA
1240	178	1497	SDA
1240	927	1140	SEA
1240	960	808	SEA
1240	961	581	SEA
1243	160	12	SDA
1243	170	68	SEA
1243	178	1569	SEA
1243	927	1079	SEA
1243	960	868	SEA
1243	961	559	SEA
1248	160	2	SEA
1248	170	65	SEA
1248	178	332	SEA
1248	927	973	SEA
1248	960	751	SEA
1248	961	575	SEA
1252	160	1051	SEA
1252	170	881	SEA
1252	178	171	SEA
1252	927	1013	SEA
1252	960	715	SEA
1252	961	1229	SDA
1255	160	996	SDA
1255	170	965	SEA
1255	178	49	SEA
1255	927	1021	SEA
1255	960	766	SEA
1255	961	1305	SDA
1257	160	1295	SDA
1257	170	923	SEA
1257	178	31	SEA
1257	927	1200	SEA
1257	960	752	SEA
1257	961	1333	SDA
1264	160	1474	SDA
1264	170	871	SDA
1264	178	175	SEA
1264	927	1039	SEA
1264	960	715	SEA
1264	961	534	SEA
1265	160	1480	SDA
1265	170	822	SDA
1265	178	170	SEA
1265	927	1021	SEA
1265	960	707	SEA
1265	961	533	SEA
1275	160	970	SEA
1275	170	1423	SDA
1275	178	279	SEA
1275	927	1200	SEA
1275	960	644	SEA
1275	961	425	SEA
1278	160	2005	SEA
1278	178	416	SEA
1278	927	1200	SEA
1278	960	637	SEA
1278	961	375	SEA
1279	160	2005	SEA
1279	178	416	SEA
1279	927	1200	SEA
1279	960	637	SEA
1279	961	375	SEA
1280	160	1960	SEA
1280	178	554	SDA
1280	927	1200	SEA
1280	960	686	SEA
1280	961	372	SEA
1284	160	1939	SEA
1284	178	567	SDA
1284	927	1111	SEA
1284	960	591	SEA
1284	961	379	SEA
1289	160	1960	SEA
1289	178	2126	SEA
1289	927	1182	SEA
1289	960	470	SEA
1289	961	1291	SDA
1295	160	408	SEA
1295	927	1200	SEA
1295	960	364	SEA
1295	961	586	SDA
1296	160	408	SEA
1296	927	1200	SEA
1296	960	364	SEA
1296	961	586	SDA
1301	178	874	SEA
1301	927	1139	SEA
1301	960	621	SEA
1301	961	611	SDA
1306	178	757	SEA
1306	927	991	SEA
1306	960	615	SEA
1306	961	511	SDA
1308	178	768	SEA
1308	927	990	SEA
1308	960	608	SEA
1308	961	522	SDA
1312	178	827	SEA
1312	927	1036	SEA
1312	960	560	SEA
1312	961	455	SDA
1319	178	858	SEA
1319	927	1200	SEA
1319	960	803	SEA
1319	961	1114	SEA
