363	160	589	SEA
363	170	813	SEA
363	178	894	SEA
363	925	406	SEA
363	960	448	SEA
363	961	592	SEA
375	160	625	SEA
375	170	1039	SEA
375	178	743	SEA
375	925	597	SDA
375	960	499	SEA
375	961	454	SEA
408	160	553	SEA
408	170	659	SDA
408	178	739	SEA
408	925	370	SEA
408	960	324	SEA
408	961	247	SEA
409	160	613	SEA
409	170	674	SDA
409	178	814	SEA
409	925	331	SEA
409	960	296	SEA
409	961	246	SEA
421	160	786	SDA
421	170	1189	LSD
421	178	844	SEA
421	925	300	SEA
421	960	693	SEA
421	961	491	SEA
422	160	802	SDA
422	170	1192	LSD
422	178	896	SEA
422	925	300	SEA
422	960	819	SEA
422	961	259	SEA
435	160	900	SEA
435	170	887	SDA
435	178	490	SEA
435	925	223	SDA
435	960	405	SEA
435	961	508	SEA
439	160	188	SEA
439	170	1744	LSD
439	178	838	SEA
439	925	258	SDA
439	960	318	SEA
439	961	253	SEA
448	160	360	SEA
448	170	807	SDA
448	178	518	SEA
448	925	141	SEA
448	960	260	SEA
448	961	364	SEA
458	160	360	SEA
458	170	585	LSD
458	178	673	SDA
458	925	289	SEA
458	960	601	SEA
458	961	291	SEA
463	160	139	SEA
463	170	767	SDA
463	178	596	SEA
463	925	608	SEA
463	960	319	SEA
463	961	184	SEA
490	160	900	SEA
490	170	693	SEA
490	178	607	SEA
490	925	378	SEA
490	960	314	SEA
490	961	562	SEA
494	160	900	SEA
494	170	693	SEA
494	178	856	SEA
494	925	331	SEA
494	960	384	SEA
494	961	291	SEA
507	170	1626	SEA
507	178	474	SEA
507	925	552	SEA
507	960	720	SEA
507	961	386	SEA
508	170	1597	SEA
508	178	518	SDA
508	925	565	SEA
508	960	720	SEA
508	961	407	SEA
513	160	1210	SEA
513	170	1269	SEA
513	178	727	SEA
513	925	321	SEA
513	960	523	SEA
513	961	588	SEA
517	160	1217	SEA
517	170	1084	SEA
517	178	655	SEA
517	925	464	SEA
517	960	540	SEA
517	961	405	SEA
529	160	2510	SEA
529	170	1871	SDA
529	178	854	SEA
529	925	286	SEA
529	960	520	SDA
529	961	1273	SEA
531	160	2511	SEA
531	170	1927	SDA
531	178	563	SEA
531	925	218	SEA
531	960	570	SDA
531	961	1264	SEA
536	178	533	SEA
536	925	627	SEA
536	960	366	SEA
536	961	780	SEA
543	160	110	SDA
543	170	1665	SEA
543	178	891	SEA
543	925	505	SEA
543	960	639	SEA
543	961	780	SEA
554	160	87	SDA
554	170	1994	SDA
554	178	920	SEA
554	925	746	SEA
554	960	264	SEA
554	961	522	SEA
568	160	644	SDA
568	178	964	SEA
568	925	974	SEA
568	960	356	SEA
568	961	720	SEA
593	170	1435	SDA
593	178	917	SEA
593	925	993	SEA
593	960	735	SEA
593	961	1655	SEA
606	160	387	SDA
606	170	1551	SDA
606	178	929	SEA
606	925	839	SEA
606	960	674	SEA
606	961	716	SEA
607	160	387	SDA
607	170	1542	SDA
607	178	919	SEA
607	925	899	SEA
607	960	685	SEA
607	961	657	SEA
623	160	2225	SDA
623	178	818	SEA
623	925	851	SEA
623	960	479	SEA
623	961	731	SEA
654	170	203	SDA
654	178	365	SEA
654	925	1005	SEA
654	960	599	SEA
654	961	839	SEA
667	160	489	SEA
667	170	1218	SEA
667	178	1067	SEA
667	925	796	SEA
667	960	720	SEA
667	961	839	SEA
672	160	603	SEA
672	170	1166	SEA
672	178	80	SEA
672	925	724	SEA
672	960	774	SEA
672	961	837	SEA
694	170	744	SDA
694	178	61	SEA
694	925	899	SEA
694	960	1559	SEA
694	961	840	SEA
710	170	1046	SEA
710	178	818	SEA
710	925	962	SEA
710	960	720	SEA
710	961	779	SEA
718	160	1536	SEA
718	170	2018	SDA
718	178	758	SEA
718	925	1079	SEA
718	960	399	SEA
718	961	952	SEA
720	160	1608	SEA
720	170	2072	SDA
720	178	693	SEA
720	925	840	SEA
720	960	219	SEA
720	961	840	SEA
727	160	1481	SEA
727	170	913	SEA
727	178	641	SEA
727	925	969	SEA
727	960	722	SEA
727	961	760	SEA
729	160	163	SEA
729	170	882	SEA
729	178	803	SEA
729	925	1046	SEA
729	960	688	SEA
729	961	662	SEA
757	160	1176	LSD
757	178	1739	SEA
757	925	772	SEA
757	960	720	SEA
757	961	855	SEA
760	178	1579	SEA
760	925	720	SEA
760	960	643	SEA
760	961	852	SEA
761	160	1299	LSD
761	178	559	SEA
761	925	721	SEA
761	960	690	SEA
761	961	815	SEA
765	160	1440	LSD
765	170	1078	SEA
765	178	1232	SEA
765	925	731	SEA
765	960	757	SEA
765	961	824	SEA
768	160	1734	LSD
768	170	1290	SEA
768	178	1321	SEA
768	925	861	SEA
768	960	729	SEA
768	961	856	SEA
770	160	1852	LSD
770	170	2178	SEA
770	178	1266	SDA
770	925	837	SEA
770	960	720	SEA
770	961	855	SEA
771	160	1413	SEA
771	170	2162	SEA
771	178	387	SDA
771	925	884	SEA
771	960	719	SEA
771	961	833	SEA
772	160	1413	SEA
772	170	2162	SEA
772	178	387	SDA
772	925	884	SEA
772	960	719	SEA
772	961	833	SEA
773	160	1398	SEA
773	170	2192	SEA
773	178	474	SDA
773	925	965	SEA
773	960	669	SEA
773	961	844	SEA
775	160	1398	SEA
775	170	2211	SEA
775	178	356	SDA
775	925	976	SEA
775	960	638	SEA
775	961	815	SEA
778	160	511	SEA
778	178	414	SEA
778	925	900	SEA
778	960	777	SEA
778	961	779	SEA
779	160	571	SEA
779	178	396	SEA
779	925	900	SEA
779	960	780	SEA
779	961	719	SEA
791	160	149	SEA
791	170	719	SEA
791	178	625	SEA
791	925	900	SEA
791	960	811	SEA
791	961	579	SEA
798	160	241	SEA
798	170	825	SEA
798	178	408	SEA
798	925	839	SEA
798	960	786	SEA
798	961	282	SEA
801	160	281	SEA
801	170	826	SEA
801	178	718	SEA
801	925	778	SEA
801	960	786	SEA
801	961	287	SEA
804	160	267	SEA
804	170	1361	SEA
804	178	972	SEA
804	925	785	SEA
804	960	761	SEA
804	961	370	SEA
808	170	1238	SDA
808	178	698	SEA
808	925	826	SEA
808	960	749	SEA
808	961	346	SEA
810	170	1403	SDA
810	178	648	SEA
810	925	900	SEA
810	960	622	SEA
810	961	541	SEA
819	170	1342	SDA
819	178	725	SEA
819	925	660	SEA
819	960	450	SEA
819	961	412	SEA
834	160	678	SEA
834	178	777	SEA
834	925	769	SEA
834	960	746	SEA
834	961	495	SEA
840	160	1640	SEA
840	178	624	SEA
840	925	779	SEA
840	960	660	SEA
840	961	474	SEA
847	160	1354	SEA
847	178	605	SEA
847	925	707	SEA
847	960	339	SEA
847	961	478	SEA
853	160	369	SDA
853	170	749	SEA
853	178	943	SDA
853	925	899	SEA
853	960	640	SEA
853	961	405	SEA
859	160	1897	SEA
859	170	969	SEA
859	925	816	SEA
859	960	690	SEA
859	961	508	SEA
863	160	2351	SEA
863	170	768	SEA
863	178	721	SEA
863	925	729	SEA
863	960	569	SEA
863	961	409	SEA
871	160	770	SEA
871	170	1131	SDA
871	178	529	SEA
871	925	973	SEA
871	960	575	SEA
871	961	395	SEA
876	160	1761	SEA
876	170	1267	SDA
876	178	482	SEA
876	925	981	SEA
876	960	704	SEA
876	961	951	SEA
887	170	1460	SEA
887	178	891	SEA
887	925	747	SEA
887	960	594	SEA
887	961	1022	SEA
889	170	1395	SEA
889	178	881	SEA
889	925	783	SEA
889	960	683	SEA
889	961	380	SEA
893	160	1870	SEA
893	170	1486	SEA
893	178	1559	SEA
893	925	870	SEA
893	960	673	SEA
893	961	546	SEA
895	160	2098	SEA
895	170	1050	SEA
895	178	619	SEA
895	925	900	SEA
895	960	693	SEA
895	961	576	SEA
901	170	1323	SEA
901	178	840	SEA
901	925	904	SEA
901	960	688	SEA
901	961	593	SEA
908	160	144	SDA
908	170	1647	SDA
908	178	542	SEA
908	925	900	SEA
908	960	599	SEA
908	961	489	SEA
918	170	971	SEA
918	178	663	SEA
918	925	1768	SEA
918	960	597	SEA
918	961	585	SEA
920	170	971	SEA
920	178	1368	SEA
920	925	1799	SEA
920	960	595	SEA
920	961	615	SEA
922	170	1059	SEA
922	178	814	SEA
922	925	925	SEA
922	960	727	SEA
922	961	599	SEA
923	170	1159	SEA
923	178	798	SEA
923	925	900	SEA
923	960	726	SEA
923	961	607	SEA
924	160	555	SDA
924	170	1239	SEA
924	178	231	SEA
924	925	900	SEA
924	960	742	SEA
924	961	540	SEA
926	160	587	SDA
926	170	1945	SEA
926	178	6	SEA
926	925	900	SEA
926	960	753	SEA
926	961	583	SEA
932	170	1861	SDA
932	178	185	SEA
932	925	1007	SEA
932	960	539	SEA
932	961	581	SEA
933	170	1837	SDA
933	178	232	SEA
933	925	1005	SEA
933	960	479	SEA
933	961	649	SEA
936	170	1819	SDA
936	178	448	SEA
936	925	900	SEA
936	960	236	SEA
936	961	471	SEA
937	170	508	SEA
937	178	538	SEA
937	925	900	SEA
937	960	214	SEA
937	961	514	SEA
940	170	779	SEA
940	178	616	SEA
940	925	900	SEA
940	960	403	SEA
940	961	522	SEA
941	170	819	SEA
941	178	644	SEA
941	925	900	SEA
941	960	536	SEA
941	961	542	SEA
943	170	1111	SEA
943	178	257	SEA
943	925	899	SEA
943	960	547	SEA
943	961	556	SEA
944	170	1143	SEA
944	178	340	SEA
944	925	839	SEA
944	960	404	SEA
944	961	624	SEA
950	170	1767	SEA
950	178	800	SEA
950	925	1013	SEA
950	960	578	SEA
950	961	564	SEA
952	170	1697	SEA
952	178	303	SEA
952	925	900	SEA
952	960	446	SEA
952	961	600	SEA
953	170	1716	SEA
953	178	272	SEA
953	925	900	SEA
953	960	293	SEA
953	961	570	SEA
965	178	4	SEA
965	925	890	SEA
965	960	404	SEA
965	961	719	SEA
967	170	1468	SEA
967	178	20	SEA
967	925	901	SEA
967	960	229	SEA
967	961	657	SEA
972	170	1503	SEA
972	178	379	SEA
972	925	840	SEA
972	960	345	SEA
972	961	686	SEA
986	170	1459	SEA
986	178	699	SEA
986	925	839	SEA
986	960	615	SEA
986	961	660	SEA
987	170	1398	SEA
987	178	742	SEA
987	925	892	SEA
987	960	615	SEA
987	961	660	SEA
989	170	1336	SEA
989	178	756	SEA
989	925	868	SEA
989	960	631	SEA
989	961	659	SEA
992	170	1220	SDA
992	178	886	SEA
992	925	846	SEA
992	960	521	SEA
992	961	555	SEA
1000	170	1176	SEA
1000	178	823	SEA
1000	925	839	SEA
1000	960	562	SEA
1000	961	660	SEA
1006	170	895	SEA
1006	178	816	SEA
1006	925	882	SEA
1006	960	430	SEA
1006	961	961	SEA
1007	170	895	SEA
1007	178	816	SEA
1007	925	882	SEA
1007	960	430	SEA
1007	961	961	SEA
1008	170	910	SEA
1008	178	780	SEA
1008	925	863	SEA
1008	960	399	SEA
1008	961	984	SEA
1010	170	1033	SEA
1010	178	761	SEA
1010	925	840	SEA
1010	960	462	SEA
1013	170	1588	SEA
1013	178	857	SEA
1013	925	840	SEA
1013	960	332	SEA
1013	961	915	SEA
1014	160	900	SEA
1014	170	1590	SEA
1014	178	717	SEA
1014	925	839	SEA
1014	960	544	SEA
1014	961	914	SEA
1016	160	900	SEA
1016	170	1715	SEA
1016	178	606	SEA
1016	925	891	SEA
1016	960	336	SEA
1016	961	944	SEA
1019	160	900	SEA
1019	170	1686	SEA
1019	178	618	SEA
1019	925	902	SEA
1019	960	490	SEA
1019	961	946	SEA
1023	160	779	SEA
1023	170	1818	SDA
1023	178	618	SEA
1023	925	950	SEA
1023	960	612	SEA
1023	961	922	SEA
1026	160	539	SEA
1026	170	1981	SDA
1026	178	689	SEA
1026	925	780	SEA
1026	960	603	SEA
1026	961	900	SEA
1028	160	419	SEA
1028	170	2077	SDA
1028	178	827	SEA
1028	925	779	SEA
1028	960	539	SEA
1028	961	900	SEA
1033	160	696	SEA
1033	170	482	SEA
1033	178	673	SEA
1033	925	711	SEA
1033	960	239	SEA
1033	961	888	SEA
1037	160	499	SEA
1037	170	667	SEA
1037	178	643	SEA
1037	925	846	SEA
1037	960	2	SEA
1037	961	928	SEA
1040	160	820	SEA
1040	170	959	SEA
1040	178	616	SEA
1040	925	775	SEA
1040	960	421	SEA
1040	961	877	SEA
1042	160	866	SEA
1042	170	1132	SEA
1042	178	914	SEA
1042	925	699	SEA
1042	960	127	SEA
1042	961	863	SEA
1048	170	1216	SDA
1048	178	878	SEA
1048	925	640	SEA
1048	960	527	SEA
1048	961	623	SEA
1049	170	1046	SDA
1049	178	851	SEA
1049	925	599	SEA
1049	960	518	SEA
1049	961	652	SEA
1051	160	959	SEA
1051	170	1095	SDA
1051	178	855	SEA
1051	925	654	SEA
1051	960	976	SEA
1051	961	654	SEA
1053	160	919	SEA
1053	170	1077	SDA
1053	178	809	SEA
1053	925	624	SEA
1053	960	937	SEA
1053	961	635	SEA
1057	160	659	SEA
1057	170	1083	SDA
1057	178	899	SEA
1057	925	637	SEA
1057	960	1597	SEA
1057	961	614	SEA
1059	160	479	SEA
1059	170	228	SDA
1059	178	454	SDA
1059	925	722	SEA
1059	960	540	SEA
1059	961	596	SEA
1063	160	461	SEA
1063	170	61	SDA
1063	178	426	SEA
1063	925	1418	SEA
1063	960	637	SEA
1063	961	1415	SEA
1064	160	461	SEA
1064	170	301	SDA
1064	178	465	SEA
1064	925	636	SEA
1064	960	569	SEA
1064	961	1457	SEA
1067	160	461	SEA
1067	170	368	SDA
1067	178	410	SEA
1067	925	678	SEA
1067	960	458	SEA
1067	961	597	SEA
1069	160	440	SEA
1069	170	161	SDA
1069	178	430	SEA
1069	925	651	SEA
1069	960	527	SEA
1069	961	613	SEA
1071	160	320	SEA
1071	170	182	SDA
1071	178	746	SEA
1071	925	637	SEA
1071	960	482	SEA
1071	961	537	SEA
1074	160	40	SEA
1074	170	281	SDA
1074	178	620	SEA
1074	925	708	SEA
1074	960	519	SEA
1074	961	646	SEA
1075	160	20	SEA
1075	170	788	SEA
1075	178	677	SEA
1075	925	684	SEA
1075	960	552	SEA
1075	961	626	SEA
1090	160	840	SEA
1090	170	375	SEA
1090	178	778	SDA
1090	925	574	SEA
1090	960	488	SEA
1090	961	575	SEA
1093	160	1040	SEA
1093	170	183	SEA
1093	178	734	SEA
1093	925	545	SEA
1093	960	420	SEA
1093	961	506	SEA
1099	160	981	LSD
1099	170	175	SEA
1099	178	768	SEA
1099	925	548	SEA
1099	960	430	SEA
1099	961	664	SEA
1103	160	1436	SDA
1103	170	780	SEA
1103	178	612	SDA
1103	925	524	SEA
1103	960	1616	SEA
1103	961	698	SEA
1105	160	160	SDA
1105	170	912	SEA
1105	178	653	SEA
1105	925	753	SEA
1105	960	600	SEA
1105	961	753	SEA
1108	160	369	SDA
1108	170	926	SDA
1108	178	651	SEA
1108	925	837	SEA
1108	960	812	SEA
1108	961	900	SEA
1112	160	739	SDA
1112	170	1161	SEA
1112	178	676	SEA
1112	925	780	SEA
1112	960	742	SEA
1112	961	900	SEA
1119	160	1229	SEA
1119	170	1055	SEA
1119	178	745	SEA
1119	925	737	SEA
1119	960	604	SEA
1119	961	900	SEA
1127	160	592	SEA
1127	170	1443	SDA
1127	178	784	SEA
1127	925	611	SEA
1127	960	457	SEA
1127	961	866	SEA
1130	160	832	SEA
1130	170	633	SEA
1130	178	933	SEA
1130	925	620	SEA
1130	960	588	SEA
1130	961	857	SEA
1132	160	932	SEA
1132	170	1068	SEA
1132	178	499	SEA
1132	925	544	SEA
1132	960	575	SEA
1132	961	892	SEA
1136	160	1132	SEA
1136	170	1009	SEA
1136	178	299	SEA
1136	925	546	SEA
1136	960	461	SEA
1136	961	900	SEA
1140	160	1611	SEA
1140	170	1007	SEA
1140	178	1073	SEA
1140	925	553	SEA
1140	960	468	SEA
1140	961	749	SEA
1149	160	1827	SEA
1149	170	1065	SEA
1149	178	815	SEA
1149	925	597	SEA
1149	960	543	SEA
1149	961	828	SEA
1153	160	1783	SDA
1153	170	1333	SEA
1153	178	882	SEA
1153	925	627	SEA
1153	960	534	SEA
1153	961	900	SEA
1154	160	1787	SDA
1154	170	1352	SEA
1154	178	881	SEA
1154	925	613	SEA
1154	960	571	SEA
1154	961	900	SEA
1157	160	1726	SDA
1157	170	1571	SEA
1157	178	850	SEA
1157	925	600	SEA
1157	960	660	SEA
1157	961	900	SEA
1164	170	2335	SEA
1164	178	694	SDA
1164	925	543	SEA
1164	960	477	SEA
1164	961	900	SEA
1168	160	1558	SDA
1168	178	741	SDA
1168	925	734	SEA
1168	960	655	SEA
1168	961	899	SEA
1181	160	891	SEA
1181	170	836	SEA
1181	178	988	SEA
1181	925	931	SEA
1181	960	674	SEA
1181	961	840	SEA
1183	160	891	SEA
1183	170	802	SEA
1183	178	970	SEA
1183	925	780	SEA
1183	960	538	SEA
1183	961	839	SEA
1188	160	891	SEA
1188	170	963	SEA
1188	178	997	SEA
1188	925	779	SEA
1188	960	595	SEA
1188	961	645	SEA
1190	160	891	SEA
1190	170	967	SEA
1190	178	969	SEA
1190	925	736	SEA
1190	960	680	SEA
1190	961	578	SEA
1200	160	1132	SEA
1200	170	1696	SDA
1200	178	1111	SEA
1200	925	686	SEA
1200	960	711	SEA
1200	961	779	SEA
1205	160	1970	SEA
1205	170	741	SEA
1205	178	1152	SEA
1205	960	746	SEA
1205	961	764	SEA
1209	160	1790	SEA
1209	170	714	SEA
1209	178	1172	SEA
1209	960	550	SEA
1209	961	1558	SEA
1210	160	1730	SEA
1210	170	652	SEA
1210	178	1098	SEA
1210	960	707	SEA
1210	961	689	SEA
1214	160	188	SEA
1214	170	993	SEA
1214	178	1093	SEA
1214	960	641	SEA
1214	961	799	SEA
1228	160	632	SEA
1228	170	972	SDA
1228	178	1192	SEA
1228	960	728	SEA
1228	961	884	SEA
1239	170	1600	SDA
1239	178	1012	SEA
1239	960	332	SEA
1239	961	897	SEA
1240	170	1607	SDA
1240	178	981	SEA
1240	960	292	SEA
1240	961	897	SEA
1243	170	2293	SDA
1243	178	1010	SDA
1243	960	840	SEA
1243	961	835	SEA
1248	170	2192	SDA
1248	178	968	SEA
1248	960	932	SEA
1248	961	900	SEA
1252	170	44	SEA
1252	178	1029	SEA
1252	960	939	SEA
1252	961	1004	SEA
1255	170	240	SEA
1255	178	1162	SEA
1255	960	840	SEA
1255	961	1004	SEA
1256	170	320	SEA
1256	178	1183	SEA
1256	960	840	SEA
1256	961	943	SEA
1257	170	320	SEA
1257	178	1183	SEA
1257	960	840	SEA
1257	961	943	SEA
1264	160	919	SEA
1264	170	1382	SEA
1264	178	752	SEA
1264	960	837	SEA
1264	961	838	SEA
1265	160	839	SEA
1265	170	1382	SEA
1265	178	752	SEA
1265	960	801	SEA
1265	961	807	SEA
1275	160	1020	SEA
1275	170	1977	SDA
1275	178	896	SEA
1275	960	718	SEA
1275	961	920	SEA
1278	160	1019	SEA
1278	178	1313	SEA
1278	960	722	SEA
1278	961	918	SEA
1280	160	979	SEA
1280	178	1153	SEA
1280	960	740	SEA
1280	961	938	SEA
1284	160	659	SEA
1284	178	1234	SDA
1284	960	780	SEA
1284	961	866	SEA
1295	160	1079	SEA
1295	170	915	SEA
1295	178	426	SEA
1295	960	780	SEA
1295	961	1184	SEA
1296	160	1079	SEA
1296	170	915	SEA
1296	178	426	SEA
1296	960	780	SEA
1296	961	1184	SEA
1301	160	779	SEA
1301	170	1259	SEA
1301	178	682	SEA
1301	960	920	SEA
1306	178	666	SEA
1306	960	865	SEA
1306	961	1519	SEA
1308	178	742	SEA
1308	960	840	SEA
1308	961	1519	SEA
1312	160	195	SEA
1312	170	2186	SDA
1312	178	937	SEA
1312	960	799	SEA
1312	961	1418	SEA
1319	160	80	SEA
1319	170	33	SEA
1319	178	904	SEA
1319	960	878	SEA
1319	961	1531	SEA
