363	178	900	SEA
363	856	411	SEA
363	903	450	SEA
375	178	788	SEA
375	856	345	SEA
375	903	262	SEA
395	178	1475	SEA
395	856	273	SEA
395	903	226	SEA
408	178	1312	SEA
408	856	202	SEA
408	903	21	SEA
409	178	1313	SEA
409	856	194	LSD
409	903	18	SEA
421	178	481	SEA
421	856	307	SEA
421	903	67	SEA
422	178	575	SEA
422	856	319	SEA
422	903	78	SEA
435	178	1242	SEA
435	856	270	SDA
435	903	391	SEA
439	178	1286	SDA
439	856	5	SEA
439	903	15	SEA
448	178	1250	SEA
448	856	26	SEA
448	903	321	SEA
463	178	1029	SEA
463	856	356	SEA
463	903	351	SEA
465	178	1002	SEA
465	856	340	SEA
465	903	455	SEA
492	178	1220	SEA
492	856	358	SEA
492	903	151	SEA
494	178	1203	SEA
494	856	84	SEA
494	903	191	SEA
500	178	1011	SEA
500	856	219	SEA
500	903	330	SEA
507	178	968	SEA
507	856	331	SEA
507	903	252	SEA
508	178	979	SEA
508	856	356	SEA
508	903	291	SEA
512	178	1032	SEA
512	856	493	SEA
512	903	358	SEA
520	178	814	SEA
520	856	277	SEA
520	903	316	SEA
529	178	902	SEA
529	856	236	SEA
529	903	474	SEA
543	178	1035	SEA
543	856	379	SEA
543	903	317	SEA
549	178	1484	SEA
549	856	575	SDA
549	903	545	SEA
554	178	1413	SEA
554	856	258	SEA
554	903	354	SEA
568	856	567	SEA
568	903	413	SEA
570	856	547	SEA
570	903	658	SEA
578	178	1636	SEA
578	856	828	SEA
578	903	579	SEA
593	178	992	SEA
593	856	609	SEA
593	903	432	SEA
606	178	736	SEA
606	856	521	SEA
606	903	275	SEA
607	178	718	SEA
607	856	624	SEA
607	903	260	SEA
624	178	344	SEA
624	856	261	SEA
624	903	121	SEA
629	178	260	SEA
629	856	513	SEA
629	903	627	SEA
630	178	260	SEA
630	856	513	SEA
630	903	627	SEA
637	178	398	SEA
637	856	634	SEA
637	903	275	SEA
667	178	1338	SEA
667	856	196	SEA
667	903	489	SEA
672	178	1186	SEA
672	856	431	SEA
672	903	217	SEA
684	178	7	SEA
684	856	541	SEA
684	903	401	SEA
692	178	8	SEA
692	856	354	SEA
692	903	499	SEA
694	178	1637	SEA
694	856	478	SEA
694	903	578	SEA
710	178	624	SEA
710	856	522	SEA
710	903	332	SEA
718	178	586	SEA
718	856	222	SEA
718	903	339	SEA
720	178	541	SEA
720	856	403	SEA
720	903	484	SEA
727	178	571	SEA
727	856	138	SEA
727	903	99	SEA
729	178	598	SEA
729	856	249	SEA
729	903	69	SEA
739	178	550	SEA
739	856	330	SEA
739	903	492	SEA
740	178	601	SEA
740	856	360	SEA
740	903	503	SEA
749	178	64	SEA
749	856	107	SEA
749	903	84	SEA
751	178	16	SEA
751	856	97	SEA
751	903	161	SEA
757	178	426	SEA
757	856	396	SEA
757	903	280	SEA
759	178	362	SEA
759	856	423	SEA
759	903	252	SEA
760	178	1379	SEA
760	856	342	SEA
760	903	246	SEA
761	178	1402	SEA
761	856	375	SEA
761	903	181	SEA
765	178	917	SEA
765	856	602	SEA
765	903	149	SEA
768	178	976	SEA
768	856	229	SEA
768	903	496	SEA
770	178	1026	SEA
770	856	355	SEA
770	903	513	SEA
771	178	1109	SEA
771	856	359	SEA
771	903	551	SEA
772	178	1109	SEA
772	856	359	SEA
772	903	551	SEA
773	178	1093	SEA
773	856	461	SEA
773	903	415	SEA
774	178	1106	SEA
774	856	495	SEA
774	903	365	SEA
775	178	1106	SEA
775	856	495	SEA
775	903	365	SEA
778	178	1053	SDA
778	856	581	SEA
778	903	334	SEA
779	178	1055	SDA
779	856	240	SEA
779	903	288	SEA
783	178	1073	SDA
783	856	520	SEA
783	903	417	SEA
791	178	1006	SEA
791	856	387	SEA
791	903	760	SEA
798	178	984	SEA
798	856	187	SEA
798	903	414	SEA
801	178	973	SEA
801	856	373	SEA
801	903	404	SEA
804	178	988	SEA
804	856	528	SEA
804	903	495	SEA
808	178	1022	SEA
808	856	565	SEA
808	903	360	SEA
810	178	1003	SEA
810	856	398	SEA
810	903	392	SEA
819	178	973	SEA
819	856	238	SEA
819	903	573	SEA
834	178	540	SEA
834	856	627	SEA
834	903	869	SEA
840	178	1659	SEA
840	856	470	SEA
840	903	123	SDA
847	178	1621	SDA
847	856	860	SEA
847	903	129	SEA
853	178	336	SEA
853	856	675	SEA
853	903	125	SEA
859	178	456	SEA
859	856	485	SEA
859	903	294	SEA
863	178	549	SEA
863	856	580	SEA
863	903	247	SEA
871	178	965	SEA
871	856	418	SEA
871	903	393	SEA
876	178	915	SEA
876	856	1375	SEA
876	903	306	SEA
887	178	202	SEA
887	856	574	SEA
887	903	477	SEA
889	178	172	SEA
889	856	529	SEA
889	903	496	SEA
893	178	168	SEA
893	856	524	SEA
893	903	482	SEA
895	178	90	SEA
895	856	710	SEA
895	903	370	SEA
901	856	493	SEA
901	903	382	SEA
908	178	564	SEA
908	856	397	SEA
908	903	291	SEA
918	178	723	SEA
918	856	408	SEA
918	903	371	SEA
920	178	733	SEA
920	856	515	SEA
920	903	346	SEA
922	178	751	SEA
922	856	748	SEA
922	903	315	SEA
923	178	761	SEA
923	856	586	SEA
923	903	300	SEA
924	178	788	SEA
924	856	329	SEA
924	903	282	SEA
926	178	866	SEA
926	856	498	SEA
926	903	337	SEA
932	178	814	SEA
932	856	422	SEA
932	903	17	SEA
933	178	785	SEA
933	856	420	SEA
933	903	51	SEA
936	178	930	SEA
936	856	728	SEA
936	903	107	SEA
937	178	941	SEA
937	856	798	SEA
937	903	437	SEA
940	178	970	SEA
940	856	366	SEA
940	903	413	SEA
943	178	999	SEA
943	856	517	SEA
943	903	448	SEA
944	178	1048	SEA
944	856	607	SEA
944	903	306	SEA
950	178	556	SEA
950	856	246	SEA
950	903	428	SDA
952	178	533	SEA
952	856	351	SEA
952	903	393	SDA
953	178	490	SEA
953	856	355	SEA
953	903	394	SDA
965	178	451	SEA
965	856	677	SEA
965	903	420	SEA
967	178	309	SEA
967	856	496	SEA
967	903	467	SEA
972	178	558	SEA
972	856	311	SEA
972	903	239	SEA
986	178	2123	SEA
986	856	226	SEA
986	903	298	SEA
987	178	2074	SDA
987	856	286	SEA
987	903	584	SEA
989	178	2095	SDA
989	856	329	SEA
989	903	592	SEA
992	178	513	SEA
992	856	254	SDA
992	903	230	SEA
1000	178	349	SEA
1000	856	546	SEA
1000	903	272	SEA
1006	178	502	SEA
1006	856	781	SEA
1006	903	295	SEA
1007	178	502	SEA
1007	856	781	SEA
1007	903	295	SEA
1008	178	559	SEA
1008	856	818	SEA
1008	903	462	SEA
1010	178	628	SEA
1010	856	125	SEA
1010	903	486	SEA
1013	178	538	SEA
1013	856	304	SEA
1013	903	157	SEA
1014	178	586	SEA
1014	856	438	SEA
1014	903	184	SEA
1016	178	506	SEA
1016	856	606	SEA
1016	903	273	SEA
1019	178	477	SEA
1019	856	569	SEA
1019	903	223	SEA
1023	178	482	SEA
1023	856	318	SEA
1023	903	536	SEA
1026	178	1332	SEA
1026	856	751	SEA
1026	903	633	SDA
1028	178	1426	SEA
1028	856	916	SEA
1028	903	630	SEA
1033	178	960	SEA
1033	856	284	SDA
1033	903	54	SEA
1037	178	969	SEA
1037	856	452	SDA
1037	903	9	SDA
1040	178	893	SDA
1040	856	583	SEA
1040	903	61	SEA
1042	178	883	SDA
1042	856	283	SEA
1042	903	459	SEA
1048	178	944	SDA
1048	856	800	SEA
1048	903	591	SEA
1049	178	967	SDA
1049	856	249	SEA
1049	903	229	SEA
1051	178	988	SDA
1051	856	7	SEA
1051	903	269	SEA
1053	178	976	SDA
1053	856	31	SEA
1053	903	326	SEA
1057	856	291	SDA
1057	903	594	SEA
1063	178	2006	SEA
1063	856	647	SEA
1063	903	298	SDA
1064	178	1935	SEA
1064	856	174	SDA
1064	903	256	SDA
1067	178	1916	SEA
1067	856	272	LSD
1067	903	276	SDA
1069	178	1857	SEA
1069	856	214	LSD
1069	903	290	SDA
1071	178	1899	SEA
1071	856	337	LSD
1071	903	293	SEA
1074	178	714	SEA
1074	856	319	SEA
1074	903	302	SEA
1075	178	686	SEA
1075	856	355	SEA
1075	903	269	SEA
1090	178	718	SEA
1090	856	775	SEA
1090	903	374	SEA
1093	178	683	SEA
1093	856	38	SDA
1093	903	314	SEA
1099	178	724	SDA
1099	856	161	LSD
1099	903	331	SEA
1103	178	832	SEA
1103	856	127	SEA
1103	903	236	SEA
1105	178	1297	SEA
1105	856	381	SEA
1105	903	97	SEA
1108	178	1311	SEA
1108	856	630	SDA
1108	903	555	SEA
1112	178	1386	SDA
1112	856	116	SDA
1112	903	300	SEA
1119	178	1288	SEA
1119	856	680	SEA
1119	903	472	SDA
1127	178	1250	SDA
1127	856	107	LSD
1127	903	270	SEA
1130	178	1173	SDA
1130	856	575	SEA
1130	903	484	SEA
1132	178	1180	SDA
1132	856	163	LSD
1132	903	475	SEA
1136	178	1216	SDA
1136	856	310	LSD
1136	903	459	SEA
1140	178	1188	SDA
1140	856	526	SDA
1140	903	455	SEA
1146	178	801	SEA
1146	856	500	SEA
1146	903	282	SEA
1149	178	786	SDA
1149	856	542	SDA
1149	903	670	SEA
1153	178	742	SDA
1153	856	661	SEA
1153	903	199	SDA
1154	178	736	SDA
1154	856	664	SEA
1154	903	181	SDA
1157	178	746	LSD
1157	856	169	LSD
1157	903	150	SEA
1164	178	781	SEA
1164	856	116	SEA
1164	903	131	SEA
1168	178	714	SEA
1168	856	270	LSD
1168	903	605	SEA
1181	178	1032	SEA
1181	856	148	SDA
1181	903	302	SEA
1183	178	1103	SEA
1183	856	225	SDA
1183	903	318	SEA
1188	178	1053	SEA
1188	856	157	SEA
1188	903	281	SEA
1190	178	1040	SEA
1190	856	191	SEA
1190	903	589	SEA
1200	178	379	SEA
1200	856	379	SEA
1200	903	465	SEA
1205	178	325	SEA
1205	856	59	SEA
1205	903	536	SEA
1209	178	344	SEA
1209	856	367	SEA
1209	903	496	SEA
1210	178	309	SDA
1210	856	210	SEA
1210	903	449	SEA
1214	178	480	SDA
1214	856	241	SDA
1214	903	598	SEA
1228	178	822	SEA
1228	856	299	LSD
1228	903	366	SEA
1239	178	728	SEA
1239	856	1810	SDA
1239	903	428	SEA
1240	178	698	SEA
1240	856	1812	SDA
1240	903	436	SEA
1243	178	658	SEA
1243	856	810	SEA
1243	903	374	SEA
1248	178	814	SEA
1248	856	518	SDA
1248	903	484	SEA
1252	178	1803	SEA
1252	856	1206	SEA
1252	903	700	SEA
1255	178	1925	SEA
1255	856	198	SEA
1255	903	710	SEA
1257	178	1971	SEA
1257	856	201	SEA
1257	903	97	SEA
1264	178	171	SEA
1264	856	598	SDA
1264	903	161	SEA
1265	178	166	SEA
1265	856	763	SEA
1265	903	123	SEA
1275	178	275	SEA
1275	856	250	SEA
1275	903	698	SEA
1278	178	413	SEA
1278	856	122	SDA
1278	903	232	SEA
1280	178	420	SEA
1280	856	111	SDA
1280	903	260	SEA
1284	178	450	SEA
1284	856	181	SDA
1284	903	280	SEA
1295	178	422	SDA
1295	856	654	SEA
1295	903	552	SEA
1296	178	422	SDA
1296	856	654	SEA
1296	903	552	SEA
1301	178	2193	SEA
1301	856	51	SDA
1301	903	537	SEA
1306	178	2276	SDA
1306	856	365	LSD
1306	903	529	SEA
1308	856	484	LSD
1308	903	528	SEA
1312	856	626	LSD
1312	903	497	SEA
