363	903	539	SEA
385	903	71	SEA
408	903	176	SEA
409	903	233	SEA
421	903	312	SEA
422	903	299	SEA
435	903	35	SEA
439	903	267	SEA
448	903	231	SEA
458	903	262	SDA
463	903	259	SEA
494	903	231	SEA
529	903	282	SDA
543	903	224	SEA
549	903	275	SEA
554	903	259	SEA
568	903	659	SEA
593	903	419	SEA
606	903	352	SEA
607	903	419	SEA
629	903	359	SEA
637	903	373	SEA
654	903	368	SEA
694	903	239	SEA
710	903	359	SEA
718	903	171	SEA
720	903	357	SEA
727	903	415	SEA
729	903	420	SEA
751	903	241	SEA
757	903	239	SEA
759	903	266	SEA
760	903	360	SEA
765	903	290	SEA
768	903	299	SEA
770	903	282	SEA
771	903	228	SEA
772	903	228	SEA
774	903	319	SEA
778	903	180	SEA
791	903	260	SEA
798	903	299	SEA
801	903	225	SDA
804	903	265	SDA
808	903	360	SEA
810	903	299	SEA
819	903	423	SEA
834	903	299	SEA
840	903	123	SDA
847	903	261	SDA
853	903	294	SEA
859	903	299	SEA
863	903	249	SEA
871	903	465	SEA
876	903	334	SEA
887	903	661	SEA
889	903	359	SEA
893	903	287	SEA
895	903	287	SEA
901	903	442	SEA
908	903	336	SEA
918	903	125	SEA
920	903	138	SDA
922	903	110	SDA
923	903	164	SDA
924	903	338	SEA
926	903	360	SEA
932	903	179	SEA
933	903	176	SEA
936	903	253	SEA
937	903	257	SEA
940	903	311	SEA
941	903	298	SDA
943	903	363	SDA
944	903	743	SEA
950	903	337	SEA
952	903	337	SEA
953	903	337	SEA
965	903	276	SEA
967	903	238	SEA
972	903	264	SDA
986	903	188	SEA
987	903	251	SEA
989	903	295	SEA
992	903	246	SEA
1000	903	219	SEA
1006	903	162	SDA
1007	903	162	SDA
1008	903	188	SDA
1010	903	267	SDA
1013	903	327	SDA
1014	903	327	SDA
1016	903	299	SEA
1019	903	153	SDA
1023	903	157	SDA
1026	903	420	SEA
1028	903	359	SEA
1033	903	239	SDA
1037	903	299	SEA
1040	903	125	SDA
1042	903	161	SDA
1048	903	139	SEA
1049	903	35	SEA
1051	903	74	SEA
1053	903	244	SEA
1057	903	243	SDA
1059	903	226	SDA
1063	903	367	SDA
1064	903	186	SDA
1067	903	8	SEA
1069	903	49	SEA
1071	903	243	SDA
1074	903	276	SEA
1075	903	287	SEA
1090	903	218	SDA
1093	903	276	SDA
1099	903	581	SEA
1103	903	293	SEA
1105	903	222	SDA
1108	903	299	SEA
1112	903	233	SDA
1119	903	301	SDA
1127	903	359	SEA
1130	903	254	SDA
1132	903	196	SDA
1136	665	739	SEA
1136	903	358	SEA
1140	665	730	SEA
1140	903	419	SEA
1146	665	728	SEA
1146	903	214	SDA
1149	665	778	SEA
1149	903	179	SDA
1153	665	778	SEA
1153	903	214	SDA
1154	665	795	SEA
1154	903	466	SEA
1157	665	845	SEA
1157	903	365	SEA
1164	665	505	SEA
1164	903	289	SEA
1168	903	119	SEA
1181	903	420	SEA
1183	903	299	SEA
1188	903	240	SDA
1190	903	261	SDA
1200	903	238	SDA
1205	903	291	SEA
1209	903	277	SDA
1210	903	359	SEA
1214	903	237	SDA
1228	903	250	SEA
1239	903	694	SEA
1240	903	665	SEA
1243	903	309	SDA
1248	903	291	SDA
1252	903	401	SEA
1255	903	420	SEA
1257	903	420	SEA
1264	903	480	SEA
1265	903	480	SEA
1275	903	359	SDA
1278	903	480	SEA
1279	903	480	SEA
1280	903	480	SEA
1284	903	876	SDA
1295	903	479	SEA
1296	903	479	SEA
1301	903	380	SDA
1306	903	360	SEA
1308	903	335	SEA
1312	903	319	SEA
1319	903	379	SEA
