363	858	1565	SEA
363	900	73	SEA
363	904	256	SEA
363	913	339	SEA
363	964	498	SEA
363	969	610	SEA
385	858	612	SEA
385	900	158	SEA
385	904	360	SDA
385	913	121	SEA
385	964	307	SDA
385	965	305	SEA
385	969	663	SEA
408	858	575	SEA
408	900	310	SEA
408	904	101	SDA
408	913	77	SDA
408	964	324	SEA
408	965	68	SEA
408	969	818	SEA
409	858	587	SEA
409	900	335	SEA
409	904	138	SDA
409	913	128	SDA
409	964	319	SEA
409	965	108	SEA
409	969	801	SEA
421	858	24	SDA
421	900	276	SEA
421	904	145	LSD
421	913	138	SDA
421	964	371	SEA
421	965	924	SDA
421	969	286	SEA
422	858	70	SDA
422	900	297	SEA
422	904	160	LSD
422	913	142	SEA
422	964	366	SEA
422	965	1018	SDA
422	969	328	SEA
435	858	422	SDA
435	900	492	SEA
435	904	330	LSD
435	913	250	SEA
435	964	105	SEA
435	965	39	SEA
435	969	679	SEA
439	858	407	SDA
439	900	242	SEA
439	904	315	LSD
439	913	220	SEA
439	964	187	SDA
439	965	26	SEA
439	969	586	LSD
448	858	733	SDA
448	900	388	SEA
448	904	268	SDA
448	913	322	SEA
448	964	354	SEA
448	965	140	SEA
448	969	225	SEA
458	858	334	SEA
458	900	33	SEA
458	904	545	SEA
458	913	5	SDA
458	964	196	SEA
458	965	831	SDA
458	969	1085	SEA
463	858	4	SEA
463	900	145	SEA
463	904	188	LSD
463	913	21	SDA
463	964	117	SEA
463	965	748	SDA
463	969	186	SDA
494	858	70	SDA
494	904	385	SEA
494	913	35	SDA
494	964	134	SEA
494	965	878	SDA
494	969	597	SEA
529	858	127	SEA
529	900	379	SEA
529	904	712	SDA
529	913	188	SEA
529	964	452	SEA
529	965	899	SEA
529	969	298	SEA
543	858	708	SEA
543	900	275	SEA
543	904	125	SDA
543	913	119	SEA
543	964	202	SEA
543	965	492	SEA
543	969	478	SEA
549	858	279	SEA
549	900	361	SEA
549	904	767	SDA
549	913	110	SEA
549	964	86	SEA
549	965	48	SEA
549	969	408	SEA
554	858	5	SEA
554	900	414	SEA
554	904	751	SDA
554	913	130	SEA
554	964	60	SEA
554	965	731	SEA
554	969	843	SEA
568	858	14	SEA
568	900	280	SEA
568	904	271	SDA
568	913	310	SEA
568	964	384	SEA
568	965	126	SEA
568	969	634	SDA
593	858	28	SEA
593	900	349	SEA
593	904	620	SEA
593	913	379	SEA
593	964	114	SEA
593	965	804	SEA
593	969	483	SEA
606	858	554	SEA
606	900	314	SEA
606	904	280	SDA
606	913	252	SEA
606	964	459	SEA
606	965	661	SEA
606	969	292	SEA
607	858	595	SEA
607	900	284	SEA
607	904	263	SDA
607	913	390	SEA
607	964	480	SEA
607	965	1101	SEA
607	969	242	SEA
629	858	133	SEA
629	900	296	SEA
629	904	606	SEA
629	913	334	SEA
629	964	407	SEA
629	965	709	SEA
629	969	173	SEA
637	858	53	SEA
637	900	959	SEA
637	904	620	SDA
637	913	396	SEA
637	964	480	SEA
637	965	830	SEA
637	969	230	SEA
694	858	56	SEA
694	900	1011	SEA
694	904	374	SEA
694	913	467	SEA
694	964	602	SEA
694	965	784	SEA
694	969	354	SEA
710	858	321	SEA
710	900	441	SDA
710	904	768	SDA
710	913	538	SEA
710	964	384	SEA
710	965	452	SEA
710	969	862	SEA
718	858	716	SEA
718	900	257	SEA
718	904	606	SEA
718	913	208	SEA
718	964	383	SEA
718	965	403	SEA
718	969	214	SEA
727	858	75	SEA
727	900	619	SEA
727	904	733	SEA
727	913	375	SEA
727	964	592	SEA
727	965	565	SEA
727	969	549	SEA
729	858	77	SEA
729	900	867	SEA
729	904	668	SDA
729	913	374	SEA
729	964	622	SEA
729	965	606	SEA
729	969	558	SEA
751	858	19	SEA
751	900	453	SEA
751	904	330	SDA
751	913	256	SEA
751	964	519	SEA
751	965	575	SEA
751	969	564	SEA
757	858	292	SDA
757	900	972	SEA
757	904	865	SEA
757	913	305	SEA
757	964	856	SEA
757	965	1069	SEA
757	969	360	SEA
759	858	271	SDA
759	900	566	SEA
759	904	872	SEA
759	913	330	SEA
759	964	851	SEA
759	965	1081	SEA
759	969	315	SEA
760	858	407	SDA
760	900	305	SEA
760	904	801	SEA
760	913	359	SDA
760	964	375	SEA
760	965	1070	SEA
760	969	216	SEA
761	858	393	SDA
761	900	189	SEA
761	904	780	SEA
761	913	353	SDA
761	964	409	SEA
761	965	1063	SEA
761	969	214	SEA
765	858	212	SEA
765	900	333	SEA
765	904	809	SDA
765	913	573	SEA
765	964	427	SEA
765	965	513	SEA
765	969	867	SEA
768	858	293	SEA
768	900	220	SEA
768	904	808	SDA
768	913	553	SEA
768	964	469	SEA
768	965	562	SEA
768	969	441	SEA
770	858	331	SEA
770	900	210	SEA
770	904	843	SDA
770	913	503	SEA
770	964	402	SEA
770	965	529	SEA
770	969	503	SEA
771	858	400	SEA
771	900	262	SEA
771	904	821	SEA
771	913	507	SEA
771	964	396	SEA
771	965	510	SEA
771	969	445	SEA
772	858	400	SEA
772	900	262	SEA
772	904	821	SEA
772	913	507	SEA
772	964	396	SEA
772	965	510	SEA
772	969	445	SEA
774	858	377	SEA
774	900	929	SEA
774	904	409	SEA
774	913	127	SEA
774	964	457	SEA
774	965	436	SEA
774	969	373	SEA
778	858	797	SDA
778	900	345	SEA
778	904	301	SDA
778	913	147	SEA
778	964	394	SEA
778	965	556	SEA
778	969	339	SDA
791	858	266	SDA
791	900	470	SEA
791	904	426	SDA
791	913	496	SEA
791	964	575	SEA
791	965	902	SEA
791	969	475	SEA
798	858	736	SEA
798	900	209	SEA
798	904	339	SEA
798	913	280	SEA
798	964	503	SEA
798	965	689	SEA
798	969	835	SEA
801	858	882	SEA
801	900	465	SEA
801	904	801	SDA
801	913	204	SEA
801	964	489	SEA
801	965	620	SEA
801	969	812	SEA
804	858	842	SDA
804	900	1000	SEA
804	904	784	SEA
804	913	154	SEA
804	964	482	SEA
804	965	576	SEA
804	969	322	SEA
808	858	720	SEA
808	900	339	SEA
808	904	424	SDA
808	913	251	SEA
808	964	477	SEA
808	965	474	SEA
808	969	432	SEA
810	858	707	SEA
810	900	673	SEA
810	904	387	SDA
810	913	287	SEA
810	964	479	SEA
810	965	437	SEA
810	969	440	SEA
819	858	862	SEA
819	904	776	SDA
819	913	280	SEA
819	964	605	SEA
819	965	897	SEA
819	969	503	SEA
834	858	31	SEA
834	904	710	LSD
834	913	220	SEA
834	964	274	SEA
834	965	665	SEA
834	969	438	SEA
840	858	1068	SEA
840	900	300	SEA
840	904	549	LSD
840	913	185	SEA
840	964	504	SEA
840	965	679	SEA
840	969	729	SEA
847	858	3	SEA
847	900	209	SEA
847	904	145	SEA
847	913	624	SEA
847	964	509	SEA
847	965	634	SEA
847	969	645	SEA
853	858	2	SEA
853	900	134	SEA
853	904	113	SEA
853	913	53	SEA
853	964	677	SEA
853	965	575	SEA
853	969	622	SEA
859	858	18	SEA
859	900	105	SEA
859	904	806	SEA
859	913	39	SEA
859	964	561	SEA
859	965	541	SEA
859	969	563	SEA
863	858	35	SDA
863	900	358	SEA
863	904	906	SDA
863	913	14	SEA
863	964	522	SEA
863	965	489	SEA
863	969	353	SEA
871	858	35	SDA
871	900	297	SEA
871	904	520	SEA
871	913	228	SEA
871	964	502	SEA
871	965	731	SEA
871	969	841	SEA
876	858	76	SEA
876	900	184	SEA
876	904	579	SEA
876	913	453	SEA
876	964	530	SEA
876	965	796	SEA
876	969	189	SEA
887	858	492	SEA
887	900	180	SEA
887	904	220	SDA
887	913	264	SEA
887	964	521	SEA
887	965	727	SEA
887	969	104	SEA
889	858	523	SEA
889	900	182	SEA
889	904	238	SDA
889	913	307	SEA
889	964	528	SEA
889	965	670	SEA
889	969	129	SEA
893	858	575	SEA
893	900	358	SEA
893	904	262	SEA
893	913	297	SEA
893	964	665	SEA
893	965	625	SEA
893	969	684	SEA
895	858	787	SEA
895	900	554	SEA
895	904	423	SEA
895	913	1006	SEA
895	964	623	SEA
895	965	642	SEA
895	969	596	SEA
901	858	763	SEA
901	900	608	SEA
901	904	941	SEA
901	913	16	SEA
901	964	480	SEA
901	965	581	SEA
901	969	762	SEA
908	858	237	SDA
908	900	297	SEA
908	904	1121	SEA
908	913	64	SEA
908	964	1136	SEA
908	965	257	SEA
908	969	833	SEA
918	858	549	SEA
918	900	254	SEA
918	904	975	SDA
918	913	337	SEA
918	964	315	SEA
918	965	929	SEA
918	969	230	SEA
920	858	529	SEA
920	900	264	SEA
920	904	993	SDA
920	913	268	SEA
920	964	326	SEA
920	965	873	SEA
920	969	143	SEA
922	858	526	SEA
922	900	369	SEA
922	904	925	SDA
922	913	300	SEA
922	964	313	SEA
922	965	927	SEA
922	969	107	SEA
923	858	509	SDA
923	900	387	SEA
923	904	84	SDA
923	913	276	SEA
923	964	286	SEA
923	965	903	SEA
923	969	131	SEA
924	858	484	SDA
924	900	338	SEA
924	904	85	SDA
924	913	309	SEA
924	964	292	SEA
924	965	941	SEA
924	969	121	SEA
926	858	494	SEA
926	900	298	SEA
926	904	92	SDA
926	913	378	SEA
926	964	291	SEA
926	965	945	SEA
926	969	378	SEA
932	858	190	SDA
932	900	535	SEA
932	904	21	SDA
932	913	298	SEA
932	964	203	SEA
932	965	547	SEA
932	969	516	SEA
933	858	130	SEA
933	900	412	SEA
933	904	16	SDA
933	913	296	SEA
933	964	226	SEA
933	965	507	SEA
933	969	509	SEA
936	858	6	SEA
936	900	308	SEA
936	904	106	SDA
936	913	84	SEA
936	964	499	SEA
936	965	352	SEA
936	969	608	SEA
937	858	811	SEA
937	900	875	SEA
937	904	120	SEA
937	913	83	SEA
937	964	490	SEA
937	965	351	SEA
937	969	603	SEA
940	858	53	SEA
940	900	568	SEA
940	904	310	SEA
940	913	353	SEA
940	964	551	SEA
940	965	374	SEA
940	969	675	SEA
941	858	63	SEA
941	900	417	SEA
941	904	320	SEA
941	913	399	SEA
941	964	557	SEA
941	965	408	SEA
941	969	678	SEA
943	858	51	SEA
943	900	275	SEA
943	904	827	SEA
943	913	65	SEA
943	964	555	SEA
943	965	784	SEA
943	969	662	SEA
944	858	51	SEA
944	900	993	SEA
944	904	821	SEA
944	913	84	SEA
944	964	597	SEA
944	965	764	SEA
944	969	274	SEA
950	858	70	SEA
950	900	219	SDA
950	904	236	SEA
950	913	195	SEA
950	964	308	SEA
950	965	1326	SEA
950	969	253	SEA
952	858	49	SEA
952	900	580	SEA
952	904	218	SDA
952	913	159	SEA
952	964	308	SEA
952	965	1346	SEA
952	969	224	SEA
953	858	138	SEA
953	900	627	SEA
953	904	297	SDA
953	913	171	SEA
953	964	265	SEA
953	965	1351	SEA
953	969	254	SEA
965	858	96	SEA
965	900	240	SEA
965	904	913	SEA
965	913	234	SEA
965	964	673	SEA
965	965	405	SEA
965	969	31	SEA
967	858	142	SEA
967	900	454	SEA
967	904	236	SDA
967	913	115	SEA
967	964	747	SEA
967	965	411	SDA
967	969	253	SEA
972	858	828	SEA
972	900	799	SEA
972	904	229	SDA
972	913	141	SEA
972	964	295	SEA
972	965	341	SEA
972	969	358	SEA
986	858	247	SEA
986	900	205	SEA
986	904	623	SEA
986	913	184	SEA
986	964	291	SEA
986	965	820	SDA
986	969	422	SEA
987	858	272	SEA
987	900	232	SEA
987	904	572	SEA
987	913	263	SEA
987	964	287	SEA
987	965	825	SDA
987	969	354	SEA
989	858	211	SEA
989	900	464	SEA
989	904	501	SEA
989	913	252	SEA
989	964	280	SEA
989	965	830	SDA
989	969	332	SEA
992	858	179	SEA
992	900	365	SEA
992	904	532	SEA
992	913	340	SEA
992	964	352	SEA
992	965	886	SEA
992	969	315	SEA
1000	858	633	SEA
1000	900	647	SEA
1000	904	484	SDA
1000	913	493	SEA
1000	964	420	SEA
1000	965	135	SEA
1000	969	619	SEA
1006	858	610	SEA
1006	900	568	SEA
1006	904	531	SDA
1006	913	4	SEA
1006	964	486	SEA
1006	965	151	SEA
1006	969	284	SEA
1007	858	610	SEA
1007	900	568	SEA
1007	904	531	SDA
1007	913	4	SEA
1007	964	486	SEA
1007	965	151	SEA
1007	969	284	SEA
1008	858	620	SEA
1008	900	443	SEA
1008	904	522	SDA
1008	913	6	SEA
1008	964	502	SEA
1008	965	113	SEA
1008	969	231	SEA
1010	858	611	SEA
1010	900	364	SEA
1010	904	544	SEA
1010	913	115	SEA
1010	964	523	SEA
1010	965	140	SEA
1010	969	231	SEA
1013	858	548	SEA
1013	900	391	SEA
1013	904	351	SDA
1013	913	255	SEA
1013	964	171	SEA
1013	965	1083	SEA
1013	969	407	SEA
1014	858	371	SEA
1014	900	702	SEA
1014	904	394	SEA
1014	913	497	SEA
1014	964	152	SEA
1014	965	1089	SEA
1014	969	396	SEA
1016	858	440	SEA
1016	900	559	SEA
1016	904	370	SEA
1016	913	522	SEA
1016	964	104	SEA
1016	965	1123	SEA
1016	969	581	SEA
1019	858	356	SEA
1019	900	441	SEA
1019	904	257	SEA
1019	913	383	SEA
1019	964	161	SEA
1019	965	360	SDA
1019	969	575	SEA
1023	858	1034	SEA
1023	900	619	SEA
1023	904	470	SEA
1023	913	401	SEA
1023	964	90	SEA
1023	965	489	SDA
1023	969	289	SEA
1026	858	1066	SDA
1026	900	396	SEA
1026	904	541	SDA
1026	913	178	SEA
1026	964	222	SEA
1026	965	663	SDA
1026	969	34	SEA
1028	858	676	SDA
1028	900	414	SEA
1028	904	551	SDA
1028	913	108	SEA
1028	964	654	SEA
1028	965	627	SDA
1028	969	38	SDA
1033	858	618	SDA
1033	900	88	SEA
1033	904	490	SEA
1033	913	279	SEA
1033	964	131	LSD
1033	965	551	SEA
1033	969	30	SEA
1037	858	696	SDA
1037	900	52	SEA
1037	904	487	SDA
1037	913	129	SEA
1037	964	209	LSD
1037	965	376	SEA
1037	969	205	SEA
1040	858	617	SDA
1040	900	91	SEA
1040	904	534	SDA
1040	913	678	SEA
1040	964	173	LSD
1040	965	501	SEA
1040	969	119	SEA
1042	858	624	SDA
1042	900	199	SEA
1042	904	520	SEA
1042	913	644	SEA
1042	964	85	LSD
1042	965	432	SEA
1042	969	137	SEA
1048	858	230	SEA
1048	900	1050	SEA
1048	904	120	SDA
1048	913	493	SEA
1048	964	109	SDA
1048	965	1175	SEA
1048	969	284	SEA
1049	858	199	SEA
1049	900	498	SEA
1049	904	78	SDA
1049	913	430	SEA
1049	964	124	SEA
1049	965	1327	SEA
1049	969	385	SEA
1051	858	180	SDA
1051	900	450	SEA
1051	904	96	SEA
1051	913	418	SEA
1051	964	415	SEA
1051	965	673	SEA
1051	969	387	SEA
1053	858	179	SDA
1053	900	460	SEA
1053	904	95	SEA
1053	913	471	SEA
1053	964	419	SEA
1053	965	656	SEA
1053	969	371	SEA
1057	858	168	SDA
1057	900	386	SEA
1057	904	422	SDA
1057	913	334	SEA
1057	964	191	SEA
1057	965	775	SEA
1057	969	16	SEA
1059	858	571	SDA
1059	900	486	SEA
1059	904	318	SDA
1059	913	325	SEA
1059	964	335	SEA
1059	965	791	SEA
1059	969	301	SEA
1063	858	491	SDA
1063	900	425	SEA
1063	904	243	LSD
1063	913	77	SEA
1063	964	528	SDA
1063	965	977	SEA
1063	969	111	SEA
1064	858	515	SDA
1064	900	451	SEA
1064	904	231	LSD
1064	913	151	SEA
1064	964	520	SEA
1064	965	976	SEA
1064	969	82	SEA
1067	858	576	SDA
1067	900	782	SEA
1067	904	241	SDA
1067	913	50	SEA
1067	964	134	LSD
1067	965	898	SEA
1067	969	154	SEA
1069	858	540	SDA
1069	900	715	SEA
1069	904	243	SEA
1069	913	50	SEA
1069	964	101	LSD
1069	965	944	SEA
1069	969	66	SEA
1071	858	412	SDA
1071	900	524	SEA
1071	904	481	SDA
1071	913	31	SEA
1071	964	76	LSD
1071	965	276	SDA
1071	969	473	SEA
1074	858	654	SDA
1074	904	175	SDA
1074	913	58	SEA
1074	964	105	SEA
1074	965	211	SDA
1074	969	386	SEA
1075	858	684	SDA
1075	904	210	SDA
1075	913	115	SEA
1075	964	101	SEA
1075	965	175	SDA
1075	969	461	SEA
1090	858	26	SDA
1090	904	353	SEA
1090	913	294	SEA
1090	964	694	SDA
1090	965	1587	SDA
1090	969	355	SEA
1093	858	321	SEA
1093	904	158	SDA
1093	913	319	SEA
1093	964	581	SEA
1093	965	1566	SDA
1093	969	688	SEA
1099	858	285	SDA
1099	904	615	SDA
1099	913	65	SEA
1099	964	171	LSD
1099	965	1446	SEA
1099	969	466	SDA
1103	858	549	SDA
1103	904	584	SDA
1103	913	300	SEA
1103	964	134	SEA
1103	965	484	SDA
1103	969	511	SDA
1105	858	603	SEA
1105	900	1975	SEA
1105	904	491	SDA
1105	913	262	SEA
1105	964	149	SEA
1105	965	380	SDA
1105	969	565	SDA
1108	858	541	SDA
1108	900	1920	SEA
1108	904	476	SDA
1108	913	260	SEA
1108	964	184	SEA
1108	965	425	SDA
1108	969	547	SDA
1112	858	549	SDA
1112	900	1936	SEA
1112	904	565	SDA
1112	913	776	SEA
1112	964	138	SEA
1112	965	421	SDA
1112	969	523	SDA
1119	858	575	SDA
1119	900	307	SEA
1119	904	797	SDA
1119	913	31	SEA
1119	964	255	SEA
1119	965	395	SDA
1119	969	484	SDA
1127	858	5	SEA
1127	900	106	SDA
1127	904	418	SEA
1127	913	40	SEA
1127	964	61	SDA
1127	965	796	SEA
1127	969	6	SEA
1130	858	15	SEA
1130	900	379	SEA
1130	904	405	SEA
1130	913	1	SEA
1130	964	98	SDA
1130	965	828	SEA
1130	969	499	SDA
1132	858	28	SEA
1132	900	366	SEA
1132	904	347	SEA
1132	913	29	SEA
1132	964	67	SDA
1132	965	777	SEA
1132	969	452	SDA
1136	858	8	SDA
1136	900	442	SEA
1136	904	380	SEA
1136	913	362	SDA
1136	964	273	SEA
1136	965	328	SEA
1136	969	389	SDA
1140	858	33	SEA
1140	900	461	SEA
1140	904	415	SEA
1140	913	299	SDA
1140	964	22	SEA
1140	965	208	SEA
1140	969	448	SEA
1146	858	398	SDA
1146	900	793	SEA
1146	904	613	SEA
1146	913	165	SEA
1146	964	155	SEA
1146	965	263	SEA
1146	969	13	SEA
1149	858	249	SDA
1149	900	716	SEA
1149	904	632	SEA
1149	913	300	SEA
1149	964	251	SEA
1149	965	1088	SEA
1149	969	222	SEA
1153	858	284	SEA
1153	900	468	SEA
1153	904	340	SEA
1153	913	324	SEA
1153	964	577	SEA
1153	965	1218	SEA
1153	969	255	SEA
1154	858	272	SEA
1154	900	377	SEA
1154	904	301	SDA
1154	913	309	SEA
1154	964	618	SEA
1154	965	166	SEA
1154	969	220	SEA
1157	858	307	SEA
1157	900	326	SEA
1157	904	300	SDA
1157	913	267	SEA
1157	964	283	SDA
1157	965	60	SEA
1157	969	172	SEA
1164	858	377	SEA
1164	900	46	SEA
1164	904	526	SEA
1164	913	281	SEA
1164	964	223	SEA
1164	965	172	SEA
1164	969	123	SDA
1168	858	333	SEA
1168	900	297	SEA
1168	904	635	SEA
1168	913	246	SEA
1168	964	114	SEA
1168	965	108	SEA
1168	969	151	SEA
1181	858	676	SEA
1181	900	1022	SEA
1181	904	518	SEA
1181	913	17	SEA
1181	964	361	SEA
1181	965	136	SEA
1181	969	11	SEA
1183	858	623	SEA
1183	900	216	SEA
1183	904	490	SEA
1183	913	191	SEA
1183	964	351	SEA
1183	965	211	SEA
1183	969	26	SEA
1188	858	544	SEA
1188	900	128	SEA
1188	904	343	SEA
1188	913	276	SEA
1188	964	367	SEA
1188	965	215	SEA
1188	969	21	SEA
1190	858	56	SEA
1190	900	69	SEA
1190	904	333	SEA
1190	913	12	SEA
1190	964	338	SEA
1190	965	187	SEA
1190	969	40	SEA
1200	858	681	SEA
1200	900	285	SEA
1200	904	906	SEA
1200	913	407	SEA
1200	964	248	SEA
1200	965	344	SEA
1200	969	59	SEA
1205	858	252	SDA
1205	900	894	SEA
1205	904	404	SDA
1205	913	33	SEA
1205	964	203	SEA
1205	965	233	SEA
1205	969	9	SEA
1209	858	195	SDA
1209	900	436	SEA
1209	904	389	SEA
1209	913	104	SEA
1209	964	136	SEA
1209	965	252	SEA
1209	969	80	SEA
1210	858	228	SDA
1210	900	447	SEA
1210	904	382	SEA
1210	913	451	SEA
1210	964	119	SEA
1210	965	416	SEA
1210	969	75	SEA
1214	858	11	SEA
1214	900	286	SEA
1214	904	404	SEA
1214	913	765	SEA
1214	964	97	SEA
1214	965	817	SEA
1214	969	383	SEA
1228	858	34	SDA
1228	900	423	SEA
1228	904	572	SEA
1228	913	683	SEA
1228	964	267	SEA
1228	965	773	SEA
1228	969	370	SEA
1239	858	325	SEA
1239	900	317	SEA
1239	904	540	SEA
1239	913	207	SEA
1239	964	575	SEA
1239	965	637	SEA
1239	969	12	SEA
1240	858	275	SEA
1240	900	255	SEA
1240	904	514	SEA
1240	913	193	SEA
1240	964	607	SEA
1240	965	668	SEA
1240	969	521	SEA
1243	858	132	SEA
1243	900	346	SEA
1243	904	463	SEA
1243	913	155	SEA
1243	964	593	SEA
1243	965	714	SEA
1243	969	259	SEA
1248	858	93	SEA
1248	900	459	SEA
1248	904	532	SEA
1248	913	155	SEA
1248	964	505	SEA
1248	965	683	SEA
1248	969	342	SEA
1252	858	730	SEA
1252	900	310	SEA
1252	904	762	SEA
1252	913	301	SEA
1252	964	661	SEA
1252	965	573	SEA
1252	969	321	SEA
1255	858	676	SEA
1255	900	556	SEA
1255	904	790	SEA
1255	913	263	SEA
1255	964	635	SEA
1255	965	1304	SEA
1255	969	719	SEA
1257	858	677	SEA
1257	900	447	SEA
1257	904	785	SEA
1257	913	250	SEA
1257	964	624	SEA
1257	965	1301	SEA
1257	969	732	SEA
1264	858	193	SEA
1264	900	282	SEA
1264	904	685	SEA
1264	913	645	SEA
1264	964	705	SEA
1264	965	1169	SEA
1264	969	630	SEA
1265	858	195	SEA
1265	900	128	SEA
1265	904	501	SEA
1265	913	180	SEA
1265	964	745	SEA
1265	965	310	SDA
1265	969	666	SEA
1275	858	582	SEA
1275	900	584	SEA
1275	904	475	SEA
1275	913	381	SEA
1275	964	629	SEA
1275	965	125	SEA
1275	969	184	SEA
1278	858	558	SEA
1278	900	900	SEA
1278	904	650	SEA
1278	913	577	SEA
1278	964	669	SEA
1278	965	92	SEA
1278	969	209	SEA
1279	858	558	SEA
1279	900	900	SEA
1279	904	650	SEA
1279	913	577	SEA
1279	964	669	SEA
1279	965	92	SEA
1279	969	209	SEA
1280	858	583	SEA
1280	900	342	SEA
1280	904	716	SEA
1280	913	585	SEA
1280	964	654	SEA
1280	965	98	SEA
1280	969	231	SEA
1284	858	139	SDA
1284	900	721	SEA
1284	904	703	SEA
1284	913	566	SEA
1284	964	927	SEA
1284	965	141	SEA
1284	969	869	SEA
1289	858	122	SEA
1289	900	255	SEA
1289	904	708	SEA
1289	913	272	SEA
1289	964	841	SEA
1289	965	633	SEA
1289	969	364	SEA
1295	858	827	SEA
1295	900	377	SEA
1295	904	615	SEA
1295	913	406	SEA
1295	964	265	SEA
1295	965	680	SEA
1295	969	291	SEA
1296	858	827	SEA
1296	900	377	SEA
1296	904	615	SEA
1296	913	406	SEA
1296	964	265	SEA
1296	965	680	SEA
1296	969	291	SEA
1301	858	83	SDA
1301	900	260	SEA
1301	904	630	SEA
1301	913	357	SEA
1301	964	268	SEA
1301	965	826	SEA
1301	969	258	SEA
1306	858	98	SEA
1306	900	1078	SEA
1306	904	716	SEA
1306	913	10	SEA
1306	964	313	SEA
1306	965	802	SEA
1306	969	325	SEA
1308	858	194	SEA
1308	900	537	SEA
1308	904	731	SEA
1308	913	45	SEA
1308	964	300	SEA
1308	965	814	SEA
1308	969	255	SEA
1312	858	479	SDA
1312	900	511	SEA
1312	904	834	SEA
1312	913	16	SEA
1312	964	1259	SEA
1312	965	932	SEA
1312	969	165	SEA
1319	858	545	SEA
1319	900	939	SEA
1319	904	379	SEA
1319	913	410	SEA
1319	964	793	SEA
1319	965	1017	SEA
1319	969	2	SEA
