363	911	379	SEA
385	911	111	SEA
408	911	274	SEA
409	911	206	SEA
421	911	128	SEA
422	911	74	SEA
435	911	83	SDA
439	911	13	SDA
448	911	209	SEA
458	911	17	SEA
463	911	96	SEA
494	911	69	SEA
507	911	184	SEA
512	911	196	SEA
529	911	176	SEA
543	911	193	SEA
549	911	24	SEA
554	911	229	SEA
568	911	144	SEA
593	911	413	SEA
606	911	496	SEA
607	911	436	SEA
629	911	406	SEA
637	911	544	SEA
654	911	362	SEA
694	911	439	SEA
710	911	734	SEA
718	911	303	SEA
727	911	439	SEA
729	911	525	SEA
751	911	509	SEA
757	911	338	SEA
759	911	344	SEA
760	911	434	SEA
765	911	336	SEA
768	911	364	SDA
770	911	435	SDA
771	911	482	SDA
772	911	482	SDA
774	911	281	SEA
778	911	218	SEA
783	911	443	SEA
791	911	532	SEA
798	911	471	SEA
801	911	339	SEA
804	911	440	SEA
808	911	398	SEA
810	911	875	SEA
819	911	419	SEA
834	911	398	SEA
840	911	447	SEA
847	911	495	SEA
853	911	611	SDA
859	911	206	SEA
863	911	348	SEA
871	911	179	SEA
876	911	293	SEA
887	911	389	SEA
889	911	334	SEA
893	911	179	SEA
895	911	165	SEA
901	911	285	SEA
908	911	395	SDA
918	911	480	SEA
920	911	496	SEA
922	911	165	SEA
923	911	187	SEA
924	911	214	SEA
926	911	183	SEA
932	911	414	SEA
933	911	502	SEA
936	911	119	SEA
937	911	379	SEA
940	911	368	SEA
941	911	380	SEA
943	911	354	SEA
944	911	372	SEA
950	911	479	SEA
952	911	249	SEA
953	911	249	SEA
965	911	243	SEA
967	911	350	SEA
972	911	441	SEA
986	911	115	SEA
987	911	65	SEA
989	911	68	SEA
992	911	386	SEA
1000	911	82	SEA
1006	911	229	SEA
1007	911	229	SEA
1008	911	221	SEA
1010	911	210	SEA
1013	911	204	SEA
1014	911	418	SEA
1016	911	471	SEA
1019	911	343	SEA
1023	911	290	SEA
1026	911	130	SEA
1028	911	163	SEA
1033	911	339	SEA
1037	911	6	SEA
1040	911	392	SEA
1042	911	177	SDA
1048	911	83	SEA
1049	911	72	SEA
1051	911	455	SEA
1053	911	251	SEA
1057	911	198	SEA
1059	911	171	SEA
1063	911	204	SEA
1064	911	321	SEA
1067	911	400	SEA
1069	911	7	SEA
1071	911	11	SEA
1074	911	10	SEA
1075	911	1	SEA
1090	911	265	SEA
1093	911	493	SEA
1099	911	79	SEA
1103	911	131	SEA
1105	911	362	SEA
1108	911	220	SEA
1112	911	286	SEA
1119	911	96	SDA
1127	911	470	SEA
1130	911	127	SEA
1132	911	132	SDA
1136	911	282	SDA
1140	911	332	SEA
1146	911	416	SEA
1149	911	137	SDA
1153	911	21	SEA
1154	911	37	SEA
1157	911	260	SEA
1164	911	19	SEA
1168	911	307	SEA
1181	911	408	SEA
1183	911	375	SEA
1188	911	287	SDA
1190	911	385	SDA
1200	911	145	SEA
1205	911	239	SDA
1209	911	357	SEA
1210	911	333	SEA
1214	911	383	SDA
1228	911	243	SEA
1239	911	936	SEA
1240	911	471	SEA
1243	911	399	SEA
1248	911	462	SEA
1252	911	535	SEA
1255	911	499	SEA
1257	911	377	SEA
1264	911	481	SEA
1265	911	299	SEA
1275	911	442	SEA
1278	911	299	SEA
1279	911	299	SEA
1280	911	227	SDA
1284	911	300	SDA
1295	911	329	SEA
1296	911	329	SEA
1301	911	338	SEA
1306	911	469	SEA
1308	911	262	SEA
1312	911	239	SEA
1319	911	81	SEA
