363	856	500	SEA
385	856	333	SDA
385	856B	900	SEA
408	856	527	SEA
408	856B	545	SEA
409	856	596	SEA
409	856B	485	SEA
421	856	60	LSD
421	856B	745	SEA
422	856	291	SDA
422	856B	685	SEA
435	856	320	LSD
435	856B	1645	SEA
439	856	262	LSD
439	856B	1405	SEA
448	856	167	SEA
448	856B	780	SEA
458	856	8	SDA
458	856B	780	SEA
463	856	9	SDA
463	856B	705	SEA
494	856	85	LSD
494	856B	600	SEA
512	856	436	SEA
520	856	355	SDA
529	856	255	SEA
543	856	103	SEA
549	856	393	SEA
554	856	437	SEA
568	856	115	SEA
593	856	414	SEA
606	856	429	SEA
607	856	430	SEA
629	856	422	SEA
637	856	532	SEA
654	856	242	SEA
694	856	878	SEA
710	856	438	SEA
720	856	793	SEA
727	856	751	SEA
729	856	692	SEA
751	856	895	SEA
757	856	396	SEA
759	856	423	SEA
760	856	342	SEA
765	856	341	SEA
768	856	270	SEA
770	856	796	SEA
772	856	841	SEA
774	856	503	SEA
778	856	581	SEA
783	856	521	SEA
791	856	550	SEA
798	856	525	SEA
801	856	615	SEA
804	856	719	SEA
808	856	565	SEA
810	856	498	SEA
819	856	874	SEA
834	856	415	SEA
840	856	436	SEA
847	856	331	SEA
853	856	444	SDA
859	856	343	SDA
863	856	273	SEA
871	856	175	SEA
876	856	549	SEA
887	856	706	SEA
889	856	789	SEA
893	856	818	SEA
895	856	627	SEA
901	856	575	SEA
908	856	572	SEA
918	856	523	SEA
920	856	447	SEA
922	856	447	SEA
923	856	404	SEA
924	856	379	SEA
926	856	560	SEA
932	856	554	SEA
933	856	548	SEA
936	856	354	SEA
937	856	395	SEA
940	856	362	SEA
941	856	705	SEA
943	856	648	SEA
944	856	671	SEA
950	856	683	SEA
952	856	650	SEA
953	856	707	SEA
965	856	590	SEA
967	856	618	SEA
972	856	308	SEA
986	856	851	SEA
987	856	860	SEA
989	856	849	SEA
992	856	236	SDA
1000	856	215	SEA
1006	856	430	SEA
1007	856	430	SEA
1008	856	367	SEA
1010	856	359	SEA
1013	856	849	SEA
1014	856	770	SEA
1016	856	751	SEA
1019	856	569	SEA
1023	856	564	SEA
1026	856	598	SEA
1028	856	525	SEA
1033	856	805	SEA
1037	856	751	SEA
1040	856	591	SEA
1042	856	603	SEA
1048	856	430	SEA
1049	856	433	SEA
1051	856	901	SEA
1053	856	946	SEA
1057	856	933	SEA
1059	856	949	SEA
1063	856	652	SEA
1064	856	658	SEA
1067	856	707	SEA
1069	856	693	SEA
1071	856	700	SEA
1074	856	296	SEA
1075	856	328	SEA
1090	856	143	SEA
1093	856	152	SEA
1099	856	972	SEA
1103	856	127	SEA
1105	856	61	SEA
1108	856	6	SEA
1112	856	43	SEA
1119	856	571	SEA
1127	856	701	SEA
1130	856	141	SEA
1132	856	116	SEA
1136	856	198	SEA
1140	856	469	SEA
1146	856	231	SEA
1149	856	405	SEA
1153	856	301	SEA
1154	856	293	SEA
1157	856	282	SEA
1164	856	599	SEA
1168	856	28	SEA
1181	856	519	SEA
1183	856	352	SEA
1188	856	392	SEA
1190	856	353	SDA
1200	856	36	SEA
1205	856	1360	SEA
1209	856	408	SEA
1210	856	210	SEA
1214	856	372	SDA
1228	856	872	SEA
1239	856	708	SEA
1240	856	716	SEA
1243	856	810	SEA
1248	856	547	SEA
1252	856	532	SEA
1255	856	1086	SEA
1257	856	1120	SEA
1264	856	588	SDA
1265	856	688	SEA
1275	856	1388	SEA
1278	856	122	SDA
1279	856	122	SDA
1280	856	116	SDA
1284	856	181	SDA
1295	856	22	SEA
1296	856	22	SEA
1301	856	921	SEA
1306	856	1053	SEA
1308	856	479	LSD
1312	856	617	LSD
1319	856	479	SEA
