363	138	438	SEA
363	927	539	SEA
375	138	663	SEA
375	927	603	SDA
385	138	678	SEA
385	927	582	SEA
408	138	790	SEA
408	927	738	SDA
409	138	768	SEA
409	927	714	SDA
414	138	500	SDA
414	927	721	SDA
421	138	602	SDA
421	927	642	SDA
422	138	575	SDA
422	927	684	SEA
435	138	1073	SDA
435	927	598	SDA
439	138	563	SDA
439	927	505	SDA
448	138	709	SDA
448	927	617	SDA
457	138	683	SDA
457	927	709	SDA
458	138	623	SDA
458	927	558	SDA
463	138	412	LSD
463	927	656	SDA
490	138	792	SDA
490	927	691	SDA
494	138	684	SDA
494	927	728	SDA
517	138	738	SEA
517	927	603	SEA
520	138	780	SEA
520	927	678	SEA
529	138	811	SEA
529	927	663	SDA
536	138	464	SEA
536	927	722	SDA
543	138	362	SEA
543	927	739	SEA
549	138	1050	SEA
549	927	839	SEA
554	138	155	SDA
554	927	810	SEA
568	138	994	SEA
568	927	707	SEA
570	138	1017	SEA
570	927	1038	SEA
593	138	709	SEA
593	927	860	SEA
596	138	622	SEA
596	927	787	SEA
606	138	790	SEA
606	927	1000	SEA
607	138	855	SEA
607	927	836	SEA
610	138	865	SEA
610	927	790	SEA
623	138	686	SEA
623	927	1051	SEA
624	138	700	SEA
624	927	793	SEA
637	138	839	SEA
637	927	1068	SEA
654	138	685	SEA
654	927	1058	SEA
667	138	618	SEA
667	927	820	SEA
684	138	619	SEA
684	927	926	SEA
694	138	856	SEA
694	927	846	SEA
710	138	616	SEA
710	927	921	SEA
718	138	639	SEA
718	927	936	SEA
727	138	888	SEA
727	927	881	SEA
729	138	867	SEA
729	927	1921	SEA
740	138	1454	SEA
740	927	963	SEA
757	138	714	SEA
757	927	832	SEA
759	138	729	SEA
759	927	846	SEA
760	138	737	SEA
760	927	852	SEA
761	138	756	SEA
761	927	1015	SEA
765	138	777	SEA
765	927	2003	SEA
768	138	765	SEA
768	927	1971	SEA
770	138	828	SEA
770	927	1044	SEA
771	138	1027	SEA
771	927	1211	SEA
772	138	1027	SEA
772	927	1211	SEA
773	138	1009	SEA
773	927	1185	SEA
778	138	858	SEA
778	927	820	SEA
783	138	975	SEA
783	927	858	SEA
791	138	730	SEA
791	927	1172	SEA
798	138	894	SEA
798	927	880	SEA
801	138	699	SEA
801	927	884	SEA
804	138	715	SEA
804	927	987	SEA
808	138	706	SEA
808	927	1032	SEA
810	138	683	SEA
810	927	916	SEA
819	138	937	SEA
819	927	929	SEA
834	138	970	SEA
834	927	875	SEA
840	138	976	SEA
840	927	1117	SEA
847	138	865	SEA
847	927	850	SEA
853	138	826	SEA
853	927	820	SEA
859	138	748	SEA
859	927	948	SEA
863	138	950	SEA
863	927	861	SEA
871	138	1046	SEA
871	927	887	SEA
876	138	938	SEA
876	927	834	SEA
887	138	893	SEA
887	927	956	SEA
889	138	902	SEA
889	927	1034	SEA
893	138	875	SEA
893	927	1060	SEA
895	138	944	SEA
895	927	877	SEA
901	138	1016	SEA
901	927	837	SEA
908	138	503	SEA
908	927	1067	SEA
918	138	576	SEA
918	927	804	SEA
920	138	563	SEA
920	927	832	SEA
922	138	631	SEA
922	927	799	SEA
923	138	700	SEA
923	927	888	SEA
924	138	710	SEA
924	927	969	SEA
926	138	739	SEA
926	927	987	SEA
932	138	744	SEA
932	927	880	SEA
933	138	774	SEA
933	927	866	SEA
936	138	891	SEA
936	927	829	SEA
937	138	863	SEA
937	927	823	SEA
940	138	821	SEA
940	927	957	SEA
941	138	825	SEA
941	927	994	SEA
943	138	798	SEA
943	927	964	SEA
944	138	847	SEA
944	927	892	SEA
950	138	857	SEA
950	927	902	SEA
952	138	844	SEA
952	927	932	SEA
953	138	859	SEA
953	927	924	SEA
965	138	228	SEA
965	927	839	SEA
967	138	269	SEA
967	927	816	SEA
972	138	309	SEA
972	927	853	SEA
986	138	345	SEA
986	927	793	SEA
987	138	379	SEA
987	927	771	SEA
989	138	370	SEA
989	927	758	SEA
992	138	634	SEA
992	927	904	SEA
1000	138	447	SEA
1000	927	746	SEA
1006	138	398	SEA
1006	927	1124	SEA
1007	138	398	SEA
1007	927	1124	SEA
1008	138	376	SEA
1008	927	1103	SEA
1010	138	439	SEA
1010	927	1061	SEA
1013	138	605	SEA
1013	927	584	SEA
1014	138	613	SEA
1014	927	582	SEA
1016	138	543	SEA
1016	927	623	SEA
1019	138	557	SEA
1019	927	738	SEA
1023	138	643	SEA
1023	927	874	SEA
1026	138	662	SEA
1026	927	929	SEA
1028	138	671	SEA
1028	927	501	SEA
1033	138	640	SEA
1033	927	862	SEA
1037	138	693	SEA
1037	927	849	SEA
1040	138	692	SEA
1040	927	746	SEA
1042	138	503	SEA
1042	927	759	SEA
1048	138	471	SEA
1048	927	853	SEA
1049	138	461	SEA
1049	927	1002	SEA
1051	138	455	SEA
1051	927	901	SEA
1053	138	832	SEA
1053	927	858	SEA
1057	138	833	SEA
1057	927	505	SEA
1059	138	796	SEA
1059	927	581	SEA
1063	138	465	SEA
1063	927	768	SEA
1064	138	508	SEA
1064	927	720	SEA
1067	138	506	SEA
1067	927	495	SEA
1069	138	555	SEA
1069	927	409	SEA
1071	138	573	SEA
1071	927	300	SEA
1074	138	688	SEA
1074	927	353	SEA
1075	138	709	SEA
1075	927	421	SEA
1090	138	749	SEA
1090	927	782	SEA
1093	138	737	SEA
1093	927	1198	SEA
1099	138	708	SEA
1099	927	353	SEA
1103	138	687	SEA
1103	927	492	SEA
1105	138	746	SEA
1105	927	622	SEA
1108	138	712	SEA
1108	927	922	SEA
1112	138	748	SEA
1112	927	1002	SEA
1119	138	938	SEA
1119	927	393	SEA
1127	138	1006	SEA
1127	927	329	SEA
1130	138	989	SEA
1130	927	456	SEA
1132	138	1016	SEA
1132	927	516	SEA
1136	138	378	SDA
1136	927	420	SEA
1140	138	410	SDA
1140	927	317	SEA
1146	138	426	SDA
1146	927	684	SEA
1149	138	377	SDA
1149	927	1045	SEA
1153	138	771	SEA
1153	927	1133	SEA
1154	138	773	SEA
1154	927	1200	SEA
1157	138	784	SEA
1157	927	1307	SEA
1164	138	450	SEA
1164	927	920	SEA
1168	138	417	SEA
1168	927	992	SEA
1181	138	980	SEA
1181	927	752	SEA
1183	138	937	SEA
1183	927	767	SEA
1188	138	989	SEA
1188	927	724	SEA
1190	138	1024	SEA
1190	927	815	SEA
1200	138	1096	SEA
1200	927	890	SEA
1205	138	1079	SEA
1205	927	916	SEA
1209	138	1029	SEA
1209	927	1118	SEA
1210	138	1054	SEA
1210	927	1118	SEA
1214	138	464	SEA
1214	927	737	SEA
1228	138	683	SEA
1228	927	985	SEA
1239	138	1022	SEA
1239	927	1153	SEA
1240	138	1027	SEA
1240	927	1169	SEA
1243	138	631	SEA
1243	927	1200	SEA
1248	138	580	SEA
1248	927	981	SEA
1252	138	597	SEA
1252	927	1021	SEA
1255	138	606	SEA
1255	927	1023	SEA
1256	138	619	SEA
1256	927	1046	SEA
1257	138	619	SEA
1257	927	1046	SEA
1264	138	479	SEA
1264	927	1138	SEA
1265	138	434	SEA
1265	927	1255	SEA
1275	138	401	SEA
1275	927	1085	SEA
1278	138	368	SEA
1278	927	1102	SEA
1279	138	368	SEA
1279	927	1102	SEA
1280	138	432	SEA
1280	927	1130	SEA
1284	138	963	SEA
1284	927	1110	SEA
1295	138	589	SEA
1295	927	1209	SEA
1296	138	589	SEA
1296	927	1209	SEA
1301	138	587	SEA
1301	927	1183	SEA
1306	138	591	SEA
1306	927	1009	SEA
1308	138	523	SEA
1308	927	1008	SEA
1312	138	586	SEA
1312	927	1046	SEA
1319	138	688	SEA
1319	927	1038	SEA
