363	105	310	SEA
363	129	678	SEA
363	153	527	SEA
363	155	522	SEA
363	159	967	SEA
363	163	429	SEA
363	28	224	SEA
363	56	719	SEA
363	57	757	SEA
363	59	477	SEA
363	73	510	SEA
363	88	184	SEA
385	105	519	SEA
385	129	881	SEA
385	153	777	SEA
385	155	570	SEA
385	157	205	SEA
385	159	377	SEA
385	163	560	SEA
385	28	403	SEA
385	56	597	SEA
385	57	841	SEA
385	59	659	SEA
385	73	850	SEA
385	88	207	SEA
408	105	330	SEA
408	129	1750	SEA
408	153	385	SDA
408	155	415	SDA
408	157	880	SEA
408	159	810	SEA
408	163	381	SEA
408	28	1123	SEA
408	56	600	SEA
408	57	660	SEA
408	59	720	SEA
408	73	845	SEA
408	88	202	SEA
409	105	337	SEA
409	129	1782	SEA
409	153	338	SDA
409	155	466	SDA
409	157	934	SEA
409	159	762	SEA
409	163	430	SEA
409	28	1175	SEA
409	56	600	SEA
409	57	660	SEA
409	59	699	SEA
409	73	876	SEA
409	88	214	SEA
421	105	431	SEA
421	129	663	SDA
421	153	881	SEA
421	155	383	SDA
421	157	891	SEA
421	159	694	SEA
421	163	371	SEA
421	28	287	SEA
421	56	659	SEA
421	57	367	SEA
421	59	1259	SEA
421	73	512	SEA
421	88	989	SEA
422	105	416	SEA
422	129	711	SDA
422	153	846	SEA
422	155	412	SDA
422	157	493	SEA
422	159	655	SEA
422	163	346	SEA
422	28	286	SEA
422	56	473	SEA
422	57	354	SEA
422	59	1199	SEA
422	73	481	SEA
422	88	1100	SEA
435	105	316	SEA
435	129	620	SDA
435	153	869	SEA
435	155	862	SDA
435	157	748	SDA
435	159	527	SEA
435	163	394	SEA
435	28	426	SEA
435	56	561	SEA
435	57	301	SEA
435	59	560	SEA
435	73	413	SEA
435	88	987	SEA
439	105	660	SEA
439	129	453	SEA
439	153	787	SEA
439	155	641	SEA
439	157	894	SEA
439	159	501	SEA
439	163	301	SEA
439	28	595	SEA
439	56	438	SEA
439	57	277	SEA
439	59	453	SEA
439	73	327	SEA
439	88	278	SEA
448	105	302	SEA
448	129	1008	SEA
448	153	581	SEA
448	155	537	SEA
448	157	837	SEA
448	159	1389	SEA
448	163	869	SEA
448	28	893	SEA
448	56	617	SEA
448	57	347	SEA
448	59	445	SEA
448	73	1251	SEA
448	88	152	SEA
453	105	521	SEA
453	129	1188	SEA
453	153	538	SEA
453	155	1790	SEA
453	157	946	SEA
453	159	1328	SEA
453	163	294	SEA
453	28	913	SEA
453	56	285	SEA
453	57	257	SEA
453	59	515	SEA
453	73	659	SEA
453	88	796	SEA
458	105	583	SEA
458	129	433	SDA
458	153	809	SDA
458	155	1759	SDA
458	157	214	SDA
458	159	310	SDA
458	163	358	SEA
458	28	966	SEA
458	56	131	SEA
458	57	251	SEA
458	59	345	SEA
458	73	616	SEA
458	88	392	SEA
463	105	511	SEA
463	129	366	SDA
463	153	786	SEA
463	155	1753	SEA
463	157	326	SEA
463	159	288	SDA
463	163	421	SEA
463	28	628	SEA
463	56	476	SEA
463	57	251	SEA
463	59	275	SEA
463	73	485	SEA
463	88	427	SEA
494	105	545	SEA
494	129	306	SDA
494	153	627	SDA
494	155	1157	SDA
494	157	709	SEA
494	159	1068	SEA
494	163	512	SEA
494	28	737	SEA
494	56	99	SEA
494	57	408	SEA
494	59	900	SEA
494	73	625	SDA
494	88	100	SEA
507	105	559	SEA
507	129	602	SEA
507	153	441	SDA
507	155	1374	SDA
507	157	271	SEA
507	159	372	SEA
507	163	384	SEA
507	28	523	SEA
507	56	467	SEA
507	57	539	SEA
507	59	1020	SEA
507	73	682	SEA
507	88	501	SEA
512	105	354	SEA
512	129	787	SEA
512	153	768	SEA
512	155	1379	SDA
512	157	787	SEA
512	159	362	SEA
512	163	533	SEA
512	28	613	SEA
512	56	390	SEA
512	57	219	SEA
512	59	1020	SEA
512	73	535	SEA
512	88	450	SEA
529	105	738	SEA
529	129	535	SEA
529	153	291	SEA
529	155	283	SEA
529	157	495	SEA
529	159	566	SEA
529	163	695	SEA
529	28	601	SEA
529	56	570	SEA
529	57	280	SEA
529	59	1020	SEA
529	73	672	SEA
529	88	641	SEA
543	105	723	SEA
543	129	557	SEA
543	153	1310	SEA
543	155	1087	SEA
543	157	1083	SEA
543	159	449	SEA
543	163	304	SEA
543	28	569	SEA
543	56	481	SEA
543	57	381	SEA
543	59	667	SEA
543	73	619	SEA
543	88	110	SEA
549	105	366	SEA
549	129	747	SEA
549	153	1097	SEA
549	155	153	SEA
549	157	242	SEA
549	159	310	SEA
549	163	527	SEA
549	28	590	SEA
549	56	596	SEA
549	57	634	SEA
549	59	779	SEA
549	73	628	SEA
549	88	726	SEA
554	105	630	SEA
554	129	687	SEA
554	153	1098	SEA
554	155	56	SEA
554	157	214	SEA
554	159	760	SEA
554	163	142	SEA
554	28	558	SEA
554	56	771	SEA
554	57	1020	SEA
554	59	533	SEA
554	73	1467	SEA
554	88	782	SEA
568	105	485	SEA
568	129	1191	SEA
568	153	576	SEA
568	155	621	SEA
568	157	497	SEA
568	159	398	SEA
568	163	263	SEA
568	28	369	SEA
568	56	938	SEA
568	57	1144	SEA
568	59	762	SEA
568	73	729	SEA
568	88	697	SEA
593	105	410	SEA
593	129	544	SEA
593	153	314	SEA
593	155	467	SEA
593	157	352	SEA
593	159	395	SEA
593	163	1271	SEA
593	28	532	SEA
593	56	957	SEA
593	57	955	SEA
593	59	599	SEA
593	73	994	SEA
593	88	15	SEA
606	105	68	SEA
606	129	1425	SEA
606	153	943	SEA
606	155	698	SEA
606	157	662	SEA
606	159	782	SEA
606	163	409	SEA
606	28	413	SEA
606	56	536	SEA
606	57	906	SEA
606	59	779	SEA
606	73	1099	SEA
606	88	823	SEA
607	105	37	SEA
607	129	1377	SEA
607	153	924	SEA
607	155	460	SEA
607	157	693	SEA
607	159	757	SEA
607	163	362	SEA
607	28	543	SEA
607	56	416	SEA
607	57	906	SEA
607	59	659	SEA
607	73	1063	SEA
607	88	750	SEA
629	105	899	SEA
629	129	1759	SEA
629	153	729	SEA
629	155	999	SEA
629	157	7	SEA
629	159	751	SEA
629	163	88	SEA
629	28	832	SEA
629	56	782	SEA
629	57	773	SEA
629	59	960	SEA
629	73	558	SEA
629	88	526	SEA
637	105	419	SEA
637	129	1200	SEA
637	153	946	SEA
637	155	1023	SEA
637	157	113	SEA
637	159	595	SEA
637	163	77	SEA
637	28	585	SEA
637	56	772	SEA
637	57	780	SEA
637	59	779	SEA
637	73	388	SEA
637	88	670	SEA
654	105	111	SEA
654	129	1272	SEA
654	153	979	SEA
654	157	191	SEA
654	159	818	SEA
654	163	687	SEA
654	28	398	SEA
654	56	357	SEA
654	57	680	SEA
654	59	872	SEA
654	73	244	SEA
654	88	412	SEA
694	105	176	SEA
694	129	776	SEA
694	153	894	SEA
694	155	455	SEA
694	157	400	SEA
694	159	619	SEA
694	163	382	SEA
694	28	1035	SEA
694	56	959	SEA
694	57	659	SEA
694	73	571	SEA
694	88	787	SEA
710	105	311	SEA
710	129	833	SEA
710	153	1064	SEA
710	155	437	SEA
710	157	930	SEA
710	159	324	SEA
710	163	539	SEA
710	28	269	SEA
710	56	959	SEA
710	57	423	SEA
710	59	761	SEA
710	73	1335	SEA
710	88	749	SEA
720	105	699	SEA
720	129	1131	SEA
720	153	978	SEA
720	155	121	SDA
720	157	991	SEA
720	159	479	SEA
720	163	901	SEA
720	28	261	SEA
720	56	815	SEA
720	57	759	SEA
720	59	1346	SEA
720	73	523	SEA
720	88	718	SEA
727	105	437	SEA
727	129	823	SEA
727	153	851	SEA
727	155	262	SDA
727	157	1743	SEA
727	159	577	SEA
727	163	904	SEA
727	28	514	SEA
727	56	994	SEA
727	57	347	SEA
727	59	1312	SEA
727	73	662	SEA
727	88	837	SEA
729	105	477	SEA
729	129	744	SEA
729	153	667	SEA
729	155	239	SDA
729	157	1713	SEA
729	159	550	SEA
729	163	851	SEA
729	28	536	SEA
729	56	914	SEA
729	57	239	SEA
729	59	1312	SEA
729	73	600	SEA
729	88	865	SEA
751	105	659	SEA
751	129	520	SEA
751	153	1232	SEA
751	155	5	SEA
751	157	954	SEA
751	159	974	SEA
751	163	258	SEA
751	28	903	SEA
751	56	950	SEA
751	57	793	SEA
751	59	728	SEA
751	73	710	SEA
751	88	502	SEA
757	105	659	SEA
757	129	468	SEA
757	153	615	SEA
757	155	1091	SEA
757	157	1074	SEA
757	159	795	SEA
757	163	322	SEA
757	28	1264	SEA
757	56	960	SEA
757	57	1010	SEA
757	59	728	SEA
757	73	673	SEA
757	88	526	SEA
759	105	619	SEA
759	129	490	SEA
759	153	565	SEA
759	155	1128	SEA
759	157	1071	SEA
759	159	808	SEA
759	163	346	SEA
759	28	1233	SEA
759	56	960	SEA
759	57	1010	SEA
759	59	728	SEA
759	73	601	SEA
759	88	551	SEA
760	105	567	SEA
760	129	465	SEA
760	153	663	SEA
760	155	1132	SEA
760	157	1014	SEA
760	159	796	SEA
760	163	270	SEA
760	28	1154	SEA
760	56	960	SEA
760	57	1010	SEA
760	59	728	SEA
760	73	621	SEA
760	88	536	SEA
765	105	651	SEA
765	129	853	SEA
765	153	515	SEA
765	155	1011	SEA
765	157	577	SEA
765	159	736	SEA
765	163	410	SEA
765	28	1286	SEA
765	56	694	SEA
765	57	949	SEA
765	59	599	SEA
765	73	643	SEA
765	88	236	SEA
768	105	779	SEA
768	129	1109	SEA
768	153	459	SEA
768	155	990	SEA
768	157	581	SEA
768	159	474	SEA
768	163	731	SEA
768	28	453	SEA
768	56	670	SEA
768	57	935	SEA
768	59	605	SEA
768	73	648	SEA
768	88	323	SEA
770	105	544	SEA
770	129	1179	SEA
770	153	544	SEA
770	155	992	SEA
770	157	486	SDA
770	159	463	SEA
770	163	777	SEA
770	28	399	SEA
770	56	745	SEA
770	57	932	SEA
770	59	720	SEA
770	73	612	SEA
770	88	236	SEA
771	105	544	SEA
771	129	1214	SEA
771	153	493	SEA
771	155	958	SEA
771	157	515	SDA
771	159	509	SEA
771	163	806	SEA
771	28	385	SEA
771	56	740	SEA
771	57	908	SDA
771	59	720	SEA
771	73	609	SEA
771	88	459	SEA
772	105	544	SEA
772	129	1214	SEA
772	153	493	SEA
772	155	958	SEA
772	157	515	SDA
772	159	509	SEA
772	163	806	SEA
772	28	385	SEA
772	56	740	SEA
772	57	908	SDA
772	59	720	SEA
772	73	609	SEA
772	88	459	SEA
774	105	583	SEA
774	129	1287	SEA
774	153	942	SEA
774	155	686	SEA
774	157	508	SEA
774	159	592	SEA
774	163	858	SEA
774	28	377	SEA
774	56	732	SEA
774	57	1022	SEA
774	59	679	SEA
774	73	474	SEA
774	88	458	SEA
778	105	590	SEA
778	129	1265	SEA
778	153	919	SEA
778	155	724	SEA
778	157	464	SEA
778	159	600	SEA
778	163	889	SEA
778	28	370	SEA
778	56	824	SEA
778	57	1022	SEA
778	59	419	SEA
778	73	538	SEA
778	88	1127	SEA
783	105	462	SEA
783	129	1151	SEA
783	153	872	SEA
783	155	710	SEA
783	157	443	SEA
783	159	610	SEA
783	163	885	SEA
783	28	357	SEA
783	56	524	SEA
783	57	901	SEA
783	59	320	SEA
783	73	641	SEA
783	88	1059	SEA
791	105	466	SEA
791	129	910	SEA
791	153	769	SEA
791	155	1029	SEA
791	157	1235	SEA
791	159	578	SEA
791	163	274	SEA
791	28	1089	SEA
791	56	133	SEA
791	57	677	SEA
791	59	359	SEA
791	73	635	SEA
791	88	100	SEA
798	105	542	SEA
798	129	936	SEA
798	153	884	SEA
798	155	995	SEA
798	157	1224	SEA
798	159	388	SEA
798	163	354	SEA
798	28	801	SEA
798	56	368	SEA
798	57	1019	SEA
798	59	378	SEA
798	73	675	SEA
798	88	211	SEA
801	105	513	SEA
801	129	903	SEA
801	153	1073	SEA
801	155	971	SEA
801	157	1218	SEA
801	159	434	SEA
801	163	293	SEA
801	28	828	SEA
801	56	340	SDA
801	57	899	SEA
801	59	609	SEA
801	73	717	SEA
801	88	148	SEA
804	105	485	SEA
804	129	839	SEA
804	153	1005	SEA
804	155	956	SEA
804	157	1102	SEA
804	159	603	SEA
804	163	272	SEA
804	28	740	SEA
804	56	831	SEA
804	57	847	SEA
804	59	1384	SEA
804	73	697	SEA
804	88	140	SEA
808	105	599	SEA
808	129	1222	SEA
808	153	981	SEA
808	155	835	SEA
808	157	248	SEA
808	159	622	SEA
808	163	1339	SEA
808	28	569	SEA
808	56	1140	SEA
808	57	1082	SEA
808	59	840	SEA
808	73	496	SEA
808	88	392	SEA
810	105	479	SEA
810	129	1204	SEA
810	153	902	SEA
810	155	812	SEA
810	157	241	SEA
810	159	621	SEA
810	163	450	SEA
810	28	568	SEA
810	56	1140	SEA
810	57	1082	SEA
810	59	840	SEA
810	73	537	SEA
810	88	466	SEA
819	105	779	SEA
819	129	1353	SEA
819	153	951	SEA
819	155	782	SDA
819	157	244	SEA
819	159	235	SEA
819	163	491	SEA
819	28	548	SEA
819	56	855	SEA
819	57	901	SEA
819	59	444	SEA
819	73	1129	SEA
819	88	364	SEA
834	105	545	SEA
834	129	583	SEA
834	153	1720	SEA
834	155	977	SEA
834	157	444	SEA
834	159	52	SEA
834	163	654	SEA
834	28	817	SEA
834	56	1029	SEA
834	57	895	SEA
834	59	780	SEA
834	73	581	SEA
834	88	231	SDA
840	105	564	SEA
840	129	583	SEA
840	153	1442	SEA
840	155	142	SDA
840	157	414	SEA
840	159	169	SEA
840	163	713	SEA
840	28	1516	SEA
840	56	1045	SEA
840	57	763	SEA
840	59	657	SEA
840	73	465	SEA
840	88	237	SEA
847	105	660	SEA
847	129	1505	SEA
847	153	1052	SEA
847	155	103	SDA
847	157	1260	SEA
847	159	874	SEA
847	163	513	SEA
847	28	1577	SEA
847	56	1200	SEA
847	57	843	SEA
847	59	892	SEA
847	73	1213	SEA
847	88	455	SEA
853	105	733	SEA
853	129	1196	SEA
853	153	605	SDA
853	155	55	SDA
853	157	1162	SEA
853	159	827	SEA
853	163	605	SEA
853	28	367	SEA
853	56	972	SEA
853	57	733	SEA
853	59	566	SEA
853	73	748	SEA
853	88	404	SEA
859	105	659	SEA
859	129	1117	SEA
859	153	638	SEA
859	155	222	SEA
859	157	422	SEA
859	159	733	SEA
859	163	571	SEA
859	28	276	SEA
859	56	902	SEA
859	57	840	SEA
859	59	517	SEA
859	73	730	SEA
859	88	1276	SEA
863	105	505	SEA
863	129	1199	SEA
863	153	567	SEA
863	155	919	SEA
863	157	414	SEA
863	159	186	SEA
863	163	415	SEA
863	28	212	SEA
863	56	953	SEA
863	57	839	SEA
863	59	840	SEA
863	73	775	SEA
863	88	198	SEA
871	105	523	SEA
871	129	1139	SEA
871	153	715	SEA
871	155	2039	SDA
871	157	552	SEA
871	159	535	SEA
871	163	322	SEA
871	28	279	SEA
871	56	1119	SEA
871	57	567	SEA
871	59	642	SEA
871	73	732	SEA
871	88	176	SEA
876	105	605	SEA
876	129	765	SDA
876	153	743	SEA
876	155	1989	SDA
876	157	329	SEA
876	159	371	SEA
876	163	296	SDA
876	28	833	SEA
876	56	984	SEA
876	57	840	SEA
876	59	1038	SEA
876	73	820	SEA
876	88	75	SEA
887	105	549	SEA
887	129	600	SDA
887	153	576	SEA
887	155	720	SDA
887	157	878	SEA
887	159	954	SEA
887	163	385	SDA
887	28	359	SEA
887	56	660	SEA
887	57	840	SEA
887	59	707	SEA
887	73	434	SEA
887	88	505	SEA
889	105	562	SEA
889	129	588	SEA
889	153	611	SEA
889	155	755	SDA
889	157	626	SEA
889	159	1004	SEA
889	163	336	SDA
889	28	318	SEA
889	56	660	SEA
889	57	840	SEA
889	59	737	SEA
889	73	425	SEA
889	88	504	SEA
893	105	519	SEA
893	129	674	SEA
893	153	1113	SEA
893	155	886	SEA
893	157	510	SEA
893	159	536	SEA
893	163	1041	SEA
893	28	248	SEA
893	56	447	SEA
893	57	779	SEA
893	59	710	SEA
893	73	476	SEA
893	88	411	SEA
895	105	490	SEA
895	129	730	SEA
895	153	1045	SEA
895	155	800	SEA
895	157	429	SEA
895	159	486	SEA
895	163	1010	SEA
895	28	137	SEA
895	56	417	SEA
895	57	679	SEA
895	59	710	SEA
895	73	526	SEA
895	88	405	SEA
901	105	363	SEA
901	129	996	SEA
901	153	531	SEA
901	155	797	SEA
901	157	400	SEA
901	159	318	SEA
901	163	924	SEA
901	28	1639	SEA
901	56	386	SEA
901	57	562	SEA
901	59	639	SEA
901	73	744	SEA
901	88	406	SEA
908	105	239	SEA
908	129	1601	SEA
908	153	844	SEA
908	155	876	SEA
908	157	611	SEA
908	159	694	SEA
908	163	1044	SEA
908	28	188	SEA
908	56	286	SEA
908	57	615	SEA
908	59	550	SEA
908	73	1190	SEA
908	88	517	SEA
918	105	100	SEA
918	129	1645	SEA
918	153	907	SEA
918	155	889	SEA
918	157	372	SEA
918	159	682	SEA
918	163	722	SEA
918	28	440	SEA
918	56	361	SEA
918	57	719	SEA
918	59	232	SEA
918	73	1164	SEA
918	88	456	SEA
920	105	41	SEA
920	129	1609	SEA
920	153	852	SEA
920	155	889	SEA
920	157	345	SEA
920	159	612	SEA
920	163	737	SEA
920	28	451	SEA
920	56	367	SEA
920	57	659	SEA
920	59	196	SEA
920	73	503	SEA
920	88	959	SEA
922	105	3	SEA
922	129	1698	SEA
922	153	783	SEA
922	155	805	SEA
922	157	206	SEA
922	159	644	SEA
922	163	781	SEA
922	28	436	SEA
922	56	359	SEA
922	57	534	SEA
922	59	286	SEA
922	73	505	SEA
922	88	964	SEA
923	105	92	SEA
923	129	1720	SEA
923	153	812	SEA
923	155	795	SEA
923	157	312	SEA
923	159	527	SEA
923	163	855	SEA
923	28	405	SEA
923	56	330	SEA
923	57	555	SEA
923	59	619	SEA
923	73	487	SEA
923	88	1000	SEA
924	105	61	SEA
924	129	883	SEA
924	153	778	SEA
924	155	798	SEA
924	157	357	SEA
924	159	544	SEA
924	163	861	SEA
924	28	406	SEA
924	56	319	SEA
924	57	557	SEA
924	59	539	SEA
924	73	459	SEA
924	88	985	SEA
926	105	559	SEA
926	129	777	SEA
926	153	750	SEA
926	155	783	SEA
926	157	763	SEA
926	159	518	SEA
926	163	887	SEA
926	28	354	SEA
926	56	380	SEA
926	57	537	SEA
926	59	82	SEA
926	73	487	SEA
926	88	992	SEA
932	105	270	SEA
932	129	698	SEA
932	153	696	SEA
932	155	639	SEA
932	157	922	SEA
932	159	543	SEA
932	28	428	SEA
932	56	470	SEA
932	57	659	SEA
932	59	660	SEA
932	73	449	SEA
932	88	652	SEA
933	105	339	SEA
933	129	687	SEA
933	153	630	SEA
933	155	583	SEA
933	157	901	SEA
933	159	577	SEA
933	163	1965	SEA
933	28	489	SEA
933	56	1804	SEA
933	57	599	SEA
933	59	660	SEA
933	73	470	SEA
933	88	678	SEA
936	105	580	SEA
936	129	715	SEA
936	153	926	SEA
936	155	765	SDA
936	157	808	SEA
936	159	509	SEA
936	163	2036	SEA
936	28	493	SEA
936	56	538	SEA
936	57	359	SEA
936	59	479	SEA
936	73	413	SEA
936	88	674	SEA
937	105	468	SEA
937	129	782	SEA
937	153	973	SEA
937	155	707	SDA
937	157	826	SEA
937	159	429	SEA
937	163	1999	SEA
937	28	471	SEA
937	56	589	SEA
937	57	208	SEA
937	59	419	SEA
937	73	593	SEA
937	88	719	SEA
940	105	432	SEA
940	129	763	SEA
940	153	1032	SEA
940	155	616	SDA
940	157	829	SEA
940	159	489	SEA
940	163	2052	SEA
940	28	847	SEA
940	56	410	SEA
940	57	152	SEA
940	59	311	SEA
940	73	565	SEA
940	88	710	SEA
941	105	406	SEA
941	129	766	SEA
941	153	1061	SEA
941	155	575	SDA
941	157	816	SEA
941	159	473	SEA
941	163	2062	SEA
941	28	872	SEA
941	56	407	SEA
941	57	139	SEA
941	59	301	SEA
941	73	571	SEA
941	88	669	SEA
943	105	434	SEA
943	129	724	SEA
943	153	1072	SEA
943	155	580	SDA
943	157	802	SEA
943	159	762	SEA
943	163	2034	SEA
943	28	941	SEA
943	56	389	SEA
943	57	135	SEA
943	59	316	SEA
943	73	672	SEA
943	88	623	SEA
944	105	505	SEA
944	129	795	SEA
944	153	693	SEA
944	155	559	SDA
944	157	808	SEA
944	159	773	SEA
944	28	967	SEA
944	56	408	SEA
944	57	250	SEA
944	59	294	SEA
944	73	600	SEA
944	88	411	SEA
950	105	510	SEA
950	129	885	SEA
950	153	738	SEA
950	155	655	SDA
950	157	594	SDA
950	159	741	SEA
950	163	996	SEA
950	28	25	SEA
950	56	576	SEA
950	57	529	SEA
950	59	148	SEA
950	73	475	SEA
950	88	343	SEA
952	105	539	SEA
952	129	862	SEA
952	153	729	SEA
952	155	604	SDA
952	157	555	SDA
952	159	747	SEA
952	163	972	SEA
952	28	57	SEA
952	56	434	SEA
952	57	780	SEA
952	59	271	SEA
952	73	524	SEA
952	88	404	SEA
953	105	544	SEA
953	129	858	SEA
953	153	693	SEA
953	155	587	SDA
953	157	563	SDA
953	159	729	SEA
953	163	989	SEA
953	28	65	SEA
953	56	419	SEA
953	57	780	SEA
953	59	297	SEA
953	73	535	SEA
953	88	401	SEA
965	105	471	SEA
965	129	949	SEA
965	153	1292	SEA
965	155	860	SEA
965	157	560	SEA
965	159	617	SEA
965	163	972	SEA
965	28	1570	SEA
965	56	569	SEA
965	57	780	SEA
965	59	215	SEA
965	73	561	SEA
965	88	506	SEA
967	105	414	SEA
967	129	952	SEA
967	153	1361	SEA
967	155	820	SEA
967	157	498	SEA
967	159	558	SEA
967	163	965	SEA
967	28	1618	SEA
967	56	561	SEA
967	57	780	SEA
967	59	299	SEA
967	73	538	SEA
967	88	440	SEA
972	105	529	SEA
972	129	1011	SEA
972	153	941	SEA
972	155	514	SEA
972	157	387	SEA
972	159	573	SEA
972	163	1020	SEA
972	28	1496	SEA
972	56	739	SEA
972	57	499	SEA
972	59	431	SEA
972	73	595	SEA
972	88	477	SEA
986	105	447	SEA
986	129	297	SEA
986	153	987	SEA
986	155	502	SEA
986	157	121	SEA
986	159	944	SEA
986	163	683	SEA
986	28	401	SEA
986	56	596	SEA
986	57	556	SEA
986	59	548	SEA
986	73	518	SEA
986	88	6	SEA
987	105	441	SEA
987	129	318	SEA
987	153	1053	SEA
987	155	520	SEA
987	157	132	SEA
987	159	633	SEA
987	163	728	SEA
987	28	469	SEA
987	56	596	SEA
987	57	556	SEA
987	59	553	SEA
987	73	560	SEA
987	88	4	SEA
989	105	440	SEA
989	129	353	SEA
989	153	1068	SEA
989	155	603	SEA
989	157	149	SEA
989	159	615	SEA
989	163	650	SEA
989	28	368	SEA
989	56	572	SEA
989	57	570	SEA
989	59	556	SEA
989	73	551	SEA
989	88	57	SEA
992	105	462	SEA
992	129	387	SEA
992	153	946	SEA
992	155	565	SEA
992	157	144	SEA
992	159	756	SEA
992	163	593	SEA
992	28	380	SEA
992	56	547	SEA
992	57	780	SEA
992	59	780	SEA
992	73	520	SEA
992	88	9	SEA
1000	105	420	SEA
1000	129	804	SEA
1000	153	902	SEA
1000	155	1076	SEA
1000	157	989	SEA
1000	159	538	SEA
1000	163	958	SEA
1000	28	1018	SEA
1000	56	835	SEA
1000	57	548	SEA
1000	59	523	SEA
1000	73	538	SEA
1000	88	220	SEA
1006	105	720	SEA
1006	129	1110	SEA
1006	153	875	SEA
1006	155	1011	SEA
1006	157	975	SEA
1006	159	265	SEA
1006	163	753	SEA
1006	28	235	SEA
1006	56	732	SEA
1006	57	779	SEA
1006	59	719	SEA
1006	73	590	SEA
1006	88	332	SEA
1007	105	720	SEA
1007	129	1110	SEA
1007	153	875	SEA
1007	155	1011	SEA
1007	157	975	SEA
1007	159	265	SEA
1007	163	753	SEA
1007	28	235	SEA
1007	56	732	SEA
1007	57	779	SEA
1007	59	719	SEA
1007	73	590	SEA
1007	88	332	SEA
1008	105	496	SEA
1008	129	1176	SEA
1008	153	903	SEA
1008	155	994	SEA
1008	157	994	SEA
1008	159	339	SEA
1008	163	817	SEA
1008	28	299	SEA
1008	56	671	SEA
1008	57	719	SEA
1008	59	659	SEA
1008	73	556	SEA
1008	88	293	SEA
1010	105	466	SEA
1010	129	1186	SEA
1010	153	947	SEA
1010	155	711	SDA
1010	157	504	SEA
1010	159	306	SEA
1010	163	750	SEA
1010	28	346	SEA
1010	56	646	SEA
1010	57	619	SEA
1010	59	559	SEA
1010	73	588	SEA
1010	88	991	SEA
1013	105	431	SEA
1013	129	1222	SEA
1013	153	189	SDA
1013	155	660	SDA
1013	157	461	SEA
1013	159	405	SEA
1013	163	22	SEA
1013	28	375	SEA
1013	56	631	SEA
1013	57	356	SEA
1013	59	536	SEA
1013	73	350	SEA
1013	88	975	SEA
1014	105	459	SEA
1014	129	1221	SEA
1014	153	927	SDA
1014	155	590	SDA
1014	157	481	SEA
1014	159	712	SEA
1014	163	14	SEA
1014	28	342	SDA
1014	56	1079	SEA
1014	57	359	SEA
1014	59	505	SEA
1014	73	372	SEA
1014	88	824	SEA
1016	105	435	SEA
1016	129	514	SEA
1016	153	977	SDA
1016	155	540	SDA
1016	157	516	SEA
1016	159	742	SEA
1016	163	168	SEA
1016	28	281	SDA
1016	56	959	SEA
1016	57	296	SEA
1016	59	902	SEA
1016	73	386	SEA
1016	88	838	SEA
1019	105	615	SEA
1019	129	527	SDA
1019	153	814	SDA
1019	155	500	SDA
1019	157	565	SEA
1019	159	711	SEA
1019	163	90	SEA
1019	28	246	SEA
1019	56	757	SEA
1019	57	315	SEA
1019	59	901	SEA
1019	73	399	SEA
1019	88	887	SEA
1023	105	589	SEA
1023	129	571	SDA
1023	153	621	SDA
1023	155	467	SEA
1023	157	543	SEA
1023	159	722	SEA
1023	163	22	SEA
1023	28	393	SEA
1023	56	670	SEA
1023	57	590	SEA
1023	59	661	SEA
1023	73	687	SEA
1023	88	761	SEA
1026	105	596	SEA
1026	129	543	SEA
1026	153	755	SDA
1026	155	447	SEA
1026	157	467	SEA
1026	159	657	SEA
1026	163	418	SEA
1026	28	629	SEA
1026	56	616	SEA
1026	57	552	SEA
1026	59	618	SEA
1026	73	728	SEA
1026	88	819	SEA
1028	105	585	SEA
1028	129	519	SEA
1028	153	854	SDA
1028	155	692	SEA
1028	157	364	SEA
1028	159	569	SEA
1028	163	387	SEA
1028	28	699	SEA
1028	56	631	SEA
1028	57	536	SEA
1028	59	599	SEA
1028	73	1546	SEA
1028	88	844	SEA
1033	105	507	SEA
1033	129	462	SDA
1033	153	762	SEA
1033	155	690	SEA
1033	157	376	SEA
1033	159	471	SEA
1033	163	473	SEA
1033	28	410	SEA
1033	56	939	SEA
1033	57	659	SEA
1033	59	959	SEA
1033	73	1516	SEA
1033	88	194	SEA
1037	105	476	SEA
1037	129	1421	SEA
1037	153	733	SEA
1037	155	698	SEA
1037	157	1154	SEA
1037	159	470	SEA
1037	163	466	SEA
1037	28	467	SEA
1037	56	759	SEA
1037	57	479	SEA
1037	59	841	SEA
1037	73	1472	SEA
1037	88	199	SEA
1040	105	497	SEA
1040	129	1333	SEA
1040	153	469	SEA
1040	155	985	SDA
1040	157	1149	SEA
1040	159	456	SEA
1040	163	305	SEA
1040	28	523	SEA
1040	56	507	SEA
1040	57	342	SEA
1040	59	789	SEA
1040	73	1445	SEA
1040	88	208	SEA
1042	105	525	SEA
1042	129	1380	SEA
1042	153	519	SEA
1042	155	914	SDA
1042	157	54	SEA
1042	159	423	SEA
1042	163	293	SEA
1042	28	320	SEA
1042	56	554	SEA
1042	57	331	SEA
1042	59	799	SEA
1042	73	1490	SEA
1042	88	185	SEA
1048	105	264	SDA
1048	129	1668	SDA
1048	153	710	SEA
1048	155	867	SDA
1048	157	77	SEA
1048	159	717	SEA
1048	163	829	SEA
1048	28	471	SEA
1048	56	565	SEA
1048	57	552	SEA
1048	59	960	SEA
1048	73	1060	SEA
1048	88	315	SEA
1049	105	324	SDA
1049	129	1826	SDA
1049	153	741	SEA
1049	155	816	SDA
1049	157	36	SEA
1049	159	701	SEA
1049	163	842	SEA
1049	28	549	SEA
1049	56	550	SEA
1049	57	489	SEA
1049	59	959	SEA
1049	73	1059	SEA
1049	88	331	SEA
1051	105	336	SDA
1051	129	1936	SEA
1051	153	764	SEA
1051	155	808	SEA
1051	157	34	SEA
1051	159	273	SEA
1051	163	846	SEA
1051	28	567	SEA
1051	56	779	SEA
1051	57	467	SEA
1051	59	851	SEA
1051	73	990	SEA
1051	88	396	SEA
1053	105	342	SEA
1053	129	1974	SEA
1053	153	815	SEA
1053	155	818	SEA
1053	157	42	SEA
1053	159	319	SEA
1053	163	857	SEA
1053	28	575	SEA
1053	56	739	SEA
1053	57	463	SEA
1053	59	871	SEA
1053	73	1006	SEA
1053	88	415	SEA
1057	105	655	SDA
1057	129	1796	SEA
1057	153	749	SEA
1057	155	524	SDA
1057	157	298	SEA
1057	159	293	SEA
1057	163	251	SEA
1057	28	422	SEA
1057	56	524	SEA
1057	57	780	SEA
1057	59	831	SEA
1057	73	875	SEA
1057	88	634	SEA
1059	105	541	SEA
1059	129	1759	SDA
1059	153	896	SEA
1059	155	428	SEA
1059	157	701	SEA
1059	159	299	SEA
1059	163	170	SEA
1059	28	430	SEA
1059	56	520	SEA
1059	57	617	SEA
1059	59	660	SEA
1059	73	1007	SEA
1059	88	608	SEA
1063	105	588	SEA
1063	153	935	SEA
1063	155	395	SEA
1063	157	1071	SEA
1063	159	851	SEA
1063	163	136	SEA
1063	28	492	SEA
1063	56	544	SEA
1063	57	600	SEA
1063	59	660	SEA
1063	73	1060	SEA
1063	88	333	SEA
1064	105	571	SEA
1064	153	843	SEA
1064	155	362	SEA
1064	157	1106	SEA
1064	159	844	SEA
1064	163	91	SEA
1064	28	546	SEA
1064	56	540	SEA
1064	57	602	SEA
1064	59	660	SEA
1064	73	995	SEA
1064	88	229	SEA
1067	105	529	SEA
1067	129	1186	SEA
1067	153	844	SEA
1067	155	371	SEA
1067	157	1088	SEA
1067	159	735	SEA
1067	163	118	SEA
1067	28	502	SEA
1067	56	719	SEA
1067	57	900	SEA
1067	59	599	SEA
1067	73	949	SEA
1067	88	256	SEA
1069	105	551	SEA
1069	129	1207	SEA
1069	153	764	SEA
1069	155	389	SEA
1069	157	1055	SEA
1069	159	755	SEA
1069	163	75	SEA
1069	28	468	SEA
1069	56	639	SEA
1069	57	900	SEA
1069	59	519	SEA
1069	73	941	SEA
1069	88	270	SEA
1071	105	639	SEA
1071	129	1227	SEA
1071	153	734	SEA
1071	155	1206	SEA
1071	157	983	SEA
1071	159	350	SEA
1071	163	643	SEA
1071	28	403	SEA
1071	56	466	SDA
1071	57	900	SEA
1071	59	409	SEA
1071	73	727	SEA
1071	88	377	SEA
1074	105	268	SEA
1074	129	1370	SEA
1074	153	852	SDA
1074	155	1095	SEA
1074	157	537	SEA
1074	159	345	SEA
1074	163	416	SEA
1074	28	1252	SEA
1074	56	534	SEA
1074	57	714	SEA
1074	59	336	SEA
1074	73	778	SEA
1074	88	358	SEA
1075	105	342	SEA
1075	129	1414	SEA
1075	153	861	SDA
1075	155	1068	SEA
1075	157	535	SEA
1075	159	316	SEA
1075	163	415	SEA
1075	28	1317	SEA
1075	56	530	SEA
1075	57	736	SEA
1075	59	337	SEA
1075	73	817	SEA
1075	88	335	SEA
1090	105	584	SEA
1090	129	1179	SEA
1090	153	302	SEA
1090	155	1273	SDA
1090	157	452	SEA
1090	159	499	SEA
1090	163	523	SEA
1090	28	220	SEA
1090	56	613	SEA
1090	57	676	SEA
1090	59	375	SEA
1090	73	510	SEA
1090	88	669	SEA
1093	105	536	SDA
1093	129	268	SEA
1093	153	427	SEA
1093	155	1287	SDA
1093	157	519	SEA
1093	159	530	SEA
1093	163	1063	SEA
1093	28	218	SDA
1093	56	591	SEA
1093	57	730	SEA
1093	59	566	SEA
1093	73	472	SEA
1093	88	739	SEA
1099	105	567	SEA
1099	129	434	SEA
1099	153	455	SEA
1099	155	1295	SDA
1099	157	356	SEA
1099	159	612	SEA
1099	163	868	SEA
1099	28	281	SEA
1099	56	646	SEA
1099	57	900	SEA
1099	59	497	SEA
1099	73	552	SEA
1099	88	911	SEA
1103	105	645	SEA
1103	129	441	SEA
1103	153	811	SEA
1103	155	751	SEA
1103	157	892	SEA
1103	159	566	SEA
1103	163	1026	SDA
1103	28	388	SEA
1103	56	591	SEA
1103	57	719	SEA
1103	59	971	SEA
1103	73	462	SEA
1103	88	363	SEA
1105	105	651	SEA
1105	129	348	SEA
1105	153	814	SEA
1105	155	760	SEA
1105	157	817	SEA
1105	159	547	SEA
1105	163	966	SDA
1105	28	886	SEA
1105	56	567	SEA
1105	57	551	SEA
1105	59	965	SEA
1105	73	824	SEA
1105	88	403	SEA
1108	105	719	SEA
1108	129	412	SDA
1108	153	578	SEA
1108	155	724	SDA
1108	157	415	SEA
1108	159	569	SEA
1108	163	917	SEA
1108	28	827	SEA
1108	56	511	SEA
1108	57	521	SEA
1108	59	927	SEA
1108	73	800	SEA
1108	88	571	SEA
1112	105	686	SEA
1112	129	382	SDA
1112	153	461	SEA
1112	155	740	SDA
1112	157	402	SEA
1112	159	664	SEA
1112	163	878	SEA
1112	28	837	SEA
1112	56	657	SEA
1112	57	524	SEA
1112	59	1200	SEA
1112	73	808	SEA
1112	88	578	SEA
1119	105	938	SEA
1119	129	529	SEA
1119	153	379	SEA
1119	155	519	SDA
1119	157	260	SEA
1119	159	534	SEA
1119	163	1393	SEA
1119	28	860	SEA
1119	56	590	SEA
1119	57	779	SEA
1119	59	1199	SEA
1119	73	313	SEA
1119	88	184	SEA
1127	105	706	SEA
1127	129	870	SEA
1127	153	952	SEA
1127	155	495	SEA
1127	157	805	SEA
1127	159	608	SEA
1127	163	1487	SEA
1127	28	757	SEA
1127	56	749	SEA
1127	57	960	SEA
1127	59	878	SEA
1127	73	1035	SEA
1127	88	894	SEA
1130	105	734	SDA
1130	129	803	SEA
1130	153	955	SEA
1130	155	569	SDA
1130	157	800	SEA
1130	159	638	SEA
1130	163	430	SEA
1130	28	720	SEA
1130	56	672	SEA
1130	57	960	SEA
1130	73	971	SEA
1130	88	891	SEA
1132	105	665	SDA
1132	129	805	SEA
1132	153	857	SEA
1132	155	496	SDA
1132	157	752	SEA
1132	159	630	SEA
1132	163	451	SEA
1132	28	729	SEA
1132	56	670	SEA
1132	57	796	SEA
1132	73	136	SEA
1132	88	836	SEA
1136	105	650	SDA
1136	129	751	LSD
1136	153	1094	SEA
1136	155	424	SDA
1136	157	763	SEA
1136	159	508	SEA
1136	163	550	SEA
1136	28	657	SEA
1136	56	620	SEA
1136	57	765	SEA
1136	73	201	SEA
1136	88	677	SEA
1140	105	718	SEA
1140	129	674	SEA
1140	153	1152	SEA
1140	155	278	SDA
1140	157	795	SEA
1140	159	715	SEA
1140	163	462	SEA
1140	28	610	SEA
1140	56	605	SEA
1140	57	739	SEA
1140	59	2339	SEA
1140	73	242	SEA
1140	88	648	SEA
1146	105	622	SEA
1146	129	626	SEA
1146	153	1070	SEA
1146	155	593	SDA
1146	157	821	SEA
1146	159	650	SEA
1146	163	393	SEA
1146	28	1507	SEA
1146	56	864	SDA
1146	57	960	SEA
1146	59	1089	SEA
1146	73	324	SEA
1146	88	475	SEA
1149	105	1530	SEA
1149	129	890	SEA
1149	153	824	SDA
1149	155	557	SDA
1149	157	969	SEA
1149	159	564	SEA
1149	163	453	SEA
1149	28	1376	SEA
1149	56	716	SEA
1149	57	839	SEA
1149	59	1200	SEA
1149	73	632	SEA
1149	88	879	SEA
1153	105	960	SEA
1153	129	823	SEA
1153	153	826	SDA
1153	155	697	SEA
1153	157	1042	SEA
1153	159	511	SEA
1153	163	481	SEA
1153	28	1361	SEA
1153	56	721	SEA
1153	57	654	SEA
1153	59	1200	SEA
1153	73	981	SDA
1153	88	569	SEA
1154	105	960	SEA
1154	129	824	SEA
1154	153	797	SDA
1154	155	687	SEA
1154	157	996	SEA
1154	159	540	SEA
1154	163	490	SEA
1154	28	1362	SEA
1154	56	704	SEA
1154	57	605	SEA
1154	59	1200	SEA
1154	73	1052	SDA
1154	88	598	SEA
1157	105	761	SEA
1157	129	898	SEA
1157	153	731	SDA
1157	155	705	SEA
1157	157	985	SEA
1157	159	507	SEA
1157	163	1172	SEA
1157	28	742	SEA
1157	56	1560	SEA
1157	57	618	SEA
1157	59	1200	SEA
1157	73	1102	SDA
1157	88	595	SEA
1164	105	804	SEA
1164	129	280	SEA
1164	153	896	SDA
1164	155	291	SDA
1164	157	1131	SEA
1164	159	475	SEA
1164	163	3	SEA
1164	28	845	SEA
1164	56	1314	SDA
1164	57	959	SEA
1164	59	1020	SEA
1164	73	1102	SEA
1164	88	613	SEA
1168	105	899	SEA
1168	129	186	SEA
1168	153	1049	SEA
1168	155	224	SDA
1168	157	1084	SEA
1168	159	1045	SEA
1168	163	82	SEA
1168	28	723	SEA
1168	56	1255	SEA
1168	57	659	SEA
1168	59	961	SEA
1168	73	607	SEA
1168	88	619	SDA
1181	105	748	SEA
1181	129	668	SDA
1181	155	798	SEA
1181	157	495	SEA
1181	159	17	SEA
1181	163	101	SEA
1181	28	876	SEA
1181	56	1399	SEA
1181	57	839	SEA
1181	59	778	SEA
1181	73	336	SEA
1181	88	684	SEA
1183	105	1019	SEA
1183	129	659	SDA
1183	155	738	SEA
1183	157	524	SEA
1183	159	60	SEA
1183	163	95	SEA
1183	28	886	SEA
1183	56	1398	SEA
1183	57	830	SEA
1183	59	774	SEA
1183	73	212	SEA
1183	88	703	SEA
1188	105	880	SEA
1188	129	615	SDA
1188	155	742	SEA
1188	157	537	SEA
1188	159	1	SEA
1188	163	759	SEA
1188	28	891	SEA
1188	56	1264	SEA
1188	57	828	SEA
1188	59	804	SEA
1188	73	641	SEA
1188	88	488	SEA
1190	105	887	SEA
1190	129	554	SDA
1190	155	700	SEA
1190	157	474	SEA
1190	159	46	SEA
1190	163	765	SEA
1190	28	884	SEA
1190	56	1248	SEA
1190	57	960	SEA
1190	59	900	SEA
1190	73	772	SEA
1190	88	444	SEA
1200	105	840	SEA
1200	129	1204	SEA
1200	153	1043	SEA
1200	155	563	SEA
1200	157	477	SEA
1200	159	466	SEA
1200	163	741	SEA
1200	28	643	SEA
1200	56	1080	SEA
1200	57	779	SEA
1200	59	747	SEA
1200	73	748	SEA
1200	88	451	SEA
1205	105	752	SDA
1205	129	1326	SEA
1205	153	667	SEA
1205	155	706	SEA
1205	157	783	SEA
1205	159	482	SEA
1205	163	525	SEA
1205	28	772	SEA
1205	56	1080	SEA
1205	57	465	SEA
1205	59	900	SEA
1205	73	540	SEA
1205	88	524	SEA
1209	105	682	SDA
1209	129	664	SEA
1209	153	713	SEA
1209	155	688	SEA
1209	157	713	SEA
1209	159	459	SEA
1209	163	488	SEA
1209	28	649	SEA
1209	56	1019	SEA
1209	57	375	SEA
1209	59	900	SEA
1209	73	619	SEA
1209	88	570	SDA
1210	105	694	SDA
1210	129	637	SEA
1210	153	676	SEA
1210	155	666	SEA
1210	157	746	SEA
1210	159	429	SEA
1210	163	527	SEA
1210	28	709	SEA
1210	56	959	SEA
1210	57	370	SEA
1210	59	899	SEA
1210	73	605	SEA
1210	88	521	SEA
1214	105	801	SEA
1214	129	700	SEA
1214	153	776	SEA
1214	155	484	SEA
1214	157	745	SEA
1214	159	333	SEA
1214	163	549	SEA
1214	28	624	SEA
1214	56	814	SEA
1214	57	785	SEA
1214	59	676	SEA
1214	73	680	SEA
1214	88	495	SEA
1228	105	660	SEA
1228	129	657	SEA
1228	155	934	SEA
1228	157	907	SEA
1228	159	1143	SEA
1228	163	1023	SEA
1228	28	1342	SEA
1228	56	877	SEA
1228	57	799	SEA
1228	59	739	SEA
1228	73	394	SEA
1228	88	393	SEA
1239	105	417	SEA
1239	129	1565	SEA
1239	153	1093	SEA
1239	155	699	SEA
1239	157	517	SEA
1239	159	1136	SEA
1239	163	736	SEA
1239	28	970	SEA
1239	56	1080	SEA
1239	57	840	SEA
1239	59	1020	SEA
1239	73	468	SEA
1239	88	181	SEA
1240	105	454	SEA
1240	129	1582	SEA
1240	153	1117	SEA
1240	155	673	SEA
1240	157	498	SEA
1240	159	1166	SEA
1240	163	728	SEA
1240	28	912	SEA
1240	56	1080	SEA
1240	57	840	SEA
1240	59	1020	SEA
1240	73	503	SEA
1240	88	166	SEA
1243	105	554	SEA
1243	129	1644	SEA
1243	153	1150	SEA
1243	155	642	SEA
1243	157	602	SEA
1243	159	1217	SEA
1243	163	637	SEA
1243	28	990	SEA
1243	56	1080	SEA
1243	57	779	SEA
1243	59	974	SEA
1243	73	443	SEA
1243	88	149	SEA
1248	105	501	SEA
1248	129	1963	SEA
1248	153	666	SEA
1248	155	1120	SEA
1248	157	617	SEA
1248	159	1216	SEA
1248	163	827	SEA
1248	28	837	SEA
1248	56	839	SEA
1248	57	669	SEA
1248	59	899	SEA
1248	73	715	SEA
1248	88	36	SEA
1252	105	426	SEA
1252	129	1898	SEA
1252	153	592	SEA
1252	155	1114	SEA
1252	157	687	SEA
1252	159	813	SEA
1252	163	895	SEA
1252	28	984	SEA
1252	56	885	SEA
1252	57	840	SEA
1252	59	1020	SEA
1252	73	623	SEA
1252	88	57	SEA
1255	105	571	SEA
1255	129	1796	SEA
1255	153	573	SEA
1255	155	1194	SEA
1255	157	1286	SEA
1255	159	879	SEA
1255	163	1910	SEA
1255	28	1430	SEA
1255	56	900	SEA
1255	57	840	SEA
1255	59	1020	SEA
1255	73	648	SEA
1255	88	785	SEA
1257	105	582	SEA
1257	129	1822	SEA
1257	153	565	SEA
1257	155	1203	SEA
1257	157	1297	SEA
1257	159	904	SEA
1257	163	1969	SEA
1257	28	1361	SEA
1257	56	868	SEA
1257	57	779	SEA
1257	59	1020	SEA
1257	73	960	SEA
1257	88	739	SEA
1264	105	544	SEA
1264	129	508	SEA
1264	153	549	SEA
1264	155	613	SEA
1264	157	1362	SEA
1264	159	928	SEA
1264	163	2103	SEA
1264	28	1319	SEA
1264	56	944	SEA
1264	57	677	SEA
1264	59	995	SEA
1264	73	848	SEA
1264	88	846	SEA
1265	105	594	SEA
1265	129	497	SEA
1265	153	1223	SEA
1265	155	680	SEA
1265	157	1342	SEA
1265	159	923	SEA
1265	163	2143	SEA
1265	28	1370	SEA
1265	56	927	SEA
1265	57	840	SEA
1265	59	985	SEA
1265	73	739	SEA
1265	88	792	SEA
1275	105	548	SEA
1275	129	63	SEA
1275	153	1005	SEA
1275	155	524	SEA
1275	157	136	SEA
1275	159	968	SEA
1275	28	998	SEA
1275	56	1020	SEA
1275	57	737	SEA
1275	59	1018	SEA
1275	73	865	SEA
1275	88	610	SEA
1278	105	522	SEA
1278	129	78	SEA
1278	153	970	SEA
1278	155	526	SEA
1278	157	97	SEA
1278	159	1088	SEA
1278	163	1305	SEA
1278	28	1007	SEA
1278	56	1019	SEA
1278	57	840	SEA
1278	59	838	SEA
1278	73	823	SEA
1278	88	611	SEA
1279	105	522	SEA
1279	129	78	SEA
1279	153	970	SEA
1279	155	526	SEA
1279	157	97	SEA
1279	159	1088	SEA
1279	163	1305	SEA
1279	28	1007	SEA
1279	56	1019	SEA
1279	57	840	SEA
1279	59	838	SEA
1279	73	823	SEA
1279	88	611	SEA
1280	105	505	SDA
1280	129	93	SEA
1280	153	953	SEA
1280	155	577	SEA
1280	157	98	SEA
1280	159	1098	SEA
1280	163	1255	SEA
1280	28	1017	SEA
1280	56	979	SEA
1280	57	840	SEA
1280	59	798	SEA
1280	73	844	SEA
1280	88	623	SEA
1284	105	559	SDA
1284	129	52	SEA
1284	153	1032	SEA
1284	155	974	SEA
1284	157	8	SEA
1284	159	1188	SEA
1284	163	1390	SEA
1284	28	723	SEA
1284	56	845	SEA
1284	57	748	SEA
1284	59	604	SEA
1284	73	852	SEA
1284	88	1058	SEA
1289	105	539	SEA
1289	129	67	SEA
1289	153	1116	SDA
1289	155	993	SEA
1289	157	2	SEA
1289	159	1117	SEA
1289	163	1349	SEA
1289	28	551	SEA
1289	56	799	SEA
1289	57	740	SEA
1289	59	535	SEA
1289	73	745	SEA
1289	88	1113	SEA
1295	105	228	SEA
1295	129	1114	SEA
1295	153	1311	SEA
1295	155	1133	SEA
1295	157	1741	SEA
1295	159	1070	SEA
1295	163	1393	SEA
1295	28	954	SEA
1295	56	1319	SEA
1295	57	840	SEA
1295	59	1019	SEA
1295	73	835	SEA
1295	88	528	SEA
1296	105	228	SEA
1296	129	1114	SEA
1296	153	1311	SEA
1296	155	1133	SEA
1296	157	1741	SEA
1296	159	1070	SEA
1296	163	1393	SEA
1296	28	954	SEA
1296	56	1319	SEA
1296	57	840	SEA
1296	59	1019	SEA
1296	73	835	SEA
1296	88	528	SEA
1301	105	313	SEA
1301	129	927	SEA
1301	153	1294	SEA
1301	155	1190	SEA
1301	157	1778	SEA
1301	159	1128	SEA
1301	163	1475	SEA
1301	28	747	SEA
1301	56	1141	SEA
1301	57	824	SEA
1301	59	839	SEA
1301	73	827	SEA
1301	88	557	SEA
1306	105	652	SEA
1306	129	903	SEA
1306	153	1114	SEA
1306	155	1202	SEA
1306	159	733	SEA
1306	163	381	SEA
1306	28	951	SEA
1306	56	1041	SEA
1306	57	780	SEA
1306	59	1500	SEA
1306	73	923	SEA
1306	88	574	SEA
1308	105	684	SEA
1308	129	928	SEA
1308	153	1282	SEA
1308	155	732	SEA
1308	159	793	SEA
1308	163	337	SEA
1308	28	896	SEA
1308	56	1054	SEA
1308	57	780	SEA
1308	59	1500	SEA
1308	73	911	SEA
1308	88	487	SEA
1312	105	619	SEA
1312	129	835	SEA
1312	153	1372	SEA
1312	155	812	SEA
1312	157	961	SEA
1312	159	740	SEA
1312	163	461	SEA
1312	28	787	SEA
1312	56	1320	SEA
1312	57	739	SEA
1312	59	1500	SEA
1312	73	970	SEA
1312	88	405	SEA
1319	105	488	SDA
1319	129	1360	SEA
1319	153	1387	SEA
1319	155	734	SEA
1319	157	935	SEA
1319	159	743	SEA
1319	163	434	SEA
1319	28	957	SEA
1319	56	1279	SEA
1319	57	616	SEA
1319	59	1276	SEA
1319	73	928	SEA
1319	88	77	SEA
