363	105	720	SEA
363	129	887	SEA
363	153	1020	SEA
363	155	370	SEA
363	157	341	SEA
363	159	672	SEA
363	163	719	SEA
363	28	626	SEA
363	56	930	SEA
363	57	840	SEA
363	73	1197	SEA
363	88	757	SEA
385	105	719	SEA
385	129	863	SEA
385	153	1015	SEA
385	155	572	SEA
385	157	1175	SEA
385	159	719	SEA
385	163	780	SEA
385	28	694	SEA
385	56	377	SEA
385	57	1966	SEA
385	59	477	SDA
385	73	449	SEA
385	88	600	SEA
408	105	938	SEA
408	129	538	SDA
408	153	437	SEA
408	155	484	SEA
408	157	366	SEA
408	159	461	SEA
408	163	642	SEA
408	28	720	SEA
408	56	1302	SEA
408	57	1152	SEA
408	59	619	SEA
408	73	683	SEA
408	88	703	SEA
409	105	213	SEA
409	129	495	SEA
409	153	773	SEA
409	155	504	SEA
409	157	370	SEA
409	159	467	SEA
409	163	637	SEA
409	28	720	SEA
409	56	1255	SEA
409	57	1167	SEA
409	59	647	SEA
409	73	708	SEA
409	88	703	SEA
421	105	1283	SEA
421	129	636	SEA
421	153	989	SEA
421	155	449	SEA
421	157	479	SEA
421	159	780	SEA
421	163	1320	SEA
421	28	660	SEA
421	56	762	SEA
421	57	643	SEA
421	59	756	SEA
421	73	789	SEA
421	88	276	SEA
422	105	1255	SEA
422	129	663	SEA
422	153	999	SEA
422	155	444	SEA
422	157	398	SEA
422	159	780	SEA
422	163	1320	SEA
422	28	660	SEA
422	56	769	SEA
422	57	663	SDA
422	59	726	SEA
422	73	823	SEA
422	88	332	SEA
435	105	6	SEA
435	129	595	SEA
435	153	502	SEA
435	155	381	SEA
435	157	965	SEA
435	159	780	SEA
435	163	929	SEA
435	28	659	SEA
435	56	553	SDA
435	57	549	SEA
435	59	635	SEA
435	73	544	SEA
435	88	355	SEA
439	105	14	SEA
439	129	559	SEA
439	153	355	SEA
439	155	479	SEA
439	157	1007	SEA
439	159	719	SEA
439	163	660	SEA
439	28	565	SEA
439	56	1261	SEA
439	57	668	SEA
439	59	646	SEA
439	73	570	SEA
439	88	408	SEA
448	105	50	SEA
448	129	1082	SEA
448	153	465	SEA
448	155	485	SEA
448	157	569	SEA
448	159	780	SEA
448	163	599	SEA
448	28	519	SEA
448	56	1365	SEA
448	57	1464	SEA
448	59	722	SEA
448	73	530	SEA
448	88	365	SEA
458	105	659	SEA
458	129	639	SEA
458	153	144	SEA
458	155	799	SEA
458	157	499	SEA
458	159	312	SEA
458	163	337	SEA
458	28	619	SEA
458	56	798	SEA
458	57	187	SEA
458	59	812	SEA
458	73	339	SEA
458	88	600	SEA
463	105	284	SEA
463	129	547	SEA
463	153	235	SEA
463	155	565	SEA
463	157	199	SEA
463	159	334	SEA
463	163	307	SEA
463	28	187	SEA
463	56	850	SEA
463	57	214	SEA
463	59	846	SDA
463	73	1410	SEA
463	88	363	SEA
494	105	674	SEA
494	129	244	SEA
494	153	745	SEA
494	155	931	SEA
494	157	420	SEA
494	159	61	SEA
494	163	59	SEA
494	28	392	SEA
494	56	1347	SEA
494	57	887	SEA
494	59	472	SEA
494	73	1156	SEA
494	88	261	SEA
529	105	325	SEA
529	129	698	SEA
529	153	558	SEA
529	155	130	SEA
529	157	460	SEA
529	159	55	SEA
529	163	499	SEA
529	28	900	SEA
529	56	664	SEA
529	57	1088	SEA
529	59	804	SEA
529	73	470	SEA
529	88	138	SEA
543	105	462	SEA
543	129	859	SEA
543	153	707	SEA
543	155	152	SEA
543	157	555	SEA
543	159	615	SEA
543	163	201	SEA
543	28	900	SEA
543	56	1308	SEA
543	57	951	SEA
543	59	669	SEA
543	73	530	SEA
543	88	287	SEA
549	105	1100	SEA
549	129	781	SEA
549	153	696	SEA
549	155	720	SEA
549	157	780	SEA
549	159	626	SEA
549	163	278	SEA
549	28	833	SEA
549	56	1470	SEA
549	57	955	SEA
549	59	788	SEA
549	73	443	SEA
549	88	263	SEA
554	105	794	SEA
554	129	820	SEA
554	153	847	SEA
554	155	457	SEA
554	157	590	SEA
554	159	645	SEA
554	163	383	SEA
554	28	900	SEA
554	56	471	SEA
554	57	1277	SEA
554	59	693	SDA
554	73	762	SEA
554	88	426	SEA
568	105	226	SEA
568	129	850	SEA
568	153	885	SEA
568	155	1020	SEA
568	157	648	SEA
568	159	720	SEA
568	163	339	SEA
568	28	741	SEA
568	56	451	SEA
568	57	1147	SEA
568	59	271	SEA
568	73	1470	SEA
568	88	364	SEA
593	105	140	SEA
593	129	999	SEA
593	153	848	SEA
593	155	801	SEA
593	157	541	SEA
593	159	780	SEA
593	163	406	SEA
593	28	665	SEA
593	56	697	SEA
593	57	328	SEA
593	59	253	SEA
593	73	702	SEA
593	88	711	SEA
606	105	13	SEA
606	129	756	SEA
606	153	923	SEA
606	155	550	SEA
606	157	780	SEA
606	159	780	SEA
606	163	455	SEA
606	28	719	SEA
606	56	612	SEA
606	57	332	SEA
606	59	536	SEA
606	73	1075	SEA
606	88	365	SEA
607	105	27	SEA
607	129	892	SEA
607	153	932	SEA
607	155	784	SEA
607	157	780	SEA
607	159	780	SEA
607	163	426	SEA
607	28	599	SEA
607	56	632	SEA
607	57	293	SEA
607	59	621	SEA
607	73	1105	SEA
607	88	344	SEA
629	105	583	SEA
629	129	657	SEA
629	153	626	SEA
629	155	768	SEA
629	157	757	SEA
629	159	359	SEA
629	163	959	SEA
629	28	418	SEA
629	56	843	SEA
629	57	763	SEA
629	59	938	SEA
629	73	548	SEA
629	88	409	SEA
637	105	644	SEA
637	129	874	SEA
637	153	359	SEA
637	155	779	SEA
637	157	840	SEA
637	159	738	SEA
637	163	243	SEA
637	28	505	SEA
637	56	681	SEA
637	57	435	SEA
637	59	762	SEA
637	73	596	SEA
637	88	99	SEA
654	105	1059	SEA
654	129	1155	SEA
654	153	757	SEA
654	155	659	SEA
654	157	590	SEA
654	159	419	SEA
654	163	59	SEA
654	28	720	SEA
654	56	1028	SEA
654	57	1132	SEA
654	59	2005	SEA
654	73	635	SEA
654	88	624	SEA
694	105	750	SEA
694	129	685	SEA
694	153	1220	SEA
694	155	1079	SEA
694	157	319	SEA
694	159	505	SEA
694	163	239	SEA
694	28	561	SEA
694	56	752	SEA
694	57	984	SEA
694	59	746	SEA
694	73	736	SEA
694	88	342	SEA
710	105	750	SEA
710	129	960	SEA
710	153	1330	SEA
710	155	1080	SEA
710	157	597	SEA
710	159	505	SEA
710	163	719	SEA
710	28	660	SEA
710	56	1237	SEA
710	57	693	SEA
710	59	703	SEA
710	73	685	SEA
710	88	756	SEA
718	105	978	SEA
718	129	722	SEA
718	153	335	SEA
718	155	819	SEA
718	157	660	SEA
718	159	419	SEA
718	163	490	SEA
718	28	371	SEA
718	56	1166	SEA
718	57	720	SEA
718	59	715	SEA
718	73	376	SEA
718	88	840	SEA
727	105	1124	SEA
727	129	703	SEA
727	153	509	SEA
727	155	1020	SEA
727	157	297	SEA
727	159	341	SEA
727	163	516	SEA
727	28	552	SEA
727	56	633	SEA
727	57	1643	SEA
727	59	618	SEA
727	73	1232	SEA
727	88	662	SEA
729	105	485	SEA
729	129	700	SEA
729	153	494	SEA
729	155	1020	SEA
729	157	250	SEA
729	159	320	SEA
729	163	490	SEA
729	28	508	SEA
729	56	684	SEA
729	57	1651	SEA
729	59	580	SEA
729	73	1253	SEA
729	88	637	SEA
751	105	643	SEA
751	129	890	SEA
751	153	1249	SEA
751	155	1030	SEA
751	157	659	SEA
751	159	540	SEA
751	163	553	SEA
751	28	436	SEA
751	56	1134	SEA
751	57	820	SEA
751	59	336	SEA
751	73	843	SEA
751	88	458	SEA
757	105	300	SEA
757	129	1023	SEA
757	153	843	SEA
757	155	928	SEA
757	157	498	SEA
757	159	433	SEA
757	163	720	SEA
757	28	599	SEA
757	56	1086	SEA
757	57	910	SEA
757	59	494	SEA
757	73	1016	SEA
757	88	441	SEA
760	105	295	SEA
760	129	631	SEA
760	153	817	SEA
760	155	836	SEA
760	157	408	SEA
760	159	337	SEA
760	163	619	SEA
760	28	400	SEA
760	56	1021	SEA
760	57	906	SEA
760	59	426	SEA
760	73	1039	SEA
760	88	395	SEA
765	105	169	SEA
765	129	934	SEA
765	153	823	SEA
765	155	1260	SEA
765	157	359	SEA
765	159	407	SEA
765	163	435	SEA
765	28	345	SEA
765	56	955	SEA
765	57	961	SEA
765	59	1155	SEA
765	73	601	SEA
765	88	405	SEA
768	105	130	SEA
768	129	895	SEA
768	153	904	SEA
768	155	1259	SEA
768	157	339	SEA
768	159	352	SEA
768	163	398	SEA
768	28	332	SEA
768	56	1301	SEA
768	57	324	SEA
768	59	1197	SEA
768	73	612	SEA
768	88	402	SEA
770	105	1219	SEA
770	129	892	SEA
770	153	907	SEA
770	155	1139	SEA
770	157	352	SEA
770	159	457	SEA
770	163	719	SEA
770	28	412	SEA
770	56	1257	SEA
770	57	175	SEA
770	59	686	SEA
770	73	644	SEA
770	88	446	SEA
771	105	997	SEA
771	129	888	SEA
771	153	904	SEA
771	155	1079	SEA
771	157	599	SEA
771	159	473	SEA
771	163	659	SEA
771	28	412	SEA
771	56	1261	SEA
771	57	146	SEA
771	59	638	SEA
771	73	659	SEA
771	88	445	SEA
772	105	997	SEA
772	129	888	SEA
772	153	904	SEA
772	155	1079	SEA
772	157	599	SEA
772	159	473	SEA
772	163	659	SEA
772	28	412	SEA
772	56	1261	SEA
772	57	146	SEA
772	59	638	SEA
772	73	659	SEA
772	88	445	SEA
774	105	1036	SEA
774	129	840	SEA
774	153	921	SEA
774	155	919	SEA
774	157	439	SEA
774	159	400	SEA
774	163	499	SEA
774	28	375	SEA
774	56	1150	SEA
774	57	142	SEA
774	59	554	SEA
774	73	691	SEA
774	88	1041	SEA
778	105	1091	SEA
778	129	769	SDA
778	153	954	SEA
778	155	915	SEA
778	157	179	SEA
778	159	599	SEA
778	163	261	SEA
778	28	659	SEA
778	56	972	SEA
778	57	103	SEA
778	59	354	SEA
778	73	652	SEA
778	88	1041	SEA
791	105	1110	SEA
791	129	896	SEA
791	153	682	SEA
791	155	328	SEA
791	157	360	SEA
791	159	422	SEA
791	163	491	SEA
791	28	444	SEA
791	56	1224	SEA
791	57	944	SEA
791	59	355	SEA
791	73	678	SEA
791	88	599	SEA
798	105	477	SEA
798	129	978	SEA
798	153	826	SEA
798	155	365	SEA
798	157	431	SEA
798	159	599	SEA
798	163	1091	SEA
798	28	450	SEA
798	56	1296	SEA
798	57	612	SEA
798	59	1064	SEA
798	73	733	SEA
798	88	476	SEA
801	105	455	SEA
801	129	998	SEA
801	153	268	SEA
801	155	314	SEA
801	157	387	SEA
801	159	479	SEA
801	163	1154	SEA
801	28	719	SEA
801	56	909	SEA
801	57	686	SEA
801	59	1098	SEA
801	73	660	SEA
801	88	1080	SEA
804	105	343	SDA
804	129	995	SEA
804	153	256	SEA
804	155	518	SEA
804	157	518	SEA
804	159	347	SEA
804	163	660	SEA
804	28	467	SEA
804	56	997	SEA
804	57	627	SEA
804	59	1083	SEA
804	73	597	SEA
804	88	862	SEA
808	105	325	SEA
808	129	604	SEA
808	153	282	SEA
808	155	521	SEA
808	157	575	SEA
808	159	599	SEA
808	163	660	SEA
808	28	450	SEA
808	56	988	SEA
808	57	680	SEA
808	59	1265	SEA
808	73	623	SEA
808	88	830	SEA
810	105	246	SEA
810	129	544	SEA
810	153	279	SEA
810	155	516	SEA
810	157	575	SEA
810	159	479	SEA
810	163	660	SEA
810	28	403	SEA
810	56	973	SEA
810	57	603	SEA
810	59	1198	SEA
810	73	650	SEA
810	88	806	SEA
819	105	695	SEA
819	129	823	SEA
819	153	715	SEA
819	155	529	SEA
819	157	154	SEA
819	159	294	SEA
819	163	539	SEA
819	28	481	SEA
819	56	846	SEA
819	57	413	SEA
819	59	956	SEA
819	73	802	SEA
819	88	660	SEA
834	105	901	SEA
834	129	1117	SEA
834	153	780	SEA
834	155	690	SEA
834	157	397	SEA
834	159	581	SEA
834	163	239	SEA
834	28	720	SEA
834	56	1376	SEA
834	57	327	SEA
834	59	949	SEA
834	73	583	SEA
834	88	272	SEA
840	105	129	SEA
840	129	658	SEA
840	153	779	SEA
840	155	779	SEA
840	157	404	SEA
840	159	659	SEA
840	163	599	SEA
840	28	403	SEA
840	56	917	SEA
840	57	344	SDA
840	59	1405	SEA
840	73	750	SEA
840	88	550	SEA
847	105	176	SEA
847	129	896	SEA
847	153	830	SEA
847	155	1303	SDA
847	157	176	SEA
847	159	514	SEA
847	163	274	SEA
847	28	720	SEA
847	56	596	SEA
847	57	323	SDA
847	59	1361	SEA
847	73	275	SEA
847	88	112	SEA
853	105	79	SEA
853	129	852	SEA
853	153	599	SEA
853	155	779	SEA
853	157	201	SEA
853	159	539	SEA
853	163	515	SEA
853	28	349	SEA
853	56	692	SEA
853	57	30	SEA
853	59	1323	SEA
853	73	323	SEA
853	88	77	SEA
859	105	1255	SEA
859	129	750	SEA
859	153	663	SEA
859	155	550	SEA
859	157	211	SEA
859	159	278	SEA
859	163	373	SEA
859	28	312	SEA
859	56	795	SEA
859	57	344	SEA
859	59	843	SEA
859	73	387	SEA
859	88	295	SEA
863	105	1446	SEA
863	129	1056	SEA
863	153	631	SEA
863	155	543	SEA
863	157	298	SEA
863	159	245	SEA
863	163	859	SEA
863	28	559	SEA
863	56	996	SEA
863	57	284	SEA
863	59	915	SEA
863	73	1160	SEA
863	88	320	SEA
871	105	62	SEA
871	129	744	SEA
871	153	892	SEA
871	155	479	SEA
871	157	376	SEA
871	159	144	SEA
871	163	900	SEA
871	28	719	SEA
871	56	774	SEA
871	57	179	SEA
871	59	958	SEA
871	73	775	SEA
871	88	202	SEA
876	105	106	SEA
876	129	826	SEA
876	153	733	SEA
876	155	116	SEA
876	157	468	SEA
876	159	348	SEA
876	163	899	SEA
876	28	544	SEA
876	56	872	SEA
876	57	29	SEA
876	59	1580	SEA
876	73	714	SEA
876	88	119	SEA
887	105	207	SEA
887	129	949	SEA
887	153	594	SEA
887	155	326	SEA
887	157	363	SEA
887	159	247	SEA
887	163	900	SEA
887	28	382	SEA
887	56	301	SEA
887	57	307	SEA
887	59	1333	SDA
887	73	764	SEA
887	88	187	SEA
889	105	238	SDA
889	129	980	SEA
889	153	572	SEA
889	155	354	SEA
889	157	320	SEA
889	159	284	SEA
889	163	900	SEA
889	28	382	SEA
889	56	295	SEA
889	57	361	SEA
889	59	1326	SDA
889	73	687	SEA
889	88	175	SEA
893	105	899	SEA
893	129	872	SEA
893	153	544	SEA
893	155	710	SEA
893	157	359	SEA
893	159	324	SEA
893	163	839	SEA
893	28	409	SEA
893	56	246	SEA
893	57	262	SEA
893	59	1308	SEA
893	73	670	SEA
893	88	1052	SEA
895	105	861	SEA
895	129	902	SEA
895	153	496	SEA
895	155	610	SEA
895	157	559	SEA
895	159	569	SEA
895	163	739	SEA
895	28	379	SEA
895	56	1643	SEA
895	57	198	SEA
895	59	983	SEA
895	73	709	SEA
895	88	259	SEA
901	105	588	SEA
901	129	1144	SEA
901	153	766	SEA
901	155	520	SEA
901	157	345	SEA
901	159	660	SEA
901	163	900	SEA
901	28	632	SEA
901	56	645	SEA
901	57	153	SDA
901	59	1026	SEA
901	73	671	SEA
901	88	256	SEA
908	105	551	SEA
908	129	928	SEA
908	153	821	SEA
908	155	553	SEA
908	157	663	SEA
908	159	539	SEA
908	163	199	SEA
908	28	543	SEA
908	56	631	SEA
908	57	222	SDA
908	59	1051	SEA
908	73	757	SEA
908	88	150	SEA
918	105	779	SEA
918	129	1336	SEA
918	153	921	SEA
918	155	839	SEA
918	157	792	SEA
918	159	299	SEA
918	163	900	SEA
918	28	720	SEA
918	56	874	SEA
918	57	1590	SEA
918	59	800	SEA
918	73	811	SEA
918	88	374	SEA
920	105	798	SEA
920	129	659	SEA
920	153	940	SEA
920	155	779	SEA
920	157	792	SEA
920	159	200	SEA
920	163	900	SEA
920	28	719	SEA
920	56	789	SEA
920	57	1599	SEA
920	59	790	SEA
920	73	797	SEA
920	88	324	SEA
922	105	761	SEA
922	129	539	SEA
922	153	1051	SEA
922	155	659	SEA
922	157	731	SEA
922	159	250	SEA
922	163	899	SEA
922	28	522	SEA
922	56	882	SEA
922	57	1672	SEA
922	59	740	SEA
922	73	847	SEA
922	88	372	SEA
923	105	791	SEA
923	129	439	SEA
923	153	1114	SEA
923	155	559	SEA
923	157	631	SEA
923	159	274	SEA
923	163	799	SEA
923	28	1287	SEA
923	56	870	SEA
923	57	1668	SEA
923	59	718	SEA
923	73	790	SEA
923	88	353	SEA
924	105	757	SEA
924	129	909	SEA
924	153	1159	SEA
924	155	479	SEA
924	157	566	SEA
924	159	324	SEA
924	163	719	SEA
924	28	560	SEA
924	56	894	SEA
924	57	1629	SEA
924	59	800	SEA
924	73	1161	SEA
924	88	348	SEA
926	105	848	SEA
926	153	1130	SEA
926	155	379	SEA
926	157	617	SEA
926	159	342	SEA
926	163	546	SEA
926	28	530	SEA
926	56	895	SEA
926	57	1777	SEA
926	59	723	SEA
926	73	1133	SEA
926	88	448	SEA
932	105	807	SEA
932	153	970	SEA
932	155	309	SEA
932	157	540	SEA
932	159	480	SEA
932	163	531	SEA
932	28	719	SEA
932	56	869	SEA
932	57	27	SEA
932	59	593	SEA
932	73	1136	SEA
932	88	248	SEA
933	105	805	SEA
933	153	989	SEA
933	155	308	SEA
933	157	540	SEA
933	159	480	SEA
933	163	588	SEA
933	28	659	SEA
933	56	923	SEA
933	57	18	SEA
933	59	573	SEA
933	73	1132	SEA
933	88	266	SEA
936	105	1033	SEA
936	153	1053	SEA
936	155	83	SEA
936	157	425	SEA
936	159	368	SEA
936	163	900	SEA
936	28	479	SEA
936	56	1024	SEA
936	57	6	SEA
936	59	1466	SEA
936	73	1114	SEA
936	88	299	SEA
937	105	1097	SEA
937	153	1034	SEA
937	155	82	SEA
937	157	455	SEA
937	159	379	SEA
937	163	839	SEA
937	28	426	SEA
937	56	1006	SEA
937	57	36	SEA
937	59	1460	SEA
937	73	416	SEA
937	88	214	SEA
940	105	1050	SEA
940	129	1164	SEA
940	153	1031	SEA
940	155	267	SEA
940	157	383	SEA
940	159	386	SEA
940	163	10	SEA
940	28	338	SEA
940	56	962	SEA
940	57	23	SEA
940	59	1446	SEA
940	73	467	SEA
940	88	177	SEA
941	105	1001	SEA
941	129	1179	SEA
941	153	1011	SEA
941	155	329	SEA
941	157	415	SEA
941	159	413	SEA
941	163	85	SEA
941	28	359	SEA
941	56	993	SEA
941	57	23	SEA
941	59	1469	SEA
941	73	445	SEA
941	88	240	SEA
943	105	1054	SEA
943	129	1192	SEA
943	153	963	SEA
943	155	170	SEA
943	157	524	SEA
943	159	479	SEA
943	163	191	SEA
943	28	376	SEA
943	56	990	SEA
943	57	31	SEA
943	59	1502	SEA
943	73	343	SEA
943	88	330	SEA
944	105	977	SEA
944	129	1210	SEA
944	153	972	SEA
944	155	110	SEA
944	157	464	SEA
944	159	510	SEA
944	163	214	SEA
944	28	316	SEA
944	56	918	SEA
944	57	5	SEA
944	59	136	SEA
944	73	341	SEA
944	88	364	SEA
950	105	659	SEA
950	129	1271	SEA
950	153	432	SEA
950	155	94	SEA
950	157	424	SEA
950	159	660	SEA
950	163	1800	SEA
950	28	354	SEA
950	56	800	SEA
950	57	50	SEA
950	59	248	SEA
950	73	374	SEA
950	88	750	SEA
952	105	640	SEA
952	129	1320	SEA
952	153	447	SEA
952	155	174	SEA
952	157	479	SEA
952	159	520	SEA
952	163	1212	SEA
952	28	330	SEA
952	56	1155	SEA
952	57	1463	SEA
952	59	200	SEA
952	73	377	SEA
952	88	729	SEA
953	105	630	SEA
953	129	1314	SEA
953	153	447	SEA
953	155	246	SEA
953	157	363	SEA
953	159	548	SEA
953	163	1212	SEA
953	28	359	SEA
953	56	1202	SEA
953	57	1455	SEA
953	59	199	SEA
953	73	393	SEA
953	88	716	SEA
965	105	572	SEA
965	129	719	SEA
965	153	326	SEA
965	155	747	SEA
965	157	480	SEA
965	159	658	SEA
965	163	840	SEA
965	28	660	SEA
965	56	1200	SEA
965	57	1384	SEA
965	59	288	SEA
965	73	370	SEA
965	88	912	SEA
967	105	585	SEA
967	129	746	SEA
967	153	943	SEA
967	155	775	SEA
967	157	513	SEA
967	159	704	SEA
967	163	840	SEA
967	28	659	SEA
967	56	965	SEA
967	57	1301	SEA
967	59	897	SEA
967	73	333	SEA
967	88	214	SEA
972	105	527	SEA
972	129	780	SEA
972	153	649	SEA
972	155	294	SEA
972	157	499	SEA
972	159	600	SEA
972	163	840	SEA
972	28	469	SEA
972	56	1032	SEA
972	57	1427	SEA
972	59	932	SEA
972	73	304	SEA
972	88	315	SEA
986	105	664	SEA
986	129	667	SEA
986	153	407	SEA
986	155	358	SEA
986	157	384	SEA
986	159	332	SEA
986	163	720	SEA
986	28	411	SEA
986	56	948	SEA
986	57	1393	SEA
986	59	1057	SEA
986	73	643	SEA
986	88	119	SEA
987	105	330	SEA
987	129	654	SEA
987	153	1051	SEA
987	155	1379	SEA
987	157	402	SEA
987	159	322	SEA
987	163	884	SEA
987	28	660	SEA
987	56	1073	SEA
987	57	1355	SEA
987	59	1043	SEA
987	73	617	SEA
987	88	59	SEA
989	105	316	SEA
989	129	958	SEA
989	153	1111	SEA
989	155	1186	SEA
989	157	426	SEA
989	159	345	SEA
989	163	884	SEA
989	28	659	SEA
989	56	1059	SDA
989	57	449	SEA
989	59	1055	SEA
989	73	579	SEA
989	88	23	SEA
992	105	412	SEA
992	129	991	SEA
992	153	1140	SEA
992	155	1226	SEA
992	157	539	SEA
992	159	1679	SEA
992	163	776	SEA
992	28	434	SEA
992	56	1023	SDA
992	57	927	SEA
992	59	1147	SEA
992	73	641	SEA
992	88	328	SEA
1000	105	845	SEA
1000	129	501	SEA
1000	153	971	SEA
1000	155	900	SEA
1000	157	614	SEA
1000	159	1450	SEA
1000	163	720	SEA
1000	28	665	SEA
1000	56	542	SEA
1000	57	774	SEA
1000	59	997	SEA
1000	73	681	SEA
1000	88	419	SEA
1006	105	877	SEA
1006	129	798	SEA
1006	153	792	SEA
1006	155	410	SEA
1006	157	416	SEA
1006	159	540	SEA
1006	163	659	SEA
1006	28	654	SEA
1006	56	447	SEA
1006	57	735	SEA
1006	59	1037	SEA
1006	73	596	SEA
1006	88	203	SEA
1007	105	877	SEA
1007	129	798	SEA
1007	153	792	SEA
1007	155	410	SEA
1007	157	416	SEA
1007	159	540	SEA
1007	163	659	SEA
1007	28	654	SEA
1007	56	447	SEA
1007	57	735	SEA
1007	59	1037	SEA
1007	73	596	SEA
1007	88	203	SEA
1008	105	876	SEA
1008	129	850	SEA
1008	153	861	SEA
1008	155	343	SDA
1008	157	427	SEA
1008	159	540	SEA
1008	163	599	SEA
1008	28	625	SEA
1008	56	508	SEA
1008	57	759	SEA
1008	59	974	SEA
1008	73	540	SEA
1008	88	223	SEA
1010	105	829	SEA
1010	129	804	SEA
1010	153	795	SEA
1010	155	361	SDA
1010	157	444	SEA
1010	159	540	SEA
1010	163	402	SEA
1010	28	632	SEA
1010	56	384	SEA
1010	57	723	SEA
1010	59	924	SEA
1010	73	510	SEA
1010	88	513	SEA
1013	105	840	SEA
1013	129	772	SEA
1013	153	774	SEA
1013	155	636	SEA
1013	157	399	SEA
1013	159	540	SEA
1013	163	471	SEA
1013	28	840	SEA
1013	56	408	SEA
1013	57	685	SEA
1013	59	823	SEA
1013	73	524	SEA
1013	88	239	SEA
1014	105	914	SEA
1014	129	848	SEA
1014	153	615	SEA
1014	155	636	SEA
1014	157	379	SEA
1014	159	540	SEA
1014	163	453	SEA
1014	28	779	SEA
1014	56	406	SEA
1014	57	879	SEA
1014	59	771	SEA
1014	73	465	SEA
1014	88	226	SEA
1016	105	319	SEA
1016	129	751	SEA
1016	153	559	SEA
1016	155	615	SEA
1016	157	365	SEA
1016	159	540	SEA
1016	163	378	SEA
1016	28	744	SEA
1016	56	370	SEA
1016	57	862	SEA
1016	59	751	SEA
1016	73	446	SEA
1016	88	338	SEA
1019	105	318	SEA
1019	129	672	SEA
1019	153	570	SEA
1019	155	571	SEA
1019	157	367	SEA
1019	159	540	SEA
1019	163	538	SEA
1019	28	698	SEA
1019	56	703	SEA
1019	57	720	SEA
1019	59	762	SEA
1019	73	276	SEA
1019	88	250	SEA
1023	105	309	SEA
1023	129	806	SEA
1023	153	526	SEA
1023	155	900	SEA
1023	157	427	SEA
1023	159	308	SEA
1023	163	333	SEA
1023	28	840	SEA
1023	56	826	SEA
1023	57	799	SEA
1023	59	250	SEA
1023	73	769	SEA
1023	88	354	SEA
1026	105	269	SEA
1026	129	767	SEA
1026	153	399	SEA
1026	155	674	SEA
1026	157	365	SEA
1026	159	359	SEA
1026	163	307	SEA
1026	28	840	SEA
1026	56	1220	SEA
1026	57	851	SEA
1026	59	280	SEA
1026	73	479	SEA
1026	88	228	SEA
1028	105	168	SEA
1028	129	831	SEA
1028	153	925	SEA
1028	155	673	SEA
1028	157	491	SEA
1028	159	351	SEA
1028	163	334	SEA
1028	28	779	SEA
1028	56	1185	SEA
1028	57	741	SEA
1028	59	267	SEA
1028	73	473	SEA
1028	88	256	SEA
1033	105	1294	SEA
1033	129	503	SEA
1033	153	917	SEA
1033	155	712	SEA
1033	157	550	SEA
1033	159	152	SEA
1033	163	5	SEA
1033	28	578	SEA
1033	56	1124	SEA
1033	57	664	SEA
1033	59	1264	SEA
1033	73	542	SEA
1033	88	321	SEA
1037	105	507	SEA
1037	129	542	SEA
1037	153	1071	SEA
1037	155	900	SEA
1037	157	540	SEA
1037	159	59	SEA
1037	163	128	SEA
1037	28	577	SEA
1037	56	828	SDA
1037	57	649	SEA
1037	59	1241	SEA
1037	73	916	SEA
1037	88	322	SEA
1040	105	582	SEA
1040	129	536	SEA
1040	153	714	SDA
1040	155	900	SEA
1040	157	419	SEA
1040	159	659	SEA
1040	163	40	SEA
1040	28	771	SEA
1040	56	802	SDA
1040	57	844	SDA
1040	59	343	SEA
1040	73	841	SEA
1040	88	539	SEA
1042	105	543	SEA
1042	129	601	SEA
1042	153	695	SDA
1042	155	859	SEA
1042	157	276	SEA
1042	159	559	SEA
1042	163	409	SEA
1042	28	771	SEA
1042	56	832	SEA
1042	57	887	SEA
1042	59	388	SEA
1042	73	765	SEA
1042	88	507	SEA
1048	105	468	SDA
1048	129	327	SEA
1048	153	935	SDA
1048	155	616	SEA
1048	157	377	SEA
1048	159	295	SEA
1048	163	114	SEA
1048	28	399	SEA
1048	56	741	SDA
1048	57	888	SEA
1048	59	363	SEA
1048	73	725	SEA
1048	88	660	SEA
1049	105	399	SDA
1049	129	408	SEA
1049	153	121	SEA
1049	155	612	SEA
1049	157	435	SEA
1049	159	118	SEA
1049	163	132	SEA
1049	28	420	SEA
1049	56	767	SEA
1049	57	855	SEA
1049	59	310	SEA
1049	73	693	SEA
1049	88	425	SEA
1051	105	387	SEA
1051	129	428	SEA
1051	153	121	SEA
1051	155	570	SEA
1051	157	452	SEA
1051	159	104	SEA
1051	163	131	SEA
1051	28	397	SEA
1051	56	693	SEA
1051	57	824	SEA
1051	59	274	SEA
1051	73	1491	SEA
1051	88	425	SEA
1053	105	370	SEA
1053	129	494	SEA
1053	153	97	SEA
1053	155	598	SEA
1053	157	524	SEA
1053	159	67	SEA
1053	163	130	SEA
1053	28	397	SEA
1053	56	694	SEA
1053	57	890	SEA
1053	59	293	SEA
1053	73	1502	SEA
1053	88	454	SEA
1057	105	484	SEA
1057	129	672	SEA
1057	153	82	SEA
1057	155	666	SEA
1057	157	479	SEA
1057	159	314	SEA
1057	163	902	SEA
1057	28	539	SEA
1057	56	827	SEA
1057	57	896	SEA
1057	59	371	SEA
1057	73	1551	SEA
1057	88	443	SEA
1059	105	243	SEA
1059	129	724	SEA
1059	153	78	SEA
1059	155	665	SEA
1059	157	390	SEA
1059	159	345	SEA
1059	163	940	SEA
1059	28	564	SEA
1059	56	847	SEA
1059	57	714	SEA
1059	59	1223	SEA
1059	73	1513	SEA
1059	88	599	SEA
1063	105	219	SEA
1063	129	496	SEA
1063	153	68	SEA
1063	155	669	SDA
1063	157	297	SEA
1063	159	496	SEA
1063	163	600	SEA
1063	28	512	SEA
1063	56	835	SEA
1063	57	887	SEA
1063	59	1228	SEA
1063	73	1076	SEA
1063	88	258	SEA
1064	105	812	SEA
1064	129	501	SEA
1064	153	119	SEA
1064	155	619	SEA
1064	157	247	SEA
1064	159	521	SEA
1064	163	600	SEA
1064	28	660	SEA
1064	56	775	SEA
1064	57	918	SEA
1064	59	1186	SEA
1064	73	1011	SEA
1064	88	258	SEA
1067	105	789	SEA
1067	129	522	SEA
1067	153	648	SEA
1067	155	584	SEA
1067	157	296	SEA
1067	159	533	SEA
1067	163	600	SEA
1067	28	445	SEA
1067	56	835	SEA
1067	57	830	SEA
1067	59	1194	SEA
1067	73	965	SEA
1067	88	280	SEA
1069	105	553	SEA
1069	129	532	SEA
1069	153	833	SDA
1069	155	900	SEA
1069	157	425	SEA
1069	159	600	SEA
1069	163	600	SEA
1069	28	445	SEA
1069	56	748	SEA
1069	57	850	SEA
1069	59	1142	SEA
1069	73	957	SEA
1069	88	275	SEA
1071	105	657	SEA
1071	129	441	SEA
1071	153	759	SEA
1071	155	839	SEA
1071	157	439	SEA
1071	159	539	SEA
1071	163	599	SEA
1071	28	480	SEA
1071	56	754	SEA
1071	57	772	SEA
1071	59	574	SEA
1071	73	966	SEA
1071	88	446	SEA
1074	105	684	SEA
1074	129	441	SEA
1074	153	824	SEA
1074	155	707	SEA
1074	157	479	SEA
1074	159	359	SEA
1074	163	419	SEA
1074	28	437	SEA
1074	56	710	SEA
1074	57	682	SEA
1074	59	602	SEA
1074	73	950	SEA
1074	88	265	SEA
1075	105	668	SEA
1075	129	510	SEA
1075	153	844	SEA
1075	155	722	SEA
1075	157	957	SEA
1075	159	299	SEA
1075	163	359	SEA
1075	28	437	SEA
1075	56	618	SEA
1075	57	1351	SEA
1075	59	601	SEA
1075	73	1012	SEA
1075	88	268	SEA
1090	105	707	SDA
1090	129	430	SEA
1090	153	1641	SEA
1090	155	612	SEA
1090	157	371	SEA
1090	159	600	SEA
1090	163	502	SEA
1090	28	503	SEA
1090	56	1140	SEA
1090	57	774	SDA
1090	59	1237	SEA
1090	73	953	SDA
1090	88	382	SEA
1093	105	738	SDA
1093	129	780	SEA
1093	153	993	SDA
1093	155	618	SEA
1093	157	769	SEA
1093	159	479	SEA
1093	163	610	SEA
1093	28	525	SEA
1093	56	1258	SEA
1093	57	851	SDA
1093	59	1299	SEA
1093	73	540	SEA
1093	88	327	SEA
1099	105	750	SEA
1099	129	547	SEA
1099	153	900	SEA
1099	155	529	SEA
1099	157	560	SEA
1099	159	302	SEA
1099	163	403	SEA
1099	28	533	SEA
1099	56	1186	SEA
1099	57	896	SDA
1099	59	556	SDA
1099	73	460	SEA
1099	88	492	SEA
1103	105	775	SDA
1103	129	607	SEA
1103	153	1026	SEA
1103	155	899	SEA
1103	157	1080	SEA
1103	159	614	SEA
1103	163	599	SEA
1103	28	569	SEA
1103	56	1223	SEA
1103	57	667	SEA
1103	59	571	SDA
1103	73	453	SDA
1103	88	277	SEA
1105	105	895	SDA
1105	129	640	SEA
1105	153	966	SEA
1105	155	725	SEA
1105	157	967	SEA
1105	159	568	SEA
1105	163	374	SEA
1105	28	603	SEA
1105	56	1346	SEA
1105	57	693	SEA
1105	59	540	SEA
1105	73	462	SDA
1105	88	403	SEA
1108	105	737	SDA
1108	129	621	SDA
1108	153	911	SEA
1108	155	687	SEA
1108	157	1040	SEA
1108	159	660	SEA
1108	163	433	SEA
1108	28	551	SEA
1108	56	1333	SEA
1108	57	492	SEA
1108	59	439	SEA
1108	73	524	SEA
1108	88	244	SEA
1112	105	643	SEA
1112	129	797	SEA
1112	153	828	SEA
1112	155	664	SEA
1112	157	976	SEA
1112	159	659	SEA
1112	163	417	SEA
1112	28	467	SEA
1112	56	1003	SDA
1112	57	488	SEA
1112	59	372	SEA
1112	73	508	SEA
1112	88	247	SEA
1119	105	860	SDA
1119	129	742	SEA
1119	153	700	SEA
1119	157	1080	SEA
1119	159	375	SEA
1119	163	1144	SEA
1119	28	848	SEA
1119	56	952	SDA
1119	57	425	SEA
1119	59	966	SEA
1119	73	516	SEA
1119	88	443	SEA
1127	105	1034	SDA
1127	129	1187	SEA
1127	153	746	SEA
1127	155	856	SEA
1127	157	888	SEA
1127	159	419	SEA
1127	163	840	SEA
1127	28	1080	SEA
1127	56	865	SEA
1127	57	797	SEA
1127	59	1018	SEA
1127	73	787	SEA
1127	88	500	SEA
1130	105	1002	SDA
1130	129	891	SEA
1130	153	808	SEA
1130	155	801	SDA
1130	157	882	SEA
1130	159	411	SEA
1130	163	840	SEA
1130	28	1080	SEA
1130	56	835	SEA
1130	57	932	SDA
1130	59	897	SEA
1130	73	679	SEA
1130	88	414	SEA
1132	105	1027	SDA
1132	129	891	SEA
1132	153	814	SEA
1132	155	1200	SEA
1132	157	868	SEA
1132	159	415	SEA
1132	163	840	SEA
1132	28	1080	SEA
1132	56	1040	SDA
1132	57	942	SDA
1132	59	896	SEA
1132	73	406	SEA
1132	88	441	SEA
1136	105	1010	SDA
1136	129	770	SEA
1136	153	445	SDA
1136	155	1200	SEA
1136	157	1080	SEA
1136	159	539	SEA
1136	163	839	SEA
1136	28	861	SEA
1136	56	1107	SDA
1136	57	979	SDA
1136	59	890	SEA
1136	73	307	SEA
1136	88	433	SEA
1140	105	947	SDA
1140	129	499	SEA
1140	153	392	SEA
1140	155	1139	SEA
1140	157	1080	SEA
1140	159	425	SEA
1140	163	599	SEA
1140	28	793	SEA
1140	56	1273	SEA
1140	57	903	SDA
1140	59	391	SDA
1140	73	270	SEA
1140	88	564	SEA
1146	105	924	SDA
1146	129	572	SEA
1146	153	275	SEA
1146	155	799	SEA
1146	157	869	SEA
1146	159	559	SEA
1146	163	409	SEA
1146	28	687	SEA
1146	56	1183	SDA
1146	57	759	SDA
1146	59	350	SDA
1146	73	946	SEA
1146	88	542	SEA
1149	105	699	SDA
1149	129	645	SEA
1149	153	831	SEA
1149	155	1020	SEA
1149	157	891	SEA
1149	159	299	SEA
1149	163	839	SEA
1149	28	1020	SEA
1149	56	1271	SDA
1149	57	713	SDA
1149	59	165	SEA
1149	73	896	SEA
1149	88	503	SEA
1153	105	692	SDA
1153	129	965	SEA
1153	153	769	SEA
1153	155	1020	SEA
1153	157	1080	SEA
1153	159	126	SEA
1153	163	599	SEA
1153	28	778	SEA
1153	56	1311	SDA
1153	57	826	SDA
1153	59	102	SEA
1153	73	263	SEA
1153	88	536	SEA
1154	105	675	SDA
1154	129	979	SEA
1154	153	627	SDA
1154	155	1020	SEA
1154	157	1080	SEA
1154	159	146	SEA
1154	163	559	SEA
1154	28	778	SEA
1154	56	1355	SDA
1154	57	881	SDA
1154	59	90	SEA
1154	73	335	SEA
1154	88	542	SEA
1157	105	737	SDA
1157	129	952	SEA
1157	153	662	SDA
1157	155	1020	SEA
1157	157	1080	SEA
1157	159	222	SEA
1157	163	539	SEA
1157	28	720	SEA
1157	56	1265	SEA
1157	57	880	SEA
1157	59	524	SEA
1157	73	351	SEA
1157	88	641	SEA
1164	105	392	SDA
1164	129	617	SEA
1164	153	612	SEA
1164	155	849	SEA
1164	157	895	SEA
1164	159	315	SEA
1164	163	900	SEA
1164	28	1080	SEA
1164	56	633	SDA
1164	57	91	SEA
1164	59	408	SEA
1164	73	414	SEA
1164	88	481	SEA
1168	105	354	SEA
1168	129	552	SEA
1168	153	591	SDA
1168	155	1500	SEA
1168	157	887	SEA
1168	159	315	SEA
1168	163	719	SEA
1168	28	1079	SEA
1168	56	512	SDA
1168	57	16	SEA
1168	59	480	SEA
1168	73	563	SEA
1168	88	374	SEA
1181	105	775	SEA
1181	129	1168	SEA
1181	153	750	SEA
1181	155	1246	SEA
1181	157	1017	SEA
1181	159	199	SEA
1181	163	559	SEA
1181	28	1080	SEA
1181	56	451	SEA
1181	57	800	SEA
1181	59	848	SEA
1181	73	1215	SEA
1181	88	441	SEA
1183	105	793	SEA
1183	129	1100	SEA
1183	153	766	SEA
1183	155	1273	SEA
1183	157	971	SEA
1183	159	108	SEA
1183	163	419	SEA
1183	28	1080	SEA
1183	56	460	SEA
1183	57	882	SEA
1183	59	917	SEA
1183	73	206	SEA
1183	88	538	SEA
1188	105	860	SEA
1188	129	794	SEA
1188	153	729	SEA
1188	157	1150	SEA
1188	159	349	SEA
1188	163	308	SEA
1188	28	1019	SEA
1188	56	494	SEA
1188	57	930	SEA
1188	59	931	SEA
1188	73	212	SEA
1188	88	432	SEA
1190	105	912	SEA
1190	129	811	SEA
1190	153	655	SEA
1190	155	1577	SEA
1190	157	1150	SEA
1190	159	299	SEA
1190	163	308	SEA
1190	28	899	SEA
1190	56	725	SEA
1190	57	354	SDA
1190	59	993	SEA
1190	73	211	SEA
1190	88	409	SEA
1200	105	641	SEA
1200	129	978	SEA
1200	153	781	SEA
1200	155	1577	SEA
1200	157	1064	SEA
1200	159	719	SEA
1200	163	111	SDA
1200	28	840	SEA
1200	56	807	SEA
1200	57	444	SEA
1200	59	1005	SEA
1200	73	161	SEA
1200	88	404	SEA
1205	105	643	SEA
1205	129	783	SEA
1205	153	969	SEA
1205	155	1145	SEA
1205	157	900	SEA
1205	159	656	SEA
1205	163	645	SEA
1205	28	779	SEA
1205	56	798	SEA
1205	57	749	SEA
1205	59	855	SEA
1205	73	825	SEA
1205	88	599	SEA
1209	105	610	SEA
1209	129	851	SEA
1209	153	860	SEA
1209	155	1180	SEA
1209	157	900	SEA
1209	159	960	SEA
1209	163	634	SEA
1209	28	580	SEA
1209	56	711	SEA
1209	57	716	SEA
1209	59	1134	SEA
1209	73	856	SEA
1209	88	480	SEA
1210	105	1016	SEA
1210	129	919	SEA
1210	153	862	SEA
1210	155	1190	SEA
1210	157	900	SEA
1210	159	960	SEA
1210	163	660	SEA
1210	28	574	SEA
1210	56	858	SEA
1210	57	1169	SDA
1210	59	1166	SEA
1210	73	858	SEA
1210	88	411	SEA
1214	105	1048	SEA
1214	129	969	SEA
1214	153	893	SEA
1214	155	1080	SEA
1214	157	900	SEA
1214	159	879	SEA
1214	163	660	SEA
1214	28	518	SEA
1214	56	876	SEA
1214	57	1079	SDA
1214	59	1133	SEA
1214	73	861	SEA
1214	88	409	SEA
1228	105	879	SEA
1228	129	999	SEA
1228	153	859	SEA
1228	155	877	SEA
1228	157	780	SEA
1228	159	865	SEA
1228	163	439	SEA
1228	28	780	SEA
1228	56	1150	SEA
1228	57	685	SEA
1228	59	1517	SEA
1228	73	878	SEA
1228	88	512	SEA
1239	105	792	SEA
1239	129	958	SEA
1239	153	1115	SEA
1239	155	1020	SEA
1239	157	780	SEA
1239	159	900	SEA
1239	163	632	SEA
1239	28	599	SEA
1239	56	734	SEA
1239	57	657	SEA
1239	59	1491	SEA
1239	73	284	SEA
1239	88	482	SEA
1240	105	787	SEA
1240	129	1017	SEA
1240	153	1085	SEA
1240	155	1020	SEA
1240	157	780	SEA
1240	159	900	SEA
1240	163	635	SEA
1240	28	591	SEA
1240	56	716	SEA
1240	57	657	SEA
1240	59	1477	SEA
1240	73	284	SEA
1240	88	483	SEA
1243	105	710	SEA
1243	129	847	SEA
1243	153	1027	SEA
1243	155	1020	SEA
1243	157	780	SEA
1243	159	899	SEA
1243	163	574	SEA
1243	28	969	SEA
1243	56	696	SEA
1243	57	651	SEA
1243	59	412	SEA
1243	73	342	SEA
1243	88	520	SEA
1248	105	626	SEA
1248	129	972	SEA
1248	153	1589	SEA
1248	155	855	SEA
1248	157	568	SEA
1248	159	724	SEA
1248	163	850	SEA
1248	28	848	SEA
1248	56	815	SEA
1248	57	811	SEA
1248	59	356	SEA
1248	73	585	SEA
1248	88	660	SEA
1252	105	1174	SDA
1252	129	1029	SEA
1252	153	1749	SEA
1252	155	858	SEA
1252	157	492	SEA
1252	159	620	SEA
1252	163	127	SEA
1252	28	693	SEA
1252	56	723	SDA
1252	57	793	SEA
1252	59	339	SEA
1252	73	522	SEA
1252	88	578	SEA
1255	105	1116	SEA
1255	129	1090	SEA
1255	153	1589	SEA
1255	155	1020	SEA
1255	157	780	SEA
1255	159	900	SEA
1255	163	278	SEA
1255	28	717	SEA
1255	56	789	SEA
1255	57	785	SEA
1255	59	366	SEA
1255	73	477	SEA
1255	88	589	SEA
1257	105	1060	SEA
1257	129	1152	SEA
1257	153	1542	SEA
1257	155	960	SEA
1257	157	718	SEA
1257	159	900	SEA
1257	163	635	SEA
1257	28	648	SEA
1257	56	705	SEA
1257	57	777	SEA
1257	59	378	SEA
1257	73	455	SEA
1257	88	533	SEA
1264	105	882	SEA
1264	129	859	SEA
1264	155	882	SEA
1264	157	618	SEA
1264	159	848	SEA
1264	163	873	SEA
1264	28	1054	SEA
1264	56	1114	SEA
1264	57	780	SEA
1264	59	393	SEA
1264	73	501	SEA
1264	88	498	SEA
1265	105	899	SEA
1265	129	893	SEA
1265	155	883	SEA
1265	157	569	SEA
1265	159	798	SEA
1265	163	855	SEA
1265	28	1014	SEA
1265	56	1192	SEA
1265	57	1047	SEA
1265	59	427	SEA
1265	73	395	SEA
1265	88	496	SEA
1275	105	986	SDA
1275	129	905	SEA
1275	153	1178	SEA
1275	155	960	SEA
1275	157	524	SEA
1275	159	719	SEA
1275	163	982	SEA
1275	28	960	SEA
1275	56	1088	SDA
1275	57	950	SEA
1275	59	1412	SEA
1275	73	794	SEA
1275	88	546	SEA
1278	105	330	SEA
1278	129	943	SEA
1278	153	1223	SEA
1278	155	959	SEA
1278	157	458	SEA
1278	159	612	SEA
1278	163	918	SEA
1278	28	959	SEA
1278	56	1206	SDA
1278	57	924	SEA
1278	59	1378	SEA
1278	73	827	SEA
1278	88	517	SEA
1279	105	330	SEA
1279	129	943	SEA
1279	153	1223	SEA
1279	155	959	SEA
1279	157	458	SEA
1279	159	612	SEA
1279	163	918	SEA
1279	28	959	SEA
1279	56	1206	SDA
1279	57	924	SEA
1279	59	1378	SEA
1279	73	827	SEA
1279	88	517	SEA
1280	105	328	SEA
1280	129	922	SEA
1280	153	1227	SEA
1280	155	919	SEA
1280	157	890	SEA
1280	159	622	SEA
1280	163	910	SEA
1280	28	919	SEA
1280	56	1195	SDA
1280	57	795	SDA
1280	59	1413	SEA
1280	73	831	SEA
1280	88	534	SEA
1284	105	370	SEA
1284	129	828	SEA
1284	153	1296	SEA
1284	155	794	SEA
1284	157	720	SEA
1284	159	900	SEA
1284	163	960	SEA
1284	28	881	SEA
1284	56	1341	SDA
1284	57	973	SEA
1284	59	1389	SEA
1284	73	867	SEA
1284	88	441	SEA
1295	105	1394	SEA
1295	129	909	SEA
1295	153	1356	SEA
1295	155	899	SEA
1295	157	899	SEA
1295	159	743	SEA
1295	163	779	SEA
1295	28	890	SEA
1295	56	787	SDA
1295	57	1441	SEA
1295	59	1309	SDA
1295	73	883	SEA
1295	88	479	SEA
1296	105	1394	SEA
1296	129	909	SEA
1296	153	1356	SEA
1296	155	899	SEA
1296	157	899	SEA
1296	159	743	SEA
1296	163	779	SEA
1296	28	890	SEA
1296	56	787	SDA
1296	57	1441	SEA
1296	59	1309	SDA
1296	73	883	SEA
1296	88	479	SEA
1301	105	1352	SEA
1301	129	1426	SEA
1301	153	1646	SEA
1301	155	790	SEA
1301	157	599	SEA
1301	159	1800	SEA
1301	163	479	SEA
1301	28	709	SEA
1301	56	669	SDA
1301	57	1383	SEA
1301	59	1391	SDA
1301	73	641	SEA
1301	88	344	SEA
1306	105	642	SDA
1306	129	1465	SEA
1306	155	960	SEA
1306	157	900	SEA
1306	159	1559	SEA
1306	163	960	SEA
1306	28	780	SEA
1306	56	553	SDA
1306	57	1395	SEA
1306	59	1510	SEA
1306	73	793	SEA
1306	88	583	SEA
1308	105	545	SDA
1308	155	960	SEA
1308	157	900	SEA
1308	159	1439	SEA
1308	163	959	SEA
1308	28	780	SEA
1308	56	580	SDA
1308	57	1438	SEA
1308	59	1491	SEA
1308	73	761	SEA
1308	88	571	SEA
1312	105	597	SDA
1312	155	859	SEA
1312	157	263	SEA
1312	159	1219	SEA
1312	163	1027	SEA
1312	28	667	SEA
1312	56	472	SEA
1312	57	84	SEA
1312	59	1410	SEA
1312	73	711	SEA
1312	88	500	SEA
1319	105	411	SDA
1319	129	1442	SEA
1319	153	1132	SEA
1319	155	849	SEA
1319	157	734	SEA
1319	159	1210	SEA
1319	163	985	SEA
1319	28	780	SEA
1319	56	1298	SEA
1319	57	6	SEA
1319	59	895	SEA
1319	73	731	SEA
1319	88	550	SEA
