363	124	540	SEA
363	125	720	SEA
363	129	900	SEA
363	131	720	SEA
363	186	660	SEA
363	21	840	SEA
385	124	900	SEA
385	125	720	SEA
385	129	660	SEA
385	131	720	SEA
385	131A	420	SEA
385	186	780	SEA
385	21	900	SEA
408	124	540	SEA
408	125	660	SEA
408	129	660	SEA
408	131	660	SEA
408	131A	420	SEA
408	186	780	SEA
408	21	900	SEA
409	124	540	SEA
409	125	660	SEA
409	129	660	SEA
409	131	660	SEA
409	131A	420	SEA
409	186	780	SEA
409	21	900	SEA
421	124	420	SEA
421	125	660	SEA
421	129	840	SEA
421	131	480	SEA
421	186	720	SEA
421	21	840	SEA
422	124	420	SEA
422	125	660	SEA
422	129	840	SEA
422	131	480	SEA
422	186	720	SEA
422	21	840	SEA
435	124	480	SEA
435	125	720	SEA
435	129	840	SEA
435	131	480	SEA
435	186	720	SEA
435	21	780	SEA
439	124	480	SEA
439	125	720	SEA
439	129	780	SEA
439	131	480	SEA
439	186	720	SEA
439	21	600	SEA
448	124	540	SEA
448	125	600	SEA
448	129	780	SEA
448	131	600	SEA
448	186	600	SEA
448	21	600	SEA
458	124	360	SEA
458	125	540	SEA
458	129	720	SEA
458	131	600	SEA
458	186	600	SEA
458	21	600	SEA
463	124	480	SEA
463	125	540	SEA
463	129	720	SEA
463	131	600	SEA
463	186	600	SEA
463	21	1200	SEA
494	124	420	SEA
494	125	720	SEA
494	129	660	SEA
494	131	660	SEA
494	186	1080	SEA
494	21	720	SEA
507	124	480	SEA
507	125	660	SEA
507	129	660	SEA
507	131	660	SEA
507	186	1080	SEA
507	21	720	SEA
520	124	480	SEA
520	125	720	SEA
520	129	780	SEA
520	131	660	SEA
520	186	1080	SEA
520	21	780	SEA
529	124	540	SEA
529	125	660	SEA
529	129	780	SEA
529	131	660	SEA
529	186	1080	SEA
529	21	780	SEA
543	124	540	SEA
543	125	720	SEA
543	129	780	SEA
543	131	600	SEA
543	186	1200	SEA
543	21	780	SEA
549	124	540	SEA
549	125	660	SEA
549	129	780	SEA
549	131	600	SEA
549	186	1200	SEA
549	21	780	SEA
554	124	540	SEA
554	125	660	SEA
554	129	780	SEA
554	131	720	SEA
554	186	1200	SEA
554	21	780	SEA
568	124	720	SEA
568	125	600	SEA
568	129	960	SEA
568	131	720	SEA
568	186	1200	SEA
568	21	780	SEA
593	124	600	SEA
593	125	660	SEA
593	129	960	SEA
593	131	720	SEA
593	186	1200	SEA
593	21	780	SEA
606	124	600	SEA
606	125	660	SEA
606	129	960	SEA
606	131	720	SEA
606	186	1200	SEA
606	21	840	SEA
607	124	600	SEA
607	125	660	SEA
607	129	960	SEA
607	131	720	SEA
607	186	1200	SEA
607	21	840	SEA
629	124	720	SEA
629	125	1080	SEA
629	129	960	SEA
629	131	780	SEA
629	186	1020	SEA
629	21	900	SEA
637	124	720	SEA
637	125	1080	SEA
637	129	960	SEA
637	131	780	SEA
637	186	1020	SEA
637	21	900	SEA
654	124	720	SEA
654	125	1080	SEA
654	129	960	SEA
654	131	720	SEA
654	186	1020	SEA
654	21	960	SEA
694	124	720	SEA
694	125	960	SEA
694	129	960	SEA
694	131	780	SEA
694	186	900	SEA
694	21	900	SEA
710	124	720	SEA
710	125	1020	SEA
710	129	960	SEA
710	131	840	SEA
710	186	960	SEA
710	21	840	SEA
727	124	780	SEA
727	125	960	SEA
727	129	960	SEA
727	131	840	SEA
727	186	960	SEA
727	21	780	SEA
729	124	780	SEA
729	125	960	SEA
729	129	960	SEA
729	131	840	SEA
729	186	960	SEA
729	21	780	SEA
751	124	780	SEA
751	125	1020	SEA
751	129	960	SEA
751	131	840	SEA
751	186	1140	SEA
751	21	720	SEA
757	124	780	SEA
757	125	960	SEA
757	129	960	SEA
757	131	840	SEA
757	186	1140	SEA
757	21	720	SEA
759	124	780	SEA
759	125	960	SEA
759	129	960	SEA
759	131	840	SEA
759	186	1140	SEA
759	21	720	SEA
760	124	780	SEA
760	125	960	SEA
760	129	960	SEA
760	131	840	SEA
760	186	1140	SEA
760	21	720	SEA
765	124	780	SEA
765	125	960	SEA
765	129	960	SEA
765	131	840	SEA
765	186	1140	SEA
765	21	720	SEA
768	124	780	SEA
768	125	960	SEA
768	129	960	SEA
768	131	840	SEA
768	186	1200	SEA
768	21	720	SEA
770	124	780	SEA
770	125	960	SEA
770	129	960	SEA
770	131	840	SEA
770	186	1200	SEA
770	21	720	SEA
771	124	780	SEA
771	125	960	SEA
771	129	960	SEA
771	131	840	SEA
771	186	1200	SEA
771	21	720	SEA
772	124	780	SEA
772	125	960	SEA
772	129	960	SEA
772	131	840	SEA
772	186	1200	SEA
772	21	720	SEA
774	124	780	SEA
774	125	960	SEA
774	129	960	SEA
774	131	840	SEA
774	186	1200	SEA
774	21	720	SEA
778	124	780	SEA
778	125	960	SEA
778	129	960	SEA
778	131	840	SEA
778	21	720	SEA
791	124	780	SEA
791	125	960	SEA
791	129	900	SEA
791	131	840	SEA
791	186	1200	SEA
791	21	720	SEA
798	124	780	SEA
798	125	960	SEA
798	129	1860	SEA
798	131	840	SEA
798	186	1200	SEA
798	21	720	SEA
801	124	780	SEA
801	125	960	SEA
801	129	1860	SEA
801	131	840	SEA
801	186	1200	SEA
801	21	720	SEA
804	124	780	SEA
804	125	960	SEA
804	129	1860	SEA
804	131	840	SEA
804	186	1200	SEA
804	21	720	SEA
808	124	780	SEA
808	125	960	SEA
808	129	900	SEA
808	131	840	SEA
808	186	1140	SEA
808	21	720	SEA
810	124	780	SEA
810	125	960	SEA
810	129	900	SEA
810	131	840	SEA
810	186	1140	SEA
810	21	720	SEA
819	124	780	SEA
819	125	960	SEA
819	129	960	SEA
819	131	840	SEA
819	186	1140	SEA
819	21	720	SEA
834	124	720	SEA
834	125	960	SEA
834	129	1020	SEA
834	131	840	SEA
834	186	1140	SEA
834	21	720	SEA
840	124	720	SEA
840	125	960	SEA
840	129	1020	SEA
840	131	900	SEA
840	186	1140	SEA
840	21	720	SEA
847	124	720	SEA
847	125	960	SEA
847	129	1080	SEA
847	131	900	SEA
847	186	960	SEA
847	21	720	SEA
853	124	720	SEA
853	125	960	SEA
853	129	1080	SEA
853	131	900	SEA
853	186	960	SEA
853	21	720	SEA
859	124	720	SEA
859	125	960	SEA
859	129	1080	SEA
859	131	900	SEA
859	186	960	SEA
859	21	720	SEA
863	124	720	SEA
863	125	960	SEA
863	129	1200	SEA
863	131	900	SEA
863	186	960	SEA
863	21	600	SEA
871	124	720	SEA
871	125	840	SEA
871	129	1200	SEA
871	131	900	SEA
871	186	1080	SEA
871	21	600	SEA
876	124	720	SEA
876	125	840	SEA
876	129	1200	SEA
876	131	900	SEA
876	186	1080	SEA
876	21	600	SEA
887	124	720	SEA
887	125	780	SEA
887	129	1020	SEA
887	131	1020	SEA
887	186	1080	SEA
887	21	600	SEA
889	124	720	SEA
889	125	780	SEA
889	129	1020	SEA
889	131	1020	SEA
889	186	1080	SEA
889	21	600	SEA
893	124	660	SEA
893	125	780	SEA
893	129	1020	SEA
893	131	1020	SEA
893	186	1080	SEA
893	21	600	SEA
895	124	660	SEA
895	125	780	SEA
895	129	1020	SEA
895	131	840	SEA
895	186	1080	SEA
895	21	600	SEA
901	124	660	SEA
901	125	840	SEA
901	129	1020	SEA
901	131	840	SEA
901	186	1080	SEA
901	21	720	SEA
908	124	660	SEA
908	125	780	SEA
908	129	1020	SEA
908	131	840	SEA
908	186	1080	SEA
908	21	720	SEA
918	124	720	SEA
918	125	780	SEA
918	129	900	SEA
918	131	720	SEA
918	21	840	SEA
920	124	720	SEA
920	125	780	SEA
920	129	900	SEA
920	131	720	SEA
920	186	900	SEA
920	21	840	SEA
922	124	720	SEA
922	125	720	SEA
922	129	900	SEA
922	131	720	SEA
922	186	900	SEA
922	21	840	SEA
923	124	720	SEA
923	125	720	SEA
923	129	900	SEA
923	131	720	SEA
923	186	900	SEA
923	21	840	SEA
924	124	720	SEA
924	125	720	SEA
924	129	900	SEA
924	131	720	SEA
924	186	900	SEA
924	21	840	SEA
926	124	660	SEA
926	125	720	SEA
926	129	840	SEA
926	131	720	SEA
926	186	900	SEA
926	21	840	SEA
932	124	660	SEA
932	125	720	SEA
932	129	840	SEA
932	131	720	SEA
932	186	900	SEA
932	21	840	SEA
933	124	660	SEA
933	125	720	SEA
933	129	840	SEA
933	131	720	SEA
933	186	900	SEA
933	21	840	SEA
936	124	660	SEA
936	125	660	SEA
936	129	840	SEA
936	131	720	SEA
936	186	900	SEA
936	21	840	SEA
937	124	660	SEA
937	125	660	SEA
937	129	840	SEA
937	131	660	SEA
937	186	900	SEA
937	21	960	SEA
940	124	660	SEA
940	125	660	SEA
940	129	840	SEA
940	131	660	SEA
940	186	900	SEA
940	21	960	SEA
941	124	540	SEA
941	125	660	SEA
941	129	840	SEA
941	131	660	SEA
941	186	900	SEA
941	21	960	SEA
943	124	540	SEA
943	125	660	SEA
943	129	840	SEA
943	131	660	SEA
943	186	900	SEA
943	21	960	SEA
944	124	540	SEA
944	125	660	SEA
944	129	840	SEA
944	131	660	SEA
944	186	900	SEA
944	21	960	SEA
950	124	540	SEA
950	125	660	SEA
950	129	960	SEA
950	131	840	SEA
950	186	960	SEA
950	21	960	SEA
952	124	540	SEA
952	125	660	SEA
952	129	960	SEA
952	131	840	SEA
952	186	960	SEA
952	21	840	SEA
953	124	540	SEA
953	125	660	SEA
953	129	960	SEA
953	131	840	SEA
953	186	960	SEA
953	21	840	SEA
965	124	540	SEA
965	125	1320	SEA
965	129	840	SEA
965	131	840	SEA
965	186	960	SEA
965	21	840	SEA
967	124	540	SEA
967	125	1320	SEA
967	129	840	SEA
967	131	840	SEA
967	186	960	SEA
967	21	840	SEA
972	124	540	SEA
972	125	1560	SEA
972	129	840	SEA
972	131	840	SEA
972	186	960	SEA
972	21	600	SEA
986	124	540	SEA
986	125	1560	SEA
986	129	600	SEA
986	131	960	SEA
986	186	960	SEA
986	21	480	SEA
987	124	540	SEA
987	125	1560	SEA
987	129	600	SEA
987	131	960	SEA
987	186	960	SEA
987	21	480	SEA
989	124	540	SEA
989	125	1560	SEA
989	129	600	SEA
989	131	720	SEA
989	186	960	SEA
989	21	480	SEA
992	124	540	SEA
992	129	600	SEA
992	131	720	SEA
992	186	960	SEA
992	21	480	SEA
1000	124	720	SEA
1000	125	780	SEA
1000	129	600	SEA
1000	131	720	SEA
1000	186	900	SEA
1000	21	480	SEA
1006	124	720	SEA
1006	125	1320	SEA
1006	129	720	SEA
1006	131	600	SEA
1006	186	900	SEA
1006	21	480	SEA
1007	124	720	SEA
1007	125	1320	SEA
1007	129	720	SEA
1007	131	600	SEA
1007	186	900	SEA
1007	21	480	SEA
1008	124	780	SEA
1008	125	1320	SEA
1008	129	720	SEA
1008	131	600	SEA
1008	186	900	SEA
1008	21	480	SEA
1010	124	780	SEA
1010	125	1320	SEA
1010	129	720	SEA
1010	131	600	SEA
1010	186	900	SEA
1010	21	480	SEA
1013	124	780	SEA
1013	125	1320	SEA
1013	129	720	SEA
1013	131	600	SEA
1013	186	900	SEA
1013	21	660	SEA
1014	124	780	SEA
1014	125	1320	SEA
1014	129	720	SEA
1014	131	600	SEA
1014	186	840	SEA
1014	21	660	SEA
1016	124	780	SEA
1016	125	1320	SEA
1016	129	720	SEA
1016	131	600	SEA
1016	186	840	SEA
1016	21	660	SEA
1019	124	780	SEA
1019	125	1320	SEA
1019	129	720	SEA
1019	131	600	SEA
1019	186	840	SEA
1019	21	660	SEA
1023	124	540	SEA
1023	125	600	SEA
1023	129	720	SEA
1023	131	600	SEA
1023	186	840	SEA
1023	21	660	SEA
1026	124	540	SEA
1026	125	600	SEA
1026	129	600	SEA
1026	131	600	SEA
1026	186	840	SEA
1026	21	840	SEA
1028	124	540	SEA
1028	125	600	SEA
1028	129	600	SEA
1028	131	600	SEA
1028	186	900	SEA
1028	21	840	SEA
1033	124	540	SEA
1033	125	1320	SEA
1033	129	600	SEA
1033	131	600	SEA
1033	186	900	SEA
1033	21	840	SEA
1037	124	540	SEA
1037	125	1320	SEA
1037	129	600	SEA
1037	131	720	SEA
1037	186	900	SEA
1037	21	660	SEA
1040	124	540	SEA
1040	125	1440	SEA
1040	129	600	SEA
1040	131	720	SEA
1040	186	900	SEA
1040	21	660	SEA
1042	124	540	SEA
1042	125	660	SEA
1042	129	600	SEA
1042	131	720	SEA
1042	186	900	SEA
1042	21	660	SEA
1048	124	540	SEA
1048	125	660	SEA
1048	129	600	SEA
1048	131	720	SEA
1048	186	840	SEA
1048	21	660	SEA
1049	124	540	SEA
1049	125	660	SEA
1049	129	600	SEA
1049	131	720	SEA
1049	186	840	SEA
1049	21	660	SEA
1051	124	480	SEA
1051	125	660	SEA
1051	129	600	SEA
1051	131	720	SEA
1051	186	840	SEA
1051	21	660	SEA
1053	124	480	SEA
1053	125	660	SEA
1053	129	600	SEA
1053	131	720	SEA
1053	186	840	SEA
1053	21	660	SEA
1057	124	480	SEA
1057	125	660	SEA
1057	129	600	SEA
1057	131	720	SEA
1057	186	840	SEA
1057	21	660	SEA
1059	124	480	SEA
1059	125	1440	SEA
1059	129	660	SEA
1059	131	720	SEA
1059	186	900	SEA
1059	21	660	SEA
1063	124	480	SEA
1063	125	840	SEA
1063	129	660	SEA
1063	131	720	SEA
1063	186	900	SEA
1063	21	1320	SEA
1064	124	480	SEA
1064	125	840	SEA
1064	129	660	SEA
1064	131	720	SEA
1064	186	900	SEA
1064	21	1320	SEA
1067	124	480	SEA
1067	125	840	SEA
1067	129	660	SEA
1067	131	720	SEA
1067	186	960	SEA
1067	21	1320	SEA
1069	124	1080	SEA
1069	125	840	SEA
1069	129	660	SEA
1069	131	720	SEA
1069	186	900	SEA
1069	21	1320	SEA
1071	124	600	SEA
1071	125	840	SEA
1071	129	720	SEA
1071	131	1140	SEA
1071	186	960	SEA
1071	21	1320	SEA
1074	124	1080	SEA
1074	125	840	SEA
1074	129	720	SEA
1074	131	1140	SEA
1074	186	960	SEA
1074	21	660	SEA
1075	124	600	SEA
1075	125	840	SEA
1075	129	720	SEA
1075	131	1140	SEA
1075	186	960	SEA
1075	21	660	SEA
1090	124	600	SEA
1090	125	900	SEA
1090	129	540	SEA
1090	131	780	SEA
1090	186	1200	SEA
1090	21	660	SEA
1093	124	600	SEA
1093	125	900	SEA
1093	129	1200	SEA
1093	131	780	SEA
1093	186	1200	SEA
1093	21	660	SEA
1099	124	600	SEA
1099	125	900	SEA
1099	129	1200	SEA
1099	131	780	SEA
1099	186	1200	SEA
1099	21	660	SEA
1103	124	540	SEA
1103	125	1020	SEA
1103	129	1740	SEA
1103	131	720	SEA
1103	186	1260	SEA
1103	21	660	SEA
1105	124	540	SEA
1105	125	1020	SEA
1105	129	1740	SEA
1105	131	720	SEA
1105	186	1260	SEA
1105	21	960	SEA
1108	124	540	SEA
1108	125	1020	SEA
1108	129	1740	SEA
1108	131	720	SEA
1108	186	1260	SEA
1108	21	960	SEA
1112	124	540	SEA
1112	125	1020	SEA
1112	129	1740	SEA
1112	131	720	SEA
1112	186	1260	SEA
1112	21	960	SEA
1119	124	480	SEA
1119	125	1020	SEA
1119	129	1740	SEA
1119	131	600	SEA
1119	186	1260	SEA
1119	21	960	SEA
1127	124	480	SEA
1127	125	1020	SEA
1127	129	780	SEA
1127	131	720	SEA
1127	186	1380	SEA
1127	21	960	SEA
1130	124	600	SEA
1130	125	1020	SEA
1130	129	900	SEA
1130	131	720	SEA
1130	186	1380	SEA
1130	21	960	SEA
1132	124	600	SEA
1132	125	1020	SEA
1132	129	900	SEA
1132	131	720	SEA
1132	186	1380	SEA
1132	21	960	SEA
1136	124	600	SEA
1136	125	1020	SEA
1136	129	780	SEA
1136	131	720	SEA
1136	186	1380	SEA
1136	21	960	SEA
1140	124	720	SEA
1140	125	1020	SEA
1140	129	780	SEA
1140	131	720	SEA
1140	186	1380	SEA
1140	21	960	SEA
1146	124	720	SEA
1146	125	1020	SEA
1146	129	780	SEA
1146	131	720	SEA
1146	186	1320	SEA
1146	21	960	SEA
1149	124	720	SEA
1149	125	1020	SEA
1149	129	960	SEA
1149	131	720	SEA
1149	186	1320	SEA
1149	21	960	SEA
1153	124	720	SEA
1153	125	1020	SEA
1153	129	960	SEA
1153	131	720	SEA
1153	186	1320	SEA
1153	21	960	SEA
1154	124	720	SEA
1154	125	1020	SEA
1154	129	960	SEA
1154	131	720	SEA
1154	186	1320	SEA
1154	21	960	SEA
1157	124	720	SEA
1157	125	1020	SEA
1157	129	960	SEA
1157	131	720	SEA
1157	186	1320	SEA
1157	21	960	SEA
1164	124	720	SEA
1164	125	1020	SEA
1164	129	900	SEA
1164	131	1020	SEA
1164	186	1320	SEA
1164	21	960	SEA
1168	124	720	SEA
1168	125	1260	SEA
1168	129	900	SEA
1168	131	1020	SEA
1168	186	1380	SEA
1168	21	960	SEA
1181	124	720	SEA
1181	125	1260	SEA
1181	129	900	SEA
1181	131	960	SEA
1181	186	1380	SEA
1181	21	960	SEA
1183	124	720	SEA
1183	125	1320	SEA
1183	129	900	SEA
1183	131	960	SEA
1183	186	1380	SEA
1183	21	960	SEA
1188	124	660	SEA
1188	125	1320	SEA
1188	129	900	SEA
1188	131	960	SEA
1188	186	1380	SEA
1188	21	960	SEA
1190	124	660	SEA
1190	125	1320	SEA
1190	129	900	SEA
1190	131	1140	SEA
1190	186	1380	SEA
1190	21	960	SEA
1200	124	660	SEA
1200	125	1320	SEA
1200	129	960	SEA
1200	131	1140	SEA
1200	186	1380	SEA
1200	21	840	SEA
1205	124	660	SEA
1205	125	1320	SEA
1205	129	960	SEA
1205	131	1140	SEA
1205	186	1380	SEA
1205	21	840	SEA
1209	124	660	SEA
1209	125	1320	SEA
1209	129	900	SEA
1209	131	1140	SEA
1209	186	1380	SEA
1209	21	840	SEA
1210	124	660	SEA
1210	125	1320	SEA
1210	129	900	SEA
1210	131	1140	SEA
1210	186	1380	SEA
1210	21	840	SEA
1214	124	660	SEA
1214	125	1320	SEA
1214	129	900	SEA
1214	131	1140	SEA
1214	186	1200	SEA
1214	21	840	SEA
1228	124	660	SEA
1228	125	1080	SEA
1228	129	960	SEA
1228	131	840	SEA
1228	186	1200	SEA
1228	21	780	SEA
1239	124	660	SEA
1239	125	1080	SEA
1239	129	960	SEA
1239	131	840	SEA
1239	186	1140	SEA
1239	21	780	SEA
1240	124	660	SEA
1240	125	1080	SEA
1240	129	960	SEA
1240	131	840	SEA
1240	186	1140	SEA
1240	21	540	SEA
1243	124	660	SEA
1243	125	1080	SEA
1243	129	960	SEA
1243	131	840	SEA
1243	186	1140	SEA
1243	21	540	SEA
1248	124	660	SEA
1248	125	1200	SEA
1248	129	960	SEA
1248	131	960	SEA
1248	186	1140	SEA
1248	21	540	SEA
1252	124	660	SEA
1252	125	1200	SEA
1252	129	960	SEA
1252	131	960	SEA
1252	186	1140	SEA
1252	21	540	SEA
1255	124	660	SEA
1255	125	1200	SEA
1255	129	900	SEA
1255	131	960	SEA
1255	186	1260	SEA
1255	21	1020	SEA
1257	124	660	SEA
1257	125	1200	SEA
1257	129	900	SEA
1257	131	960	SEA
1257	186	1260	SEA
1257	21	1020	SEA
1264	124	660	SEA
1264	125	1200	SEA
1264	129	900	SEA
1264	131	1260	SEA
1264	186	1260	SEA
1264	21	780	SEA
1265	124	660	SEA
1265	129	900	SEA
1265	131	1260	SEA
1265	186	1260	SEA
1265	21	780	SEA
1275	124	660	SEA
1275	129	1500	SEA
1275	131	1020	SEA
1275	186	1440	SEA
1275	21	780	SEA
1278	124	660	SEA
1278	129	1500	SEA
1278	131	1020	SEA
1278	186	1440	SEA
1278	21	780	SEA
1279	124	660	SEA
1279	129	1500	SEA
1279	131	1020	SEA
1279	186	1440	SEA
1279	21	780	SEA
1280	124	660	SEA
1280	129	1500	SEA
1280	131	1020	SEA
1280	186	1440	SEA
1280	21	720	SEA
1284	124	660	SEA
1284	125	2520	SEA
1284	129	1500	SEA
1284	131	1020	SEA
1284	186	1440	SEA
1284	21	720	SEA
1289	124	660	SEA
1289	131	1020	SEA
1289	186	1440	SEA
1289	21	720	SEA
1295	124	660	SEA
1295	129	1500	SEA
1295	131	840	SEA
1295	21	780	SEA
1296	124	660	SEA
1296	129	1500	SEA
1296	131	840	SEA
1296	21	780	SEA
1301	124	660	SEA
1301	125	1080	SEA
1301	129	1500	SEA
1301	131	840	SEA
1301	186	1560	SEA
1301	21	780	SEA
1306	124	660	SEA
1306	125	1080	SEA
1306	129	1500	SEA
1306	131	840	SEA
1306	186	1560	SEA
1306	21	780	SEA
1308	124	660	SEA
1308	125	1080	SEA
1308	129	1500	SEA
1308	131	840	SEA
1308	186	1560	SEA
1308	21	780	SEA
1312	124	660	SEA
1312	125	1080	SEA
1312	131	840	SEA
1312	186	1560	SEA
1312	21	780	SEA
1319	124	660	SEA
1319	125	1080	SEA
1319	129	1500	SEA
1319	131	840	SEA
1319	21	780	SEA
