363	142	80	SEA
363	142A	960	SEA
363	155	323	SEA
363	157	251	SEA
363	159	900	SEA
363	163	494	SEA
363	230	675	SEA
363	232	260	SEA
363	235	134	SEA
363	238	242	SEA
363	26	497	SEA
363	28	840	SEA
363	31	431	SEA
363	57	840	SEA
363	59	626	SEA
363	73	510	SEA
363	8	312	SEA
363	88	720	SEA
363	90	553	SEA
363	90A	900	SEA
385	142	365	SEA
385	142A	920	SEA
385	155	660	SEA
385	157	600	SEA
385	159	499	SEA
385	163	734	SEA
385	230	600	SEA
385	232	20	SEA
385	235	14	SEA
385	238	260	SEA
385	26	197	SEA
385	28	675	SEA
385	31	483	SEA
385	506	812	SEA
385	57	1912	SEA
385	59	606	SEA
385	73	449	SEA
385	8	252	SEA
385	88	431	SEA
385	90	720	SEA
385	90A	483	SEA
408	142	480	SEA
408	155	660	SEA
408	157	531	SEA
408	159	780	SEA
408	163	660	SEA
408	230	595	SEA
408	232	212	SEA
408	235	54	SEA
408	238	193	SEA
408	26	297	SEA
408	28	720	SEA
408	31	490	SEA
408	506	705	SEA
408	57	793	SEA
408	59	649	SEA
408	73	683	SEA
408	8	112	SEA
408	88	703	SEA
408	90	457	SEA
408	90A	1380	SEA
409	142	420	SEA
409	155	660	SEA
409	157	471	SEA
409	159	779	SEA
409	163	660	SEA
409	230	535	SEA
409	232	300	SEA
409	235	354	SEA
409	238	253	SEA
409	26	237	SEA
409	28	712	SEA
409	31	490	SEA
409	506	702	SEA
409	57	747	SEA
409	59	475	SEA
409	73	708	SEA
409	8	187	SEA
409	88	703	SEA
409	90	720	SEA
409	90A	1380	SEA
421	142	540	SEA
421	155	612	SEA
421	157	251	SEA
421	159	739	SEA
421	163	1320	SEA
421	230	315	SEA
421	232	80	SEA
421	235	360	SEA
421	238	140	SEA
421	26	719	SEA
421	28	552	SEA
421	31	371	SEA
421	506	335	SDA
421	57	643	SEA
421	59	597	SEA
421	73	789	SEA
421	8	227	SEA
421	88	791	SEA
421	90	660	SEA
421	90A	1083	SEA
422	142	540	SEA
422	155	552	SEA
422	157	406	SEA
422	159	780	SEA
422	163	1274	SEA
422	230	255	SEA
422	232	219	SEA
422	235	194	SEA
422	238	80	SEA
422	26	719	SEA
422	28	492	SEA
422	31	311	SEA
422	506	283	SDA
422	57	570	SEA
422	59	606	SEA
422	73	822	SEA
422	8	267	SEA
422	88	731	SEA
422	90	660	SEA
422	90A	1023	SEA
435	142	440	SEA
435	155	492	SEA
435	157	660	SEA
435	159	739	SEA
435	163	660	SEA
435	230	600	SEA
435	232	20	SEA
435	235	194	SEA
435	238	18	SEA
435	26	376	SEA
435	28	432	SEA
435	31	295	SEA
435	506	337	SDA
435	57	1138	SEA
435	59	332	SEA
435	73	547	SEA
435	8	271	SEA
435	88	600	SEA
435	90	673	SEA
435	90A	720	SEA
439	142	423	SEA
439	155	252	SEA
439	157	660	SEA
439	159	499	SEA
439	163	660	SEA
439	230	495	SEA
439	232	140	SEA
439	235	314	SEA
439	238	235	SEA
439	26	720	SEA
439	28	660	SEA
439	31	311	SEA
439	506	164	SDA
439	57	1129	SEA
439	59	439	SDA
439	73	520	SEA
439	8	252	SEA
439	88	371	SEA
439	90	433	SEA
439	90A	720	SEA
448	142	140	SEA
448	155	460	SEA
448	157	361	SEA
448	159	679	SEA
448	163	374	SEA
448	230	495	SEA
448	232	140	SEA
448	235	74	SEA
448	238	140	SEA
448	26	901	SEA
448	28	720	SEA
448	31	251	SEA
448	506	617	SDA
448	57	297	SEA
448	59	720	SEA
448	73	351	SEA
448	8	72	SEA
448	88	371	SEA
448	90	553	SEA
458	142	480	SEA
458	155	572	SEA
458	157	270	SEA
458	159	310	SEA
458	163	334	SEA
458	230	515	SEA
458	232	160	SEA
458	235	214	SEA
458	238	40	SEA
458	26	577	SEA
458	28	392	SEA
458	31	151	SEA
458	506	290	SDA
458	57	187	SEA
458	59	737	SEA
458	73	1291	SEA
458	8	256	SEA
458	88	391	SEA
458	90	633	SEA
458	90A	2363	SEA
463	142	260	SEA
463	155	840	SEA
463	157	10	SEA
463	159	619	SEA
463	163	540	SEA
463	230	514	SEA
463	232	200	SEA
463	235	314	SEA
463	238	80	SEA
463	26	540	SEA
463	28	218	SEA
463	31	371	SEA
463	506	705	SDA
463	57	219	SEA
463	59	821	SEA
463	73	1290	SEA
463	8	308	SEA
463	88	131	SEA
463	90	373	SEA
494	142	500	SEA
494	155	1080	SEA
494	157	420	SEA
494	159	259	SEA
494	163	374	SEA
494	230	195	SEA
494	232	20	SEA
494	235	254	SEA
494	238	200	SEA
494	26	660	SEA
494	28	414	SEA
494	31	671	SEA
494	506	368	SDA
494	57	887	SEA
494	59	394	SEA
494	73	626	SDA
494	8	266	SEA
494	88	265	SEA
494	90	613	SEA
494	90A	720	SEA
512	142	440	SEA
512	155	312	SEA
512	157	660	SEA
512	159	499	SEA
512	163	194	SEA
512	230	720	SEA
512	232	140	SEA
512	235	134	SEA
512	238	182	SEA
512	26	317	SEA
512	28	852	SEA
512	31	1031	SEA
512	506	200	SDA
512	57	1047	SEA
512	59	851	SDA
512	73	580	SEA
512	8	360	SEA
512	88	420	SEA
512	90	634	SEA
512	90A	843	SEA
529	142	520	SEA
529	155	152	SEA
529	157	720	SEA
529	159	417	SEA
529	163	274	SEA
529	230	720	SEA
529	232	220	SEA
529	235	34	SEA
529	238	160	SEA
529	26	517	SEA
529	28	752	SEA
529	31	692	SEA
529	506	381	SDA
529	57	1106	SEA
529	59	812	SEA
529	73	544	SEA
529	8	92	SEA
529	88	271	SEA
529	90	660	SEA
543	142	540	SEA
543	155	232	SEA
543	157	780	SEA
543	159	720	SEA
543	163	231	SEA
543	230	720	SEA
543	232	300	SEA
543	235	354	SEA
543	238	230	SDA
543	26	477	SEA
543	28	892	SEA
543	31	600	SEA
543	506	155	SEA
543	57	974	SEA
543	59	620	SEA
543	73	530	SEA
543	8	429	SEA
543	88	411	SEA
543	90	600	SEA
549	142	780	SEA
549	155	492	SEA
549	157	551	SEA
549	159	620	SEA
549	163	374	SEA
549	230	720	SEA
549	232	260	SEA
549	235	254	SEA
549	238	251	SEA
549	26	600	SEA
549	28	900	SEA
549	31	551	SEA
549	506	230	SEA
549	57	1176	SEA
549	59	747	SDA
549	73	818	SEA
549	8	432	SEA
549	88	431	SEA
549	90	437	SEA
554	142	580	SEA
554	155	460	SEA
554	157	840	SEA
554	159	720	SEA
554	163	316	SEA
554	230	720	SEA
554	232	400	SEA
554	235	334	SEA
554	238	100	SEA
554	26	337	SEA
554	28	900	SEA
554	31	271	SEA
554	506	257	SEA
554	57	1275	SEA
554	59	889	SDA
554	73	583	SEA
554	8	377	SEA
554	88	311	SEA
554	90	573	SEA
568	142	678	SEA
568	155	1020	SEA
568	157	660	SEA
568	159	679	SEA
568	163	194	SEA
568	230	615	SEA
568	232	440	SEA
568	235	360	SEA
568	238	80	SEA
568	26	660	SEA
568	28	840	SEA
568	31	600	SEA
568	506	1107	SEA
568	57	683	SEA
568	59	676	SEA
568	73	1462	SEA
568	8	492	SEA
568	88	311	SEA
568	90	468	SEA
593	142	560	SEA
593	155	673	SEA
593	157	780	SEA
593	159	739	SEA
593	163	431	SEA
593	230	555	SEA
593	232	540	SEA
593	235	74	SEA
593	238	260	SEA
593	26	617	SEA
593	28	840	SEA
593	31	371	SEA
593	506	885	SEA
593	57	741	SEA
593	59	984	SEA
593	73	688	SEA
593	8	451	SEA
593	88	479	SEA
593	90	660	SEA
606	142	620	SEA
606	155	732	SEA
606	157	780	SEA
606	159	780	SEA
606	163	540	SEA
606	230	555	SEA
606	232	380	SEA
606	235	14	SEA
606	238	200	SEA
606	26	557	SEA
606	28	492	SEA
606	31	445	SEA
606	506	1195	SEA
606	57	332	SEA
606	59	612	SEA
606	73	1099	SEA
606	8	600	SEA
606	88	852	SEA
606	90	660	SEA
607	142	705	SEA
607	155	612	SEA
607	157	780	SEA
607	159	679	SEA
607	163	434	SEA
607	230	630	SEA
607	232	260	SEA
607	235	254	SEA
607	238	80	SEA
607	26	437	SEA
607	28	372	SEA
607	31	660	SEA
607	506	1087	SEA
607	57	293	SEA
607	59	758	SEA
607	73	1063	SEA
607	8	552	SEA
607	88	732	SEA
607	90	613	SEA
629	142	740	SEA
629	155	840	SEA
629	157	840	SEA
629	159	139	SEA
629	163	734	SEA
629	230	555	SEA
629	232	540	SEA
629	235	494	SEA
629	238	80	SEA
629	26	557	SEA
629	28	552	SEA
629	31	660	SEA
629	506	761	SEA
629	57	551	SEA
629	59	722	SEA
629	73	548	SEA
629	8	312	SEA
629	88	312	SEA
629	90	373	SEA
637	142	260	SEA
637	155	552	SEA
637	157	672	SEA
637	159	720	SEA
637	163	540	SEA
637	230	720	SEA
637	232	339	SEA
637	235	204	SEA
637	238	253	SDA
637	26	77	SEA
637	28	720	SEA
637	31	546	SEA
637	506	1531	SEA
637	57	435	SEA
637	59	843	SEA
637	73	588	SEA
637	8	372	SEA
637	88	372	SEA
637	90	433	SEA
694	142	740	SEA
694	155	852	SEA
694	157	491	SEA
694	159	514	SEA
694	163	14	SEA
694	230	720	SEA
694	232	480	SEA
694	235	540	SEA
694	238	20	SEA
694	26	437	SEA
694	28	660	SEA
694	31	492	SEA
694	506	1226	SEA
694	57	432	SEA
694	59	922	SEA
694	73	571	SEA
694	8	1020	SEA
694	88	491	SEA
694	90	1020	SEA
710	142	560	SEA
710	155	972	SEA
710	157	660	SEA
710	159	559	SEA
710	163	494	SEA
710	230	720	SEA
710	232	480	SEA
710	235	600	SEA
710	238	182	SEA
710	26	780	SEA
710	28	492	SEA
710	31	781	SEA
710	506	1077	SEA
710	57	692	SEA
710	59	746	SEA
710	73	512	SEA
710	8	1080	SEA
710	88	840	SEA
710	90	1020	SEA
727	142	780	SEA
727	155	992	SEA
727	157	511	SEA
727	159	359	SEA
727	163	720	SEA
727	230	455	SEA
727	232	250	SEA
727	235	334	SEA
727	238	229	SEA
727	26	817	SEA
727	28	720	SEA
727	31	511	SEA
727	506	1083	SEA
727	57	1631	SEA
727	59	1284	SEA
727	73	662	SEA
727	8	1080	SEA
727	88	840	SEA
727	90	1020	SEA
729	142	780	SEA
729	155	912	SEA
729	157	431	SEA
729	159	338	SEA
729	163	720	SEA
729	230	580	SEA
729	232	250	SEA
729	235	254	SEA
729	238	250	SEA
729	26	737	SEA
729	28	720	SEA
729	31	566	SEA
729	506	1169	SEA
729	57	1639	SEA
729	59	1334	SEA
729	73	600	SEA
729	8	1080	SEA
729	88	840	SEA
729	90	1020	SEA
751	142	440	SEA
751	155	1046	SEA
751	157	431	SEA
751	159	379	SEA
751	163	720	SEA
751	230	495	SEA
751	232	140	SEA
751	235	420	SEA
751	238	254	SEA
751	26	840	SEA
751	28	600	SEA
751	31	1020	SEA
751	506	1326	SEA
751	57	836	SEA
751	59	1081	SEA
751	73	767	SEA
751	8	1092	SEA
751	88	493	SEA
751	90	913	SEA
757	142	780	SEA
757	155	1259	SEA
757	157	600	SEA
757	159	499	SEA
757	163	554	SEA
757	230	720	SEA
757	232	294	SEA
757	235	420	SEA
757	238	360	SEA
757	26	677	SEA
757	28	372	SEA
757	31	1020	SEA
757	506	1345	SEA
757	57	926	SEA
757	59	1113	SEA
757	73	669	SEA
757	8	960	SEA
757	88	491	SEA
757	90	1080	SEA
759	142	760	SEA
759	155	1259	SEA
759	157	571	SEA
759	159	459	SEA
759	163	514	SEA
759	230	720	SEA
759	232	294	SEA
759	235	420	SEA
759	238	260	SEA
759	26	637	SEA
759	28	419	SEA
759	31	991	SEA
759	506	1343	SEA
759	57	986	SEA
759	59	1114	SEA
759	73	597	SEA
759	8	960	SEA
759	88	451	SEA
759	90	1080	SEA
760	142	640	SEA
760	155	1259	SEA
760	157	451	SEA
760	159	339	SEA
760	163	394	SEA
760	230	635	SEA
760	232	280	SEA
760	235	334	SEA
760	238	220	SEA
760	26	517	SEA
760	28	419	SEA
760	31	871	SEA
760	506	1366	SEA
760	57	922	SEA
760	59	739	SEA
760	73	617	SEA
760	8	960	SEA
760	88	431	SEA
760	90	1080	SEA
765	142	780	SEA
765	155	1212	SEA
765	157	393	SEA
765	159	540	SEA
765	163	720	SEA
765	230	315	SEA
765	232	248	SEA
765	235	540	SEA
765	238	260	SEA
765	26	780	SEA
765	28	552	SEA
765	31	779	SEA
765	506	1123	SEA
765	57	315	SEA
765	59	607	SEA
765	73	601	SEA
765	8	960	SEA
765	88	660	SEA
765	90	1080	SEA
768	142	780	SEA
768	155	1032	SEA
768	157	551	SEA
768	159	379	SEA
768	163	614	SEA
768	230	720	SEA
768	232	200	SEA
768	235	374	SEA
768	238	238	SEA
768	26	780	SEA
768	28	372	SEA
768	31	779	SEA
768	506	1116	SEA
768	57	324	SEA
768	59	613	SEA
768	73	612	SEA
768	8	960	SEA
768	88	491	SEA
768	90	913	SEA
770	142	780	SEA
770	155	912	SEA
770	157	431	SEA
770	159	467	SEA
770	163	494	SEA
770	230	720	SEA
770	232	286	SEA
770	235	254	SEA
770	238	268	SDA
770	26	677	SEA
770	28	436	SEA
770	31	955	SEA
770	506	1164	SEA
770	57	175	SEA
770	59	585	SEA
770	73	644	SEA
770	8	852	SEA
770	88	482	SEA
770	90	793	SEA
771	142	740	SEA
771	155	852	SEA
771	157	371	SEA
771	159	600	SEA
771	163	434	SEA
771	230	675	SEA
771	232	360	SEA
771	235	194	SEA
771	238	200	SEA
771	26	617	SEA
771	28	436	SEA
771	31	954	SEA
771	506	1161	SEA
771	57	146	SEA
771	59	584	SEA
771	73	659	SEA
771	8	792	SEA
771	88	481	SEA
771	90	878	SEA
772	142	740	SEA
772	155	852	SEA
772	157	371	SEA
772	159	600	SEA
772	163	434	SEA
772	230	675	SEA
772	232	360	SEA
772	235	194	SEA
772	238	200	SEA
772	26	617	SEA
772	28	436	SEA
772	31	954	SEA
772	506	1161	SEA
772	57	146	SEA
772	59	584	SEA
772	73	659	SEA
772	8	792	SEA
772	88	481	SEA
772	90	878	SEA
778	142	720	SEA
778	155	1	SEA
778	157	551	SEA
778	159	379	SEA
778	163	660	SEA
778	230	720	SEA
778	232	320	SEA
778	235	540	SEA
778	238	20	SEA
778	26	840	SEA
778	28	432	SEA
778	31	1439	SEA
778	506	1253	SEA
778	57	875	SEA
778	59	911	SEA
778	73	699	SEA
778	8	840	SEA
778	88	600	SEA
778	90	1080	SEA
791	142	260	SEA
791	155	372	SEA
791	157	371	SEA
791	159	432	SEA
791	163	1274	SEA
791	230	720	SEA
791	232	200	SEA
791	235	540	SEA
791	238	80	SEA
791	26	840	SEA
791	28	464	SEA
791	31	1031	SEA
791	506	1081	SDA
791	57	736	SEA
791	59	654	SEA
791	73	687	SEA
791	8	961	SEA
791	88	371	SEA
791	90	1020	SEA
798	142	500	SEA
798	155	732	SEA
798	157	551	SEA
798	159	379	SEA
798	163	660	SEA
798	230	495	SEA
798	232	80	SEA
798	235	410	SDA
798	238	215	SDA
798	26	677	SEA
798	28	612	SEA
798	31	856	SEA
798	506	1174	SDA
798	57	612	SEA
798	59	723	SEA
798	73	634	SEA
798	8	961	SEA
798	88	1031	SEA
798	90	1020	SEA
801	142	380	SEA
801	155	612	SEA
801	157	431	SEA
801	159	259	SEA
801	163	660	SEA
801	230	580	SEA
801	232	247	SEA
801	235	600	SEA
801	238	80	SEA
801	26	1320	SEA
801	28	492	SEA
801	31	1	SEA
801	506	1209	SDA
801	57	686	SEA
801	59	391	SEA
801	73	660	SEA
801	8	853	SEA
801	88	911	SEA
801	90	1020	SEA
804	142	660	SEA
804	155	516	SEA
804	157	600	SEA
804	159	600	SEA
804	163	660	SEA
804	230	720	SEA
804	232	277	SEA
804	235	454	SEA
804	238	220	SEA
804	26	1320	SEA
804	28	720	SEA
804	31	1	SEA
804	506	1111	SDA
804	57	627	SEA
804	59	378	SEA
804	73	597	SEA
804	8	633	SEA
804	88	885	SEA
804	90	873	SEA
808	142	560	SEA
808	155	780	SEA
808	157	551	SEA
808	159	379	SEA
808	163	660	SEA
808	230	615	SEA
808	232	200	SEA
808	235	600	SEA
808	238	265	SDA
808	26	1320	SEA
808	28	720	SEA
808	31	1	SEA
808	506	1048	SEA
808	57	680	SEA
808	59	295	SEA
808	73	715	SEA
808	8	960	SEA
808	88	481	SEA
808	90	832	SEA
810	142	440	SEA
810	155	780	SEA
810	157	431	SEA
810	159	259	SEA
810	163	660	SEA
810	230	495	SEA
810	232	80	SEA
810	235	600	SEA
810	238	200	SEA
810	26	1277	SEA
810	28	612	SEA
810	31	731	SEA
810	506	1088	SEA
810	57	928	SEA
810	59	305	SEA
810	73	703	SEA
810	8	960	SEA
810	88	481	SEA
810	90	1020	SEA
819	142	620	SEA
819	155	527	SEA
819	157	551	SEA
819	159	439	SEA
819	163	314	SEA
819	230	720	SEA
819	232	229	SEA
819	235	194	SEA
819	238	140	SEA
819	26	841	SEA
819	28	660	SEA
819	31	251	SEA
819	506	1055	SEA
819	57	285	SEA
819	59	848	SEA
819	73	472	SEA
819	8	733	SEA
819	88	480	SEA
819	90	1020	SEA
834	142	380	SEA
834	155	780	SEA
834	157	190	SEA
834	159	660	SEA
834	163	14	SEA
834	230	495	SEA
834	232	140	SEA
834	235	374	SEA
834	238	204	SEA
834	26	497	SEA
834	28	552	SEA
834	31	131	SEA
834	506	946	SEA
834	57	324	SEA
834	59	509	SDA
834	73	976	SEA
834	8	733	SEA
834	88	252	SEA
834	90	900	SEA
840	142	20	SEA
840	155	552	SEA
840	157	310	SEA
840	159	439	SEA
840	163	374	SEA
840	230	720	SEA
840	232	140	SEA
840	235	540	SEA
840	238	170	SEA
840	26	660	SEA
840	28	407	SEA
840	31	371	SEA
840	506	1015	SEA
840	57	664	SEA
840	59	715	SDA
840	73	749	SEA
840	8	900	SEA
840	88	359	SEA
840	90	613	SEA
847	142	360	SEA
847	155	780	SEA
847	157	351	SEA
847	159	660	SEA
847	163	654	SEA
847	230	475	SEA
847	232	120	SEA
847	235	540	SEA
847	238	222	SDA
847	26	660	SEA
847	28	532	SEA
847	31	591	SEA
847	506	995	SEA
847	57	303	SEA
847	59	566	SDA
847	73	275	SEA
847	8	893	SEA
847	88	139	SEA
847	90	900	SEA
853	142	680	SEA
853	155	552	SEA
853	157	491	SEA
853	159	319	SEA
853	163	900	SEA
853	230	720	SEA
853	232	80	SEA
853	235	314	SEA
853	238	260	SEA
853	26	660	SEA
853	28	353	SEA
853	31	327	SEA
853	506	1005	SEA
853	57	30	SEA
853	59	896	SDA
853	73	323	SEA
853	8	695	SEA
853	88	131	SEA
853	90	733	SEA
859	142	636	SEA
859	155	780	SEA
859	157	191	SEA
859	159	285	SEA
859	163	854	SEA
859	230	495	SEA
859	232	140	SEA
859	235	540	SEA
859	238	259	SDA
859	26	660	SEA
859	28	552	SEA
859	31	960	SEA
859	506	993	SEA
859	57	344	SEA
859	59	475	SEA
859	73	1217	SEA
859	8	900	SEA
859	88	191	SEA
859	90	674	SEA
863	142	720	SEA
863	155	780	SEA
863	157	511	SEA
863	159	399	SEA
863	163	634	SEA
863	230	720	SEA
863	232	280	SEA
863	235	540	SEA
863	238	40	SEA
863	26	660	SEA
863	28	332	SEA
863	31	871	SEA
863	506	971	SEA
863	57	284	SEA
863	59	444	SEA
863	73	1093	SEA
863	8	873	SEA
863	88	391	SEA
863	90	900	SEA
871	142	720	SEA
871	155	252	SEA
871	157	550	SEA
871	159	439	SEA
871	163	900	SEA
871	230	435	SEA
871	232	263	SEA
871	235	540	SEA
871	238	20	SEA
871	26	660	SEA
871	28	492	SEA
871	31	495	SEA
871	506	1211	SEA
871	57	1325	SEA
871	59	638	SEA
871	73	771	SEA
871	8	899	SEA
871	88	191	SEA
871	90	553	SEA
876	142	720	SEA
876	155	159	SEA
876	157	250	SEA
876	159	139	SEA
876	163	674	SEA
876	230	720	SEA
876	232	140	SEA
876	235	540	SEA
876	238	260	SEA
876	26	617	SEA
876	28	720	SEA
876	31	600	SEA
876	506	1312	SEA
876	57	29	SEA
876	59	561	SEA
876	73	710	SEA
876	8	840	SEA
876	88	251	SEA
876	90	900	SEA
887	142	80	SEA
887	155	793	SEA
887	157	600	SEA
887	159	600	SEA
887	163	900	SEA
887	230	720	SEA
887	232	200	SEA
887	235	494	SEA
887	238	173	SEA
887	26	557	SEA
887	28	366	SEA
887	31	540	SEA
887	506	1009	SEA
887	57	307	SEA
887	59	716	SEA
887	73	684	SEA
887	8	840	SEA
887	88	214	SEA
887	90	731	SEA
889	142	20	SEA
889	155	733	SEA
889	157	600	SEA
889	159	600	SEA
889	163	854	SEA
889	230	720	SEA
889	232	140	SEA
889	235	434	SEA
889	238	232	SDA
889	26	497	SEA
889	28	366	SEA
889	31	540	SEA
889	506	1018	SEA
889	57	361	SEA
889	59	743	SEA
889	73	688	SEA
889	8	840	SEA
889	88	371	SEA
889	90	900	SEA
893	142	720	SEA
893	155	493	SEA
893	157	431	SEA
893	159	379	SEA
893	163	614	SEA
893	230	720	SEA
893	232	193	SEA
893	235	461	SEA
893	238	80	SEA
893	26	600	SEA
893	28	672	SEA
893	31	540	SEA
893	506	1032	SEA
893	57	262	SEA
893	59	715	SEA
893	73	670	SEA
893	8	792	SEA
893	88	360	SEA
893	90	900	SEA
895	142	400	SEA
895	155	393	SEA
895	157	331	SEA
895	159	660	SEA
895	163	514	SEA
895	230	720	SEA
895	232	160	SEA
895	235	540	SEA
895	238	191	SEA
895	26	600	SEA
895	28	572	SEA
895	31	540	SEA
895	506	955	SEA
895	57	198	SEA
895	59	672	SEA
895	73	526	SEA
895	8	692	SEA
895	88	31	SEA
895	90	900	SEA
901	142	680	SEA
901	155	793	SEA
901	157	491	SEA
901	159	499	SEA
901	163	900	SEA
901	230	720	SEA
901	232	80	SEA
901	235	804	SEA
901	238	80	SEA
901	26	600	SEA
901	28	720	SEA
901	31	251	SEA
901	506	876	SEA
901	57	153	SDA
901	59	926	SEA
901	73	671	SEA
901	8	252	SEA
901	88	311	SEA
901	90	732	SEA
908	142	720	SEA
908	155	562	SEA
908	157	718	SEA
908	159	600	SEA
908	163	554	SEA
908	230	634	SEA
908	232	246	SEA
908	235	540	SEA
908	238	185	SEA
908	26	497	SEA
908	28	527	SEA
908	31	1331	SEA
908	506	837	SEA
908	57	858	SEA
908	59	561	SEA
908	73	816	SEA
908	8	492	SEA
908	88	251	SEA
908	90	900	SEA
918	142	598	SEA
918	155	613	SEA
918	157	671	SEA
918	159	79	SEA
918	163	854	SEA
918	230	495	SEA
918	232	140	SEA
918	235	540	SEA
918	238	260	SEA
918	26	497	SEA
918	28	552	SEA
918	31	731	SEA
918	506	1202	SEA
918	57	1590	SEA
918	59	230	SEA
918	73	1165	SEA
918	8	159	SEA
918	88	329	SEA
918	90	960	SEA
920	142	573	SEA
920	155	553	SEA
920	157	611	SEA
920	159	229	SEA
920	163	794	SEA
920	230	435	SEA
920	232	261	SEA
920	235	540	SEA
920	238	200	SEA
920	26	437	SEA
920	28	492	SEA
920	31	1260	SEA
920	506	1222	SEA
920	57	1599	SEA
920	59	194	SEA
920	73	1161	SEA
920	8	219	SEA
920	88	480	SEA
920	90	960	SEA
922	142	600	SEA
922	155	433	SEA
922	157	491	SEA
922	159	559	SEA
922	163	674	SEA
922	230	565	SEA
922	232	320	SEA
922	235	494	SEA
922	238	80	SEA
922	26	317	SEA
922	28	522	SEA
922	31	1260	SEA
922	506	1220	SEA
922	57	1672	SEA
922	59	194	SEA
922	73	1078	SEA
922	8	469	SEA
922	88	431	SEA
922	90	960	SEA
923	142	600	SEA
923	155	333	SEA
923	157	391	SEA
923	159	459	SEA
923	163	574	SEA
923	230	720	SEA
923	232	220	SEA
923	235	394	SEA
923	238	280	SEA
923	26	217	SEA
923	28	720	SEA
923	31	1260	SEA
923	506	1204	SEA
923	57	1668	SEA
923	59	177	SDA
923	73	1177	SEA
923	8	469	SEA
923	88	331	SEA
923	90	960	SEA
924	142	600	SEA
924	155	253	SEA
924	157	540	SEA
924	159	379	SEA
924	163	494	SEA
924	230	720	SEA
924	232	140	SEA
924	235	314	SEA
924	238	175	SEA
924	26	137	SEA
924	28	720	SEA
924	31	1260	SEA
924	506	1249	SEA
924	57	13	SEA
924	59	166	SDA
924	73	1161	SEA
924	8	660	SEA
924	88	251	SEA
924	90	960	SEA
926	142	520	SEA
926	155	153	SEA
926	157	540	SEA
926	159	530	SEA
926	163	609	SEA
926	230	720	SEA
926	232	207	SEA
926	235	479	SEA
926	238	100	SEA
926	26	600	SEA
926	28	720	SEA
926	31	1260	SEA
926	506	1247	SEA
926	57	11	SEA
926	59	178	SDA
926	73	1133	SEA
926	8	660	SEA
926	88	329	SEA
926	90	933	SEA
932	142	200	SEA
932	155	132	SEA
932	157	431	SEA
932	159	439	SEA
932	163	900	SEA
932	230	435	SEA
932	232	199	SEA
932	235	314	SEA
932	238	80	SEA
932	26	317	SEA
932	28	492	SEA
932	31	1211	SEA
932	506	897	SEA
932	57	27	SEA
932	59	135	SEA
932	73	449	SEA
932	8	432	SEA
932	88	311	SEA
932	90	613	SEA
933	142	140	SEA
933	155	72	SEA
933	157	371	SEA
933	159	379	SEA
933	163	900	SEA
933	230	560	SEA
933	232	139	SEA
933	235	254	SEA
933	238	20	SEA
933	26	257	SEA
933	28	432	SEA
933	31	1151	SEA
933	506	962	SEA
933	57	18	SEA
933	59	462	SEA
933	73	470	SEA
933	8	372	SEA
933	88	251	SEA
933	90	553	SEA
936	142	500	SEA
936	155	243	SEA
936	157	540	SEA
936	159	480	SEA
936	163	674	SEA
936	230	720	SEA
936	232	196	SEA
936	235	420	SEA
936	238	140	SEA
936	26	600	SEA
936	28	192	SEA
936	31	911	SEA
936	506	801	SEA
936	57	20	SEA
936	59	625	SEA
936	73	413	SEA
936	8	383	SEA
936	88	11	SEA
936	90	313	SEA
937	142	440	SEA
937	155	253	SEA
937	157	540	SEA
937	159	480	SEA
937	163	614	SEA
937	230	720	SEA
937	232	247	SEA
937	235	374	SEA
937	238	80	SEA
937	26	557	SEA
937	28	720	SEA
937	31	851	SEA
937	506	783	SEA
937	57	36	SEA
937	59	689	SEA
937	73	416	SEA
937	8	660	SEA
937	88	431	SEA
937	90	253	SEA
940	142	260	SEA
940	155	73	SEA
940	157	431	SEA
940	159	379	SEA
940	163	434	SEA
940	230	615	SEA
940	232	139	SEA
940	235	614	SEA
940	238	260	SEA
940	26	377	SEA
940	28	672	SEA
940	31	671	SEA
940	506	759	SEA
940	57	23	SEA
940	59	746	SEA
940	73	469	SEA
940	8	552	SEA
940	88	251	SEA
940	90	960	SEA
941	142	220	SEA
941	155	33	SEA
941	157	391	SEA
941	159	339	SEA
941	163	394	SEA
941	230	575	SEA
941	232	99	SEA
941	235	541	SEA
941	238	220	SEA
941	26	337	SEA
941	28	632	SEA
941	31	631	SEA
941	506	791	SEA
941	57	23	SEA
941	59	760	SEA
941	73	447	SEA
941	8	512	SEA
941	88	211	SEA
941	90	960	SEA
943	142	304	SEA
943	155	613	SEA
943	157	311	SEA
943	159	259	SEA
943	163	314	SEA
943	230	495	SEA
943	232	600	SEA
943	235	74	SEA
943	238	140	SEA
943	26	257	SEA
943	28	552	SEA
943	31	551	SEA
943	506	794	SEA
943	57	31	SEA
943	59	797	SEA
943	73	343	SEA
943	8	432	SEA
943	88	131	SEA
943	90	913	SEA
944	142	304	SEA
944	155	553	SEA
944	157	251	SEA
944	159	660	SEA
944	163	254	SEA
944	230	622	SEA
944	232	559	SEA
944	235	14	SEA
944	238	80	SEA
944	26	197	SEA
944	28	492	SEA
944	31	491	SEA
944	506	804	SEA
944	57	5	SEA
944	59	281	SEA
944	73	341	SEA
944	8	372	SEA
944	88	71	SEA
944	90	853	SEA
950	142	401	SEA
950	155	133	SEA
950	157	371	SEA
950	159	660	SEA
950	163	1634	SEA
950	230	720	SEA
950	232	139	SEA
950	235	435	SEA
950	238	173	SEA
950	26	600	SEA
950	28	660	SEA
950	31	600	SEA
950	506	951	SEA
950	57	1403	SEA
950	59	439	SEA
950	73	669	SEA
950	8	612	SEA
950	88	773	SEA
950	90	960	SEA
952	142	540	SEA
952	155	13	SEA
952	157	251	SEA
952	159	536	SEA
952	163	1200	SEA
952	230	615	SEA
952	232	266	SDA
952	235	420	SEA
952	238	253	SDA
952	26	600	SEA
952	28	612	SEA
952	31	540	SEA
952	506	956	SEA
952	57	1463	SEA
952	59	421	SEA
952	73	680	SEA
952	8	492	SEA
952	88	480	SEA
952	90	420	SEA
953	142	540	SEA
953	155	632	SEA
953	157	417	SEA
953	159	660	SEA
953	163	1174	SEA
953	230	575	SEA
953	232	400	SEA
953	235	275	SEA
953	238	160	SEA
953	26	600	SEA
953	28	572	SEA
953	31	540	SEA
953	506	917	SEA
953	57	1455	SEA
953	59	415	SEA
953	73	724	SEA
953	8	452	SEA
953	88	480	SEA
953	90	960	SEA
965	142	440	SEA
965	155	742	SEA
965	157	600	SEA
965	159	600	SEA
965	163	840	SEA
965	230	615	SEA
965	232	20	SEA
965	235	264	SDA
965	238	226	SEA
965	26	737	SEA
965	28	552	SEA
965	31	431	SEA
965	506	868	SEA
965	57	1221	SEA
965	59	1015	SEA
965	73	370	SEA
965	8	432	SEA
965	88	732	SEA
965	90	420	SEA
967	142	320	SEA
967	155	600	SEA
967	157	600	SEA
967	159	600	SEA
967	163	840	SEA
967	230	495	SEA
967	232	262	SEA
967	235	255	SEA
967	238	198	SEA
967	26	600	SEA
967	28	432	SEA
967	31	311	SEA
967	506	830	SEA
967	57	1318	SEA
967	59	306	SEA
967	73	333	SEA
967	8	458	SEA
967	88	231	SEA
967	90	420	SEA
972	142	580	SEA
972	155	289	SEA
972	157	271	SEA
972	159	399	SEA
972	163	840	SEA
972	230	720	SEA
972	232	280	SEA
972	235	275	SEA
972	238	257	SDA
972	26	600	SEA
972	28	660	SEA
972	31	511	SEA
972	506	1091	SEA
972	57	1421	SEA
972	59	438	SEA
972	73	703	SEA
972	8	632	SEA
972	88	394	SEA
972	90	420	SEA
986	142	320	SEA
986	155	1212	SEA
986	157	600	SEA
986	159	342	SEA
986	163	720	SEA
986	230	720	SEA
986	232	320	SEA
986	235	134	SEA
986	238	80	SEA
986	26	600	SEA
986	28	552	SEA
986	31	611	SEA
986	506	1157	SEA
986	57	675	SEA
986	59	661	SEA
986	73	631	SEA
986	8	312	SEA
986	88	552	SEA
986	90	748	SEA
987	142	1080	SEA
987	155	1152	SEA
987	157	551	SEA
987	159	1680	SEA
987	163	854	SEA
987	230	675	SEA
987	232	260	SEA
987	235	271	SEA
987	238	20	SEA
987	26	600	SEA
987	28	492	SEA
987	31	551	SEA
987	506	1132	SEA
987	57	579	SEA
987	59	649	SEA
987	73	605	SEA
987	8	252	SEA
987	88	492	SEA
987	90	748	SEA
989	142	1080	SEA
989	155	1181	SEA
989	157	491	SEA
989	159	1639	SEA
989	163	794	SEA
989	230	615	SEA
989	232	200	SEA
989	235	631	SEA
989	238	260	SEA
989	26	600	SEA
989	28	432	SEA
989	31	491	SEA
989	506	1091	SEA
989	57	955	SEA
989	59	644	SEA
989	73	567	SEA
989	8	192	SEA
989	88	432	SEA
989	90	1	SEA
992	142	1080	SEA
992	155	900	SEA
992	157	311	SEA
992	159	1459	SEA
992	163	812	SEA
992	230	632	SEA
992	232	198	SEA
992	235	194	SEA
992	238	80	SEA
992	26	600	SEA
992	28	468	SEA
992	31	547	SEA
992	506	1189	SEA
992	57	722	SEA
992	59	611	SEA
992	73	502	SEA
992	8	255	SEA
992	88	428	SEA
992	90	1	SEA
1000	142	480	SEA
1000	155	900	SEA
1000	157	371	SEA
1000	159	540	SEA
1000	163	720	SEA
1000	230	615	SEA
1000	232	260	SEA
1000	235	14	SEA
1000	238	251	SEA
1000	26	377	SEA
1000	28	671	SEA
1000	31	911	SEA
1000	506	1292	SEA
1000	57	774	SEA
1000	59	478	SEA
1000	73	497	SEA
1000	8	432	SEA
1000	88	192	SEA
1000	90	253	SEA
1006	142	480	SEA
1006	155	900	SEA
1006	157	540	SEA
1006	159	540	SEA
1006	163	434	SEA
1006	230	720	SEA
1006	232	260	SEA
1006	235	73	SEA
1006	238	140	SEA
1006	26	600	SEA
1006	28	840	SEA
1006	31	718	SEA
1006	506	1336	SEA
1006	57	884	SEA
1006	59	536	SEA
1006	73	527	SEA
1006	8	324	SEA
1006	88	251	SEA
1006	90	373	SEA
1007	142	480	SEA
1007	155	900	SEA
1007	157	540	SEA
1007	159	540	SEA
1007	163	434	SEA
1007	230	720	SEA
1007	232	260	SEA
1007	235	73	SEA
1007	238	140	SEA
1007	26	600	SEA
1007	28	840	SEA
1007	31	718	SEA
1007	506	1336	SEA
1007	57	884	SEA
1007	59	536	SEA
1007	73	527	SEA
1007	8	324	SEA
1007	88	251	SEA
1007	90	373	SEA
1008	142	480	SEA
1008	155	852	SEA
1008	157	491	SEA
1008	159	540	SEA
1008	163	374	SEA
1008	230	720	SEA
1008	232	200	SEA
1008	235	197	SEA
1008	238	80	SEA
1008	26	660	SEA
1008	28	840	SEA
1008	31	718	SEA
1008	506	1354	SEA
1008	57	845	SEA
1008	59	660	SEA
1008	73	562	SEA
1008	8	541	SEA
1008	88	191	SEA
1008	90	313	SEA
1010	142	480	SEA
1010	155	752	SEA
1010	157	391	SEA
1010	159	540	SEA
1010	163	460	SEA
1010	230	720	SEA
1010	232	100	SEA
1010	235	333	SEA
1010	238	340	SEA
1010	26	660	SEA
1010	28	840	SEA
1010	31	841	SEA
1010	506	1382	SEA
1010	57	886	SEA
1010	59	768	SEA
1010	73	551	SEA
1010	8	453	SEA
1010	88	223	SEA
1010	90	213	SEA
1013	142	300	SEA
1013	155	638	SEA
1013	157	171	SEA
1013	159	540	SEA
1013	163	539	SEA
1013	230	595	SEA
1013	232	180	SEA
1013	235	352	SEA
1013	238	120	SEA
1013	26	237	SEA
1013	28	652	SEA
1013	31	841	SEA
1013	506	893	SEA
1013	57	925	SEA
1013	59	847	SEA
1013	73	471	SEA
1013	8	356	SEA
1013	88	291	SEA
1013	90	473	SEA
1014	142	364	SEA
1014	155	638	SEA
1014	157	540	SEA
1014	159	540	SEA
1014	163	539	SEA
1014	230	495	SEA
1014	232	80	SEA
1014	235	481	SEA
1014	238	20	SEA
1014	26	137	SEA
1014	28	552	SEA
1014	31	841	SEA
1014	506	828	SEA
1014	57	879	SEA
1014	59	800	SEA
1014	73	465	SEA
1014	8	356	SEA
1014	88	191	SEA
1014	90	373	SEA
1016	142	480	SEA
1016	155	900	SEA
1016	157	491	SEA
1016	159	499	SEA
1016	163	433	SEA
1016	230	551	SEA
1016	232	177	SEA
1016	235	420	SEA
1016	238	140	SEA
1016	26	660	SEA
1016	28	840	SEA
1016	31	792	SEA
1016	506	705	SEA
1016	57	862	SEA
1016	59	526	SEA
1016	73	626	SEA
1016	8	540	SEA
1016	88	256	SEA
1016	90	253	SEA
1019	142	440	SEA
1019	155	900	SEA
1019	157	371	SEA
1019	159	379	SEA
1019	163	313	SEA
1019	230	720	SEA
1019	232	200	SEA
1019	235	254	SEA
1019	238	20	SEA
1019	26	557	SEA
1019	28	840	SEA
1019	31	672	SEA
1019	506	689	SEA
1019	57	806	SEA
1019	59	492	SEA
1019	73	735	SEA
1019	8	433	SEA
1019	88	371	SEA
1019	90	248	SEA
1023	142	381	SEA
1023	155	852	SEA
1023	157	540	SEA
1023	159	331	SEA
1023	163	360	SEA
1023	230	720	SEA
1023	232	440	SEA
1023	235	420	SEA
1023	238	140	SEA
1023	26	317	SEA
1023	28	840	SEA
1023	31	616	SEA
1023	506	581	SDA
1023	57	762	SDA
1023	59	702	SEA
1023	73	460	SEA
1023	8	365	SEA
1023	88	131	SEA
1023	90	373	SEA
1026	142	440	SEA
1026	155	676	SEA
1026	157	431	SEA
1026	159	439	SEA
1026	163	193	SEA
1026	230	495	SEA
1026	232	862	SEA
1026	235	194	SEA
1026	238	80	SEA
1026	26	600	SEA
1026	28	672	SEA
1026	31	660	SEA
1026	506	686	SDA
1026	57	794	SEA
1026	59	757	SEA
1026	73	477	SEA
1026	8	493	SEA
1026	88	432	SEA
1026	90	326	SEA
1028	142	559	SEA
1028	155	675	SEA
1028	157	511	SEA
1028	159	319	SEA
1028	163	553	SEA
1028	230	636	SEA
1028	232	814	SEA
1028	235	74	SEA
1028	238	200	SEA
1028	26	600	SEA
1028	28	552	SEA
1028	31	660	SEA
1028	506	699	SDA
1028	57	684	SEA
1028	59	798	SEA
1028	73	471	SEA
1028	8	373	SEA
1028	88	312	SEA
1028	90	420	SEA
1033	142	360	SEA
1033	155	900	SEA
1033	157	540	SEA
1033	159	19	SEA
1033	163	253	SEA
1033	230	720	SEA
1033	232	260	SEA
1033	235	360	SEA
1033	238	198	SEA
1033	26	600	SEA
1033	28	780	SEA
1033	31	432	SEA
1033	506	922	SDA
1033	57	841	SDA
1033	59	568	SEA
1033	73	816	SEA
1033	8	539	SEA
1033	88	660	SEA
1033	90	310	SEA
1037	142	360	SEA
1037	155	900	SEA
1037	157	371	SEA
1037	159	619	SEA
1037	163	601	SEA
1037	230	615	SEA
1037	232	318	SEA
1037	235	314	SEA
1037	238	200	SEA
1037	26	77	SEA
1037	28	780	SEA
1037	31	377	SEA
1037	506	885	SDA
1037	57	780	SDA
1037	59	696	SEA
1037	73	913	SEA
1037	8	432	SEA
1037	88	492	SEA
1037	90	373	SEA
1040	142	259	SEA
1040	155	732	SEA
1040	157	191	SEA
1040	159	439	SEA
1040	163	494	SEA
1040	230	435	SEA
1040	232	320	SEA
1040	235	134	SEA
1040	238	20	SEA
1040	26	497	SEA
1040	28	672	SEA
1040	31	719	SEA
1040	506	1205	SEA
1040	57	842	SDA
1040	59	730	SEA
1040	73	838	SEA
1040	8	377	SEA
1040	88	312	SEA
1040	90	193	SEA
1042	142	119	SEA
1042	155	592	SEA
1042	157	540	SEA
1042	159	299	SEA
1042	163	354	SEA
1042	230	600	SEA
1042	232	180	SEA
1042	235	207	SEA
1042	238	185	SEA
1042	26	357	SEA
1042	28	532	SEA
1042	31	651	SEA
1042	506	1071	SEA
1042	57	975	SEA
1042	59	682	SEA
1042	73	744	SEA
1042	8	360	SEA
1042	88	660	SEA
1042	90	53	SEA
1048	142	580	SEA
1048	155	900	SEA
1048	157	478	SEA
1048	159	519	SEA
1048	163	204	SEA
1048	230	515	SEA
1048	232	280	SEA
1048	235	578	SDA
1048	238	40	SEA
1048	26	600	SEA
1048	28	660	SEA
1048	31	600	SEA
1048	506	1247	SEA
1048	57	888	SEA
1048	59	707	SEA
1048	73	1418	SEA
1048	8	92	SEA
1048	88	452	SEA
1048	90	93	SEA
1049	142	252	SEA
1049	155	900	SEA
1049	157	540	SEA
1049	159	439	SEA
1049	163	1094	SEA
1049	230	435	SEA
1049	232	386	SEA
1049	235	254	SEA
1049	238	560	SEA
1049	26	497	SEA
1049	28	660	SEA
1049	31	600	SEA
1049	506	1318	SEA
1049	57	855	SEA
1049	59	746	SEA
1049	73	1427	SEA
1049	8	109	SEA
1049	88	480	SEA
1049	90	13	SEA
1051	142	480	SEA
1051	155	900	SEA
1051	157	540	SEA
1051	159	319	SEA
1051	163	974	SEA
1051	230	529	SEA
1051	232	240	SEA
1051	235	134	SEA
1051	238	440	SEA
1051	26	600	SEA
1051	28	612	SEA
1051	31	600	SEA
1051	506	1233	SEA
1051	57	824	SEA
1051	59	924	SEA
1051	73	1464	SEA
1051	8	216	SEA
1051	88	480	SEA
1051	90	313	SEA
1053	142	480	SEA
1053	155	872	SEA
1053	157	511	SEA
1053	159	279	SEA
1053	163	934	SEA
1053	230	530	SEA
1053	232	240	SEA
1053	235	298	SEA
1053	238	400	SEA
1053	26	600	SEA
1053	28	572	SEA
1053	31	600	SEA
1053	506	1015	SEA
1053	57	890	SEA
1053	59	953	SEA
1053	73	1482	SEA
1053	8	212	SEA
1053	88	599	SEA
1053	90	273	SEA
1057	142	480	SEA
1057	155	686	SEA
1057	157	251	SEA
1057	159	600	SEA
1057	163	600	SEA
1057	230	600	SEA
1057	232	20	SEA
1057	235	194	SEA
1057	238	240	SEA
1057	26	600	SEA
1057	28	312	SEA
1057	31	371	SEA
1057	506	1057	SEA
1057	57	771	SDA
1057	59	807	SEA
1057	73	892	SEA
1057	8	217	SEA
1057	88	551	SEA
1057	90	245	SEA
1059	142	380	SEA
1059	155	685	SEA
1059	157	540	SEA
1059	159	439	SEA
1059	163	600	SEA
1059	230	435	SEA
1059	232	200	SEA
1059	235	627	SEA
1059	238	200	SEA
1059	26	660	SEA
1059	28	660	SEA
1059	31	413	SDA
1059	506	855	SEA
1059	57	937	SEA
1059	59	827	SEA
1059	73	1024	SEA
1059	8	132	SEA
1059	88	371	SEA
1059	90	313	SEA
1063	142	160	SEA
1063	155	900	SEA
1063	157	391	SEA
1063	159	600	SEA
1063	163	600	SEA
1063	230	471	SEA
1063	232	247	SEA
1063	235	154	SEA
1063	238	220	SEA
1063	26	660	SEA
1063	28	572	SEA
1063	31	571	SEA
1063	506	932	SEA
1063	57	893	SEA
1063	59	795	SDA
1063	73	1077	SEA
1063	8	272	SEA
1063	88	312	SEA
1063	90	317	SEA
1064	142	80	SEA
1064	155	900	SEA
1064	157	311	SEA
1064	159	600	SEA
1064	163	600	SEA
1064	230	600	SEA
1064	232	320	SEA
1064	235	74	SEA
1064	238	221	SEA
1064	26	660	SEA
1064	28	492	SEA
1064	31	491	SEA
1064	506	908	SEA
1064	57	916	SEA
1064	59	781	SDA
1064	73	1012	SEA
1064	8	192	SEA
1064	88	312	SEA
1064	90	600	SEA
1067	142	208	SEA
1067	155	900	SEA
1067	157	540	SEA
1067	159	600	SEA
1067	163	600	SEA
1067	230	600	SEA
1067	232	200	SEA
1067	235	314	SEA
1067	238	20	SEA
1067	26	660	SEA
1067	28	509	SEA
1067	31	371	SEA
1067	506	903	SEA
1067	57	1452	SEA
1067	59	779	SDA
1067	73	966	SEA
1067	8	206	SEA
1067	88	431	SEA
1067	90	493	SEA
1069	142	360	SEA
1069	155	832	SEA
1069	157	540	SEA
1069	159	539	SEA
1069	163	594	SEA
1069	230	535	SEA
1069	232	303	SEA
1069	235	234	SEA
1069	238	180	SEA
1069	26	657	SEA
1069	28	509	SEA
1069	31	291	SEA
1069	506	893	SEA
1069	57	1384	SEA
1069	59	875	SEA
1069	73	958	SEA
1069	8	214	SEA
1069	88	351	SEA
1069	90	413	SEA
1071	142	352	SEA
1071	155	612	SEA
1071	157	431	SEA
1071	159	319	SEA
1071	163	374	SEA
1071	230	315	SEA
1071	232	320	SEA
1071	235	420	SEA
1071	238	200	SEA
1071	26	660	SEA
1071	28	660	SEA
1071	31	660	SEA
1071	506	949	SDA
1071	57	1324	SEA
1071	59	350	SEA
1071	73	967	SEA
1071	8	1152	SEA
1071	88	325	SEA
1071	90	407	SEA
1074	142	440	SEA
1074	155	900	SEA
1074	157	251	SEA
1074	159	139	SEA
1074	163	194	SEA
1074	230	392	SEA
1074	232	560	SEA
1074	235	254	SEA
1074	238	20	SEA
1074	26	257	SEA
1074	28	552	SEA
1074	31	551	SEA
1074	506	963	SDA
1074	57	1312	SEA
1074	59	284	SEA
1074	73	951	SEA
1074	8	540	SEA
1074	88	491	SEA
1074	90	600	SEA
1075	142	380	SEA
1075	155	900	SEA
1075	157	840	SEA
1075	159	79	SEA
1075	163	134	SEA
1075	230	600	SEA
1075	232	500	SEA
1075	235	194	SEA
1075	238	140	SEA
1075	26	197	SEA
1075	28	492	SEA
1075	31	491	SEA
1075	506	953	SDA
1075	57	1330	SEA
1075	59	285	SEA
1075	73	1013	SEA
1075	8	540	SEA
1075	88	431	SEA
1075	90	553	SEA
1090	142	480	SEA
1090	155	647	SEA
1090	157	751	SEA
1090	159	459	SEA
1090	163	574	SEA
1090	230	455	SEA
1090	232	40	SEA
1090	235	274	SEA
1090	238	160	SEA
1090	26	600	SEA
1090	28	667	SEA
1090	31	332	SEA
1090	506	964	SDA
1090	57	773	SDA
1090	59	763	SEA
1090	73	508	SEA
1090	8	92	SEA
1090	88	540	SEA
1090	90	393	SEA
1093	142	320	SEA
1093	155	1080	SEA
1093	157	551	SEA
1093	159	259	SEA
1093	163	374	SEA
1093	230	255	SEA
1093	232	249	SEA
1093	235	420	SEA
1093	238	200	SEA
1093	26	437	SEA
1093	28	840	SEA
1093	31	660	SEA
1093	506	1109	SEA
1093	57	850	SDA
1093	59	419	SEA
1093	73	540	SEA
1093	8	182	SEA
1093	88	491	SEA
1093	90	456	SEA
1099	142	460	SEA
1099	155	992	SEA
1099	157	1080	SEA
1099	159	579	SEA
1099	163	660	SEA
1099	230	515	SEA
1099	232	160	SEA
1099	235	154	SEA
1099	238	223	SDA
1099	26	600	SEA
1099	28	812	SEA
1099	31	452	SEA
1099	506	1022	SEA
1099	57	895	SDA
1099	59	489	SEA
1099	73	460	SEA
1099	8	307	SEA
1099	88	359	SEA
1099	90	513	SEA
1103	142	395	SEA
1103	155	672	SEA
1103	157	971	SEA
1103	159	660	SEA
1103	163	374	SEA
1103	230	195	SEA
1103	232	140	SEA
1103	235	254	SEA
1103	238	20	SEA
1103	26	377	SEA
1103	28	632	SEA
1103	31	660	SEA
1103	506	785	SEA
1103	57	598	SEA
1103	59	487	SEA
1103	73	559	SDA
1103	8	792	SEA
1103	88	371	SEA
1103	90	449	SEA
1105	142	480	SEA
1105	155	760	SEA
1105	157	1037	SEA
1105	159	660	SEA
1105	163	446	SEA
1105	230	600	SEA
1105	232	20	SEA
1105	235	663	SEA
1105	238	80	SEA
1105	26	257	SEA
1105	28	1080	SEA
1105	31	660	SEA
1105	506	795	SEA
1105	57	563	SEA
1105	59	629	SEA
1105	73	548	SDA
1105	8	854	SEA
1105	88	251	SEA
1105	90	660	SEA
1108	142	380	SEA
1108	155	1201	SEA
1108	157	1080	SEA
1108	159	619	SEA
1108	163	1320	SEA
1108	230	495	SEA
1108	232	140	SEA
1108	235	300	SEA
1108	238	20	SEA
1108	26	660	SEA
1108	28	1080	SEA
1108	31	492	SEA
1108	506	734	SDA
1108	57	497	SEA
1108	59	784	SEA
1108	73	451	SEA
1108	8	480	SEA
1108	88	313	SEA
1108	90	553	SEA
1112	142	200	SEA
1112	155	1201	SEA
1112	157	1080	SEA
1112	159	439	SEA
1112	163	1214	SEA
1112	230	315	SEA
1112	232	214	SEA
1112	235	300	SEA
1112	238	169	SEA
1112	26	720	SEA
1112	28	1080	SEA
1112	31	312	SEA
1112	506	1327	SEA
1112	57	493	SEA
1112	59	777	SEA
1112	73	483	SEA
1112	8	480	SEA
1112	88	551	SEA
1112	90	476	SEA
1119	142	264	SEA
1119	155	1200	SEA
1119	157	1080	SEA
1119	159	660	SEA
1119	163	840	SEA
1119	230	495	SEA
1119	232	232	SEA
1119	235	314	SEA
1119	238	140	SEA
1119	26	720	SEA
1119	28	888	SEA
1119	31	552	SEA
1119	506	1377	SEA
1119	57	820	SDA
1119	59	729	SEA
1119	73	800	SEA
1119	8	372	SEA
1119	88	720	SEA
1119	90	613	SEA
1127	142	200	SEA
1127	155	1200	SEA
1127	157	1080	SEA
1127	159	199	SEA
1127	163	840	SEA
1127	230	600	SEA
1127	232	140	SEA
1127	235	194	SEA
1127	238	140	SEA
1127	26	720	SEA
1127	28	1080	SEA
1127	31	72	SEA
1127	506	1276	SDA
1127	57	997	SDA
1127	59	832	SEA
1127	73	296	SEA
1127	8	492	SEA
1127	88	558	SEA
1127	90	660	SEA
1130	142	440	SEA
1130	155	1200	SEA
1130	157	1080	SEA
1130	159	619	SEA
1130	163	840	SEA
1130	230	600	SEA
1130	232	182	SEA
1130	235	314	SEA
1130	238	140	SEA
1130	26	720	SEA
1130	28	1032	SEA
1130	31	1752	SEA
1130	506	1316	SDA
1130	57	932	SDA
1130	59	856	SEA
1130	73	403	SEA
1130	8	426	SEA
1130	88	720	SEA
1130	90	553	SEA
1132	142	340	SEA
1132	155	1200	SEA
1132	157	1080	SEA
1132	159	519	SEA
1132	163	814	SEA
1132	230	275	SEA
1132	232	160	SEA
1132	235	360	SEA
1132	238	40	SEA
1132	26	720	SEA
1132	28	932	SEA
1132	31	1652	SEA
1132	506	1384	SDA
1132	57	942	SDA
1132	59	804	SEA
1132	73	406	SEA
1132	8	600	SEA
1132	88	720	SEA
1132	90	453	SEA
1136	142	480	SEA
1136	155	1153	SEA
1136	157	1080	SEA
1136	159	319	SEA
1136	163	614	SEA
1136	230	600	SEA
1136	232	440	SEA
1136	235	14	SEA
1136	238	20	SEA
1136	26	557	SEA
1136	28	893	SEA
1136	31	960	SEA
1136	506	1443	SDA
1136	57	979	SDA
1136	59	866	SEA
1136	73	307	SEA
1136	8	552	SEA
1136	88	551	SEA
1136	90	253	SEA
1140	142	380	SEA
1140	155	913	SEA
1140	157	971	SEA
1140	159	600	SEA
1140	163	374	SEA
1140	230	435	SEA
1140	232	395	SEA
1140	235	134	SEA
1140	238	20	SEA
1140	26	317	SEA
1140	28	1020	SEA
1140	31	960	SEA
1140	506	1420	SDA
1140	57	875	SDA
1140	59	966	SEA
1140	73	942	SEA
1140	8	312	SEA
1140	88	720	SEA
1140	90	720	SEA
1146	142	660	SEA
1146	155	573	SEA
1146	157	1080	SEA
1146	159	339	SEA
1146	163	840	SEA
1146	230	600	SEA
1146	232	340	SEA
1146	235	514	SEA
1146	238	100	SEA
1146	26	660	SEA
1146	28	1020	SEA
1146	31	872	SEA
1146	506	1018	SEA
1146	57	816	SDA
1146	59	1045	SEA
1146	73	303	SEA
1146	8	572	SEA
1146	88	691	SEA
1146	90	550	SEA
1149	142	440	SEA
1149	155	1020	SEA
1149	157	1080	SEA
1149	159	79	SEA
1149	163	614	SEA
1149	230	435	SEA
1149	232	480	SEA
1149	235	360	SEA
1149	238	252	SEA
1149	26	660	SEA
1149	28	912	SEA
1149	31	800	SEA
1149	506	1048	SEA
1149	57	770	SDA
1149	59	991	SEA
1149	73	337	SEA
1149	8	312	SEA
1149	88	560	SEA
1149	90	720	SEA
1153	142	320	SEA
1153	155	1020	SEA
1153	157	1080	SEA
1153	159	439	SEA
1153	163	374	SEA
1153	230	195	SEA
1153	232	320	SEA
1153	235	660	SEA
1153	238	20	SEA
1153	26	197	SEA
1153	28	818	SEA
1153	31	960	SEA
1153	506	1168	SEA
1153	57	113	SEA
1153	59	1012	SEA
1153	73	271	SEA
1153	8	720	SEA
1153	88	660	SEA
1153	90	613	SEA
1154	142	280	SEA
1154	155	1020	SEA
1154	157	1080	SEA
1154	159	399	SEA
1154	163	334	SEA
1154	230	155	SEA
1154	232	280	SEA
1154	235	660	SEA
1154	238	160	SEA
1154	26	660	SEA
1154	28	818	SEA
1154	31	960	SEA
1154	506	1152	SEA
1154	57	67	SEA
1154	59	1054	SEA
1154	73	362	SEA
1154	8	720	SEA
1154	88	660	SEA
1154	90	573	SEA
1157	142	140	SEA
1157	155	913	SEA
1157	157	1031	SEA
1157	159	259	SEA
1157	163	313	SEA
1157	230	600	SEA
1157	232	350	SEA
1157	235	194	SEA
1157	238	20	SEA
1157	26	660	SEA
1157	28	760	SEA
1157	31	960	SEA
1157	506	1126	SEA
1157	57	88	SEA
1157	59	1078	SEA
1157	73	378	SEA
1157	8	612	SEA
1157	88	660	SEA
1157	90	564	SEA
1164	142	320	SEA
1164	155	1500	SEA
1164	157	1080	SEA
1164	159	439	SEA
1164	163	793	SEA
1164	230	720	SEA
1164	232	251	SEA
1164	235	434	SEA
1164	238	140	SEA
1164	26	257	SEA
1164	28	1080	SEA
1164	31	732	SEA
1164	506	1327	SEA
1164	57	91	SEA
1164	59	971	SEA
1164	73	635	SEA
1164	8	1200	SEA
1164	88	501	SEA
1164	90	780	SEA
1168	142	600	SEA
1168	155	1500	SEA
1168	157	1080	SEA
1168	159	325	SEA
1168	163	493	SEA
1168	230	615	SEA
1168	232	140	SEA
1168	235	660	SEA
1168	238	211	SEA
1168	26	617	SEA
1168	28	852	SEA
1168	31	432	SEA
1168	506	1373	SDA
1168	57	440	SEA
1168	59	959	SEA
1168	73	1091	SEA
1168	8	1092	SEA
1168	88	611	SEA
1168	90	630	SEA
1181	142	520	SEA
1181	157	1140	SEA
1181	159	579	SEA
1181	163	333	SEA
1181	230	575	SEA
1181	232	400	SEA
1181	235	1320	SEA
1181	238	40	SEA
1181	26	517	SEA
1181	28	1080	SEA
1181	31	792	SEA
1181	506	1567	SDA
1181	57	809	SEA
1181	59	1052	SEA
1181	73	336	SEA
1181	8	1320	SEA
1181	88	512	SEA
1181	90	573	SEA
1183	142	380	SEA
1183	155	1559	SEA
1183	157	1140	SEA
1183	159	439	SEA
1183	163	193	SEA
1183	230	630	SEA
1183	232	460	SEA
1183	235	780	SEA
1183	238	140	SEA
1183	26	377	SEA
1183	28	1032	SEA
1183	31	758	SEA
1183	506	1551	SDA
1183	57	309	SDA
1183	59	746	SEA
1183	73	212	SEA
1183	8	1320	SEA
1183	88	536	SEA
1183	90	433	SEA
1188	142	900	SEA
1188	155	1559	SEA
1188	157	1140	SEA
1188	159	199	SEA
1188	163	253	SEA
1188	230	720	SEA
1188	232	540	SEA
1188	235	1230	SDA
1188	238	140	SEA
1188	26	137	SEA
1188	28	792	SEA
1188	31	959	SEA
1188	506	1147	SEA
1188	57	219	SDA
1188	59	776	SEA
1188	73	233	SEA
1188	8	1272	SEA
1188	88	660	SEA
1188	90	1200	SEA
1190	142	900	SEA
1190	155	1559	SEA
1190	157	1140	SEA
1190	159	79	SEA
1190	163	133	SEA
1190	230	720	SEA
1190	232	440	SEA
1190	235	780	SEA
1190	238	20	SEA
1190	26	660	SEA
1190	28	672	SEA
1190	31	1141	SEA
1190	506	1155	SEA
1190	57	356	SDA
1190	59	753	SEA
1190	73	232	SEA
1190	8	1152	SEA
1190	88	660	SEA
1190	90	1200	SEA
1200	142	380	SEA
1200	155	1452	SEA
1200	157	900	SEA
1200	159	499	SEA
1200	163	674	SEA
1200	230	720	SEA
1200	232	500	SEA
1200	235	780	SEA
1200	238	20	SEA
1200	26	137	SEA
1200	28	840	SEA
1200	31	551	SEA
1200	506	1016	SEA
1200	57	642	SEA
1200	59	936	SEA
1200	73	685	SEA
1200	8	1500	SEA
1200	88	660	SEA
1200	90	1200	SEA
1205	142	900	SEA
1205	155	1092	SEA
1205	157	900	SEA
1205	159	960	SEA
1205	163	660	SEA
1205	230	615	SEA
1205	232	600	SEA
1205	235	734	SEA
1205	238	189	SEA
1205	26	437	SEA
1205	28	612	SEA
1205	31	191	SEA
1205	506	1185	SEA
1205	57	1166	SDA
1205	59	824	SEA
1205	73	847	SEA
1205	8	1500	SEA
1205	88	432	SEA
1205	90	1200	SEA
1209	142	680	SEA
1209	155	1080	SEA
1209	157	900	SEA
1209	159	859	SEA
1209	163	660	SEA
1209	230	611	SEA
1209	232	500	SEA
1209	235	494	SEA
1209	238	80	SEA
1209	26	780	SEA
1209	28	580	SEA
1209	31	1092	SEA
1209	506	1083	SEA
1209	57	1221	SDA
1209	59	818	SEA
1209	73	856	SEA
1209	8	1500	SEA
1209	88	459	SEA
1209	90	1200	SEA
1210	142	620	SEA
1210	155	1080	SEA
1210	157	900	SEA
1210	159	799	SEA
1210	163	660	SEA
1210	230	720	SEA
1210	232	440	SEA
1210	235	780	SEA
1210	238	20	SEA
1210	26	780	SEA
1210	28	574	SEA
1210	31	1032	SEA
1210	506	1091	SEA
1210	57	1169	SDA
1210	59	806	SEA
1210	73	858	SEA
1210	8	1452	SEA
1210	88	390	SEA
1210	90	1200	SEA
1214	142	320	SEA
1214	155	1080	SEA
1214	157	671	SEA
1214	159	960	SEA
1214	163	374	SEA
1214	230	720	SEA
1214	232	600	SEA
1214	235	780	SEA
1214	238	20	SEA
1214	26	780	SEA
1214	28	840	SEA
1214	31	972	SEA
1214	506	1482	SEA
1214	57	650	SEA
1214	59	694	SEA
1214	73	680	SEA
1214	8	1333	SEA
1214	88	1151	SEA
1214	90	973	SEA
1228	142	900	SEA
1228	155	855	SEA
1228	157	631	SEA
1228	159	854	SEA
1228	163	214	SEA
1228	230	635	SEA
1228	232	520	SEA
1228	235	994	SEA
1228	238	220	SEA
1228	26	577	SEA
1228	28	780	SEA
1228	31	1052	SEA
1228	506	1397	SEA
1228	57	687	SEA
1228	59	1007	SEA
1228	73	401	SEA
1228	8	1140	SEA
1228	88	508	SEA
1228	90	1200	SEA
1239	142	620	SEA
1239	155	1020	SEA
1239	157	780	SEA
1239	159	900	SEA
1239	163	900	SEA
1239	230	675	SEA
1239	232	500	SEA
1239	235	1740	SEA
1239	238	140	SEA
1239	26	677	SEA
1239	28	960	SEA
1239	31	1140	SEA
1239	506	1279	SEA
1239	57	657	SEA
1239	59	721	SEA
1239	73	284	SEA
1239	8	1020	SEA
1239	88	472	SEA
1239	90	1200	SEA
1240	142	580	SEA
1240	155	1020	SEA
1240	157	780	SEA
1240	159	819	SEA
1240	163	900	SEA
1240	230	635	SEA
1240	232	460	SEA
1240	235	1740	SEA
1240	238	100	SEA
1240	26	637	SEA
1240	28	960	SEA
1240	31	1140	SEA
1240	506	1306	SEA
1240	57	657	SEA
1240	59	767	SEA
1240	73	284	SEA
1240	8	1020	SEA
1240	88	473	SEA
1240	90	1200	SEA
1243	142	440	SEA
1243	155	1020	SEA
1243	157	780	SEA
1243	159	679	SEA
1243	163	900	SEA
1243	230	495	SEA
1243	232	320	SEA
1243	235	1740	SEA
1243	238	260	SEA
1243	26	497	SEA
1243	28	912	SEA
1243	31	1140	SEA
1243	506	1317	SEA
1243	57	651	SEA
1243	59	742	SEA
1243	73	560	SEA
1243	8	1020	SEA
1243	88	660	SEA
1243	90	1200	SEA
1248	142	140	SEA
1248	155	823	SEA
1248	157	780	SEA
1248	159	900	SEA
1248	163	614	SEA
1248	230	720	SEA
1248	232	720	SEA
1248	235	1574	SEA
1248	238	260	SEA
1248	26	720	SEA
1248	28	612	SEA
1248	31	1032	SEA
1248	506	1323	SEA
1248	57	816	SEA
1248	59	981	SEA
1248	73	435	SEA
1248	8	1020	SEA
1248	88	491	SEA
1248	90	1200	SEA
1252	142	760	SEA
1252	155	1020	SEA
1252	157	751	SEA
1252	159	900	SEA
1252	163	334	SEA
1252	230	635	SEA
1252	232	460	SEA
1252	235	900	SEA
1252	238	280	SEA
1252	26	637	SEA
1252	28	1020	SEA
1252	31	955	SDA
1252	506	1418	SEA
1252	57	793	SEA
1252	59	1003	SEA
1252	73	506	SEA
1252	8	1020	SEA
1252	88	660	SEA
1252	90	1113	SEA
1255	142	806	SEA
1255	155	1020	SEA
1255	157	571	SEA
1255	159	819	SEA
1255	163	154	SEA
1255	230	455	SEA
1255	232	660	SEA
1255	235	900	SEA
1255	238	100	SEA
1255	26	457	SEA
1255	28	1020	SEA
1255	31	960	SEA
1255	506	1430	SEA
1255	57	785	SEA
1255	59	993	SEA
1255	73	477	SEA
1255	8	872	SEA
1255	88	660	SEA
1255	90	1078	SEA
1257	142	900	SEA
1257	155	960	SEA
1257	157	702	SEA
1257	159	739	SEA
1257	163	900	SEA
1257	230	604	SEA
1257	232	660	SEA
1257	235	900	SEA
1257	238	20	SEA
1257	26	377	SEA
1257	28	1020	SEA
1257	31	960	SEA
1257	506	1436	SEA
1257	57	777	SEA
1257	59	992	SEA
1257	73	455	SEA
1257	8	792	SEA
1257	88	611	SEA
1257	90	1380	SEA
1264	142	900	SEA
1264	155	850	SEA
1264	157	720	SEA
1264	159	900	SEA
1264	163	959	SEA
1264	230	695	SEA
1264	232	460	SEA
1264	235	900	SEA
1264	238	209	SEA
1264	26	660	SEA
1264	28	960	SEA
1264	31	960	SEA
1264	506	1185	SEA
1264	57	1117	SEA
1264	59	1080	SEA
1264	73	609	SEA
1264	8	1080	SEA
1264	88	660	SEA
1264	90	1380	SEA
1265	142	900	SEA
1265	155	851	SEA
1265	157	720	SEA
1265	159	900	SEA
1265	163	959	SEA
1265	230	615	SEA
1265	232	380	SEA
1265	235	900	SEA
1265	238	140	SEA
1265	26	660	SEA
1265	28	960	SEA
1265	31	960	SEA
1265	506	1205	SEA
1265	57	1066	SEA
1265	59	1070	SEA
1265	73	674	SEA
1265	8	1080	SEA
1265	88	660	SEA
1265	90	1380	SEA
1275	142	960	SEA
1275	155	912	SEA
1275	157	900	SEA
1275	159	499	SEA
1275	163	793	SEA
1275	230	675	SEA
1275	232	578	SEA
1275	235	794	SEA
1275	238	200	SEA
1275	26	600	SEA
1275	28	912	SEA
1275	31	959	SEA
1275	506	1308	SEA
1275	57	828	SEA
1275	59	1036	SEA
1275	73	804	SEA
1275	8	929	SEA
1275	88	660	SEA
1275	90	1242	SEA
1278	142	960	SEA
1278	155	732	SEA
1278	157	791	SEA
1278	159	900	SEA
1278	163	960	SEA
1278	230	495	SEA
1278	232	660	SEA
1278	235	614	SEA
1278	238	20	SEA
1278	26	600	SEA
1278	28	732	SEA
1278	31	959	SEA
1278	506	1376	SEA
1278	57	836	SDA
1278	59	808	SEA
1278	73	823	SEA
1278	8	1020	SEA
1278	88	611	SEA
1278	90	1380	SEA
1279	142	960	SEA
1279	155	732	SEA
1279	157	791	SEA
1279	159	900	SEA
1279	163	960	SEA
1279	230	495	SEA
1279	232	660	SEA
1279	235	614	SEA
1279	238	20	SEA
1279	26	600	SEA
1279	28	732	SEA
1279	31	959	SEA
1279	506	1376	SEA
1279	57	836	SDA
1279	59	808	SEA
1279	73	823	SEA
1279	8	1020	SEA
1279	88	611	SEA
1279	90	1380	SEA
1280	142	960	SEA
1280	155	692	SEA
1280	157	751	SEA
1280	159	900	SEA
1280	163	960	SEA
1280	230	455	SEA
1280	232	660	SEA
1280	235	574	SEA
1280	238	183	SEA
1280	26	600	SEA
1280	28	692	SEA
1280	31	959	SEA
1280	506	1407	SEA
1280	57	795	SDA
1280	59	768	SEA
1280	73	844	SEA
1280	8	1020	SEA
1280	88	571	SEA
1280	90	1380	SEA
1284	142	680	SEA
1284	155	960	SEA
1284	157	900	SEA
1284	159	859	SEA
1284	163	960	SEA
1284	230	900	SEA
1284	232	500	SEA
1284	235	900	SEA
1284	238	200	SEA
1284	26	600	SEA
1284	28	960	SEA
1284	31	731	SEA
1284	506	1152	SEA
1284	57	973	SEA
1284	59	675	SEA
1284	73	867	SEA
1284	8	1020	SEA
1284	88	419	SEA
1284	90	1380	SEA
1289	142	380	SEA
1289	155	960	SEA
1289	157	900	SEA
1289	159	559	SEA
1289	163	913	SEA
1289	230	735	SEA
1289	232	660	SEA
1289	235	840	SEA
1289	238	214	SEA
1289	26	317	SEA
1289	28	960	SEA
1289	31	840	SEA
1289	506	1218	SEA
1289	57	1430	SEA
1289	59	606	SEA
1289	73	827	SEA
1289	8	912	SEA
1289	88	611	SEA
1289	90	1380	SEA
1295	142	960	SEA
1295	155	672	SEA
1295	157	671	SEA
1295	159	1800	SEA
1295	163	553	SEA
1295	230	900	SEA
1295	232	500	SEA
1295	235	840	SEA
1295	238	20	SEA
1295	26	557	SEA
1295	28	672	SEA
1295	31	840	SEA
1295	506	1266	SEA
1295	57	1447	SEA
1295	59	718	SEA
1295	73	693	SEA
1295	8	1020	SEA
1295	88	251	SEA
1295	90	1273	SEA
1296	142	960	SEA
1296	155	672	SEA
1296	157	671	SEA
1296	159	1800	SEA
1296	163	553	SEA
1296	230	900	SEA
1296	232	500	SEA
1296	235	840	SEA
1296	238	20	SEA
1296	26	557	SEA
1296	28	672	SEA
1296	31	840	SEA
1296	506	1266	SEA
1296	57	1447	SEA
1296	59	718	SEA
1296	73	693	SEA
1296	8	1020	SEA
1296	88	251	SEA
1296	90	1273	SEA
1301	142	895	SEA
1301	155	960	SEA
1301	157	371	SEA
1301	159	1699	SEA
1301	163	253	SEA
1301	230	900	SEA
1301	232	660	SEA
1301	235	840	SEA
1301	238	260	SEA
1301	26	257	SEA
1301	28	780	SEA
1301	31	611	SEA
1301	506	1460	SEA
1301	57	1389	SEA
1301	59	821	SEA
1301	73	641	SEA
1301	8	1020	SEA
1301	88	611	SEA
1301	90	1213	SEA
1306	142	960	SEA
1306	155	960	SEA
1306	157	900	SEA
1306	159	1339	SEA
1306	163	960	SEA
1306	230	814	SEA
1306	232	500	SEA
1306	235	674	SEA
1306	238	186	SEA
1306	26	497	SEA
1306	28	780	SEA
1306	31	840	SEA
1306	506	1135	SEA
1306	57	128	SEA
1306	59	958	SEA
1306	73	788	SEA
1306	8	912	SEA
1306	88	660	SEA
1306	90	1380	SEA
1308	142	960	SEA
1308	155	852	SEA
1308	157	791	SEA
1308	159	1219	SEA
1308	163	733	SEA
1308	230	900	SEA
1308	232	380	SEA
1308	235	554	SEA
1308	238	247	SDA
1308	26	377	SEA
1308	28	672	SEA
1308	31	840	SEA
1308	506	1139	SEA
1308	57	82	SEA
1308	59	949	SEA
1308	73	794	SEA
1308	8	792	SEA
1308	88	660	SEA
1308	90	1380	SEA
1312	142	940	SEA
1312	155	632	SEA
1312	157	571	SEA
1312	159	999	SEA
1312	163	996	SEA
1312	230	900	SEA
1312	232	418	SEA
1312	235	900	SEA
1312	238	40	SEA
1312	26	600	SEA
1312	28	659	SEA
1312	31	751	SEA
1312	506	1146	SEA
1312	57	84	SEA
1312	59	977	SEA
1312	73	717	SEA
1312	8	1020	SEA
1312	88	571	SEA
1312	90	1380	SEA
1319	142	960	SEA
1319	155	1081	SEA
1319	157	1620	SEA
1319	159	960	SEA
1319	163	840	SEA
1319	230	815	SEA
1319	232	460	SEA
1319	235	874	SEA
1319	238	160	SEA
1319	26	397	SEA
1319	28	780	SEA
1319	31	900	SEA
1319	506	1097	SEA
1319	57	6	SEA
1319	59	1377	SEA
1319	73	920	SEA
1319	8	1020	SEA
1319	88	660	SEA
1319	90	1293	SEA
