363	132	1002	SEA
363	25	237	SEA
363	268	1069	SEA
363	55	650	SEA
363	73	299	SEA
363	74	645	SEA
363	76	853	SEA
385	132	772	SEA
385	165	406	SEA
385	25	219	SEA
385	268	631	SEA
385	55	682	SEA
385	73	255	SEA
385	74	167	SEA
385	76	952	SEA
408	132	748	SEA
408	165	537	SDA
408	25	159	SEA
408	268	854	SEA
408	55	115	SDA
408	73	866	SEA
408	74	929	SEA
408	76	485	SEA
409	132	785	SEA
409	165	494	SDA
409	25	99	SEA
409	268	710	SEA
409	55	670	SEA
409	73	837	SEA
409	74	888	SEA
409	76	454	SEA
421	132	1079	SEA
421	165	521	SDA
421	25	261	SEA
421	268	89	SEA
421	268A	1504	SEA
421	55	386	SEA
421	73	851	SEA
421	74	460	SEA
421	76	1146	SEA
422	132	1087	SEA
422	165	471	SDA
422	25	275	SEA
422	268	7	SEA
422	268A	1476	SEA
422	55	570	SDA
422	73	841	SEA
422	74	446	SEA
422	76	1241	SEA
435	132	831	SDA
435	165	1006	SDA
435	25	200	SEA
435	268	259	SDA
435	55	470	SDA
435	73	721	SEA
435	74	749	SEA
435	76	611	SEA
439	132	811	SDA
439	165	539	SEA
439	25	282	SDA
439	268	219	SEA
439	55	489	SEA
439	73	576	SEA
439	74	343	SEA
439	76	973	SEA
448	132	703	SEA
448	165	622	SDA
448	25	405	SEA
448	268	267	SEA
448	268A	1677	SEA
448	55	532	SEA
448	73	539	SEA
448	74	401	SDA
448	76	828	SEA
453	132	671	SDA
453	165	596	SDA
453	25	346	SDA
453	268	332	SDA
453	268A	1682	SEA
453	55	374	SEA
453	668	658	SEA
453	73	1039	SEA
453	74	757	SEA
453	76	520	SEA
458	132	743	SEA
458	165	881	SEA
458	25	203	SEA
458	268	184	SDA
458	268A	1616	SEA
458	55	294	SEA
458	668	669	SEA
458	73	619	SEA
458	74	1114	SEA
458	76	484	SEA
463	132	745	SEA
463	165	273	SEA
463	25	395	SEA
463	268	167	SDA
463	268A	1610	SDA
463	55	211	SEA
463	668	553	SEA
463	73	352	SEA
463	74	1211	SEA
463	76	363	SEA
494	132	478	SEA
494	165	660	SEA
494	25	59	SEA
494	268	349	SEA
494	268A	540	SEA
494	55	393	SEA
494	668	427	SEA
494	73	484	SEA
494	74	416	SDA
494	76	653	SEA
507	132	653	SEA
507	165	708	SEA
507	25	2	SEA
507	268	488	SDA
507	268A	540	SEA
507	55	419	SEA
507	73	419	SEA
507	74	395	SEA
507	76	860	SEA
512	132	717	SEA
512	165	746	SDA
512	25	467	SEA
512	268	953	SEA
512	268A	671	SEA
512	55	332	SEA
512	73	297	SDA
512	74	369	SEA
512	76	1114	SEA
529	132	881	SEA
529	165	495	SDA
529	25	64	SEA
529	268	122	SDA
529	268A	1260	SEA
529	55	193	SEA
529	73	780	SEA
529	74	241	SEA
529	76	805	SEA
543	132	1652	SDA
543	165	813	SEA
543	25	3	SEA
543	268	430	SEA
543	268A	1260	SEA
543	55	653	SEA
543	73	960	SEA
543	74	443	SEA
543	76	1145	SEA
549	132	859	SEA
549	165	676	SEA
549	25	154	SEA
549	268	358	SEA
549	55	408	SEA
549	73	293	SDA
549	74	678	SEA
549	76	1476	SEA
554	132	912	SEA
554	165	603	SEA
554	25	266	SEA
554	268	497	SEA
554	55	81	SEA
554	73	799	SEA
554	74	555	SEA
554	76	619	SEA
568	132	986	SEA
568	165	890	SEA
568	25	24	SEA
568	268	769	SEA
568	55	493	SEA
568	73	779	SEA
568	74	131	SDA
568	76	673	SEA
593	132	838	SEA
593	165	921	SEA
593	25	183	SEA
593	268	615	SEA
593	55	721	SEA
593	73	720	SEA
593	74	257	SEA
593	76	836	SEA
606	132	1710	SEA
606	165	1113	SEA
606	25	386	SEA
606	268	552	SEA
606	55	481	SEA
606	73	720	SEA
606	74	44	SEA
606	76	537	SEA
607	132	1730	SEA
607	165	680	SEA
607	25	599	SEA
607	268	512	SEA
607	55	569	SEA
607	73	609	SEA
607	74	3	SEA
607	76	629	SEA
629	132	276	SEA
629	165	729	SEA
629	25	660	SEA
629	268	425	SEA
629	55	591	SEA
629	73	659	SEA
629	74	180	SEA
629	76	699	SEA
637	132	369	SEA
637	165	704	SEA
637	25	320	SEA
637	268	204	SEA
637	55	702	SEA
637	73	293	SEA
637	74	222	SEA
637	76	642	SEA
654	132	1048	SEA
654	165	763	SEA
654	25	490	SEA
654	268	921	SEA
654	55	554	SEA
654	73	534	SEA
654	74	523	SEA
654	76	904	SEA
694	132	1209	SEA
694	165	742	SEA
694	25	539	SEA
694	268	1064	SEA
694	55	590	SEA
694	73	419	SEA
694	74	909	SEA
694	76	697	SEA
710	132	1329	SEA
710	165	654	SEA
710	25	567	SEA
710	268	464	SEA
710	55	1035	SEA
710	73	785	SEA
710	74	841	SEA
710	76	1125	SEA
720	132	1014	SEA
720	165	1181	SEA
720	25	383	SEA
720	268	754	SEA
720	55	588	SEA
720	73	526	SEA
720	74	1313	SEA
720	76	1042	SEA
727	132	1014	SEA
727	165	617	SEA
727	25	499	SEA
727	268	847	SEA
727	55	482	SEA
727	73	660	SEA
727	74	831	SEA
727	76	1476	SEA
729	132	941	SEA
729	165	591	SEA
729	25	926	SEA
729	268	784	SEA
729	55	505	SEA
729	73	599	SEA
729	74	835	SEA
729	76	1421	SEA
749	132	1295	SEA
749	165	956	SEA
749	25	239	SEA
749	268	548	SEA
749	55	752	SEA
749	73	660	SEA
749	74	753	SEA
749	76	942	SEA
751	132	1238	SEA
751	165	894	SEA
751	25	272	SEA
751	268	534	SEA
751	55	732	SEA
751	73	660	SEA
751	74	730	SEA
751	76	975	SEA
757	132	1070	SEA
757	165	451	SDA
757	25	475	SEA
757	268	435	SEA
757	55	673	SEA
757	73	478	SEA
757	74	654	SEA
757	76	922	SEA
760	132	1102	SEA
760	165	463	SEA
760	25	449	SEA
760	268	742	SEA
760	55	642	SEA
760	73	715	SEA
760	74	701	SEA
760	76	792	SEA
761	132	1085	SEA
761	165	529	SEA
761	25	455	SEA
761	268	694	SEA
761	55	617	SEA
761	73	619	SEA
761	74	724	SEA
761	76	758	SEA
765	132	1126	SEA
765	165	469	SEA
765	25	719	SEA
765	268	769	SEA
765	55	907	SEA
765	73	543	SEA
765	74	686	SEA
765	76	670	SEA
768	132	1143	SEA
768	165	1099	SEA
768	25	539	SEA
768	268	782	SEA
768	55	500	SEA
768	73	715	SEA
768	74	733	SEA
768	76	678	SEA
770	132	1183	SEA
770	165	1261	SEA
770	25	361	SEA
770	268	778	SEA
770	55	447	SEA
770	73	715	SEA
770	74	834	SEA
770	76	950	SEA
771	132	1186	SEA
771	165	1249	SEA
771	25	361	SEA
771	268	717	SEA
771	55	499	SEA
771	73	714	SEA
771	74	807	SEA
771	76	983	SEA
772	132	1186	SEA
772	165	1249	SEA
772	25	361	SEA
772	268	717	SEA
772	55	499	SEA
772	73	714	SEA
772	74	807	SEA
772	76	983	SEA
774	132	1283	SDA
774	165	828	SEA
774	25	987	SEA
774	268	787	SEA
774	55	428	SEA
774	73	616	SEA
774	74	729	SEA
774	76	1109	SEA
778	132	1306	SDA
778	165	840	SEA
778	25	599	SEA
778	268	739	SEA
778	55	588	SDA
778	73	576	SEA
778	74	758	SEA
778	76	1563	SEA
783	132	1349	SEA
783	165	731	SEA
783	25	351	SEA
783	268	873	SEA
783	55	695	SEA
783	73	719	SEA
783	74	831	SEA
783	76	1557	SEA
791	132	672	SEA
791	165	845	SEA
791	25	478	SEA
791	268	699	SEA
791	55	559	SEA
791	73	720	SEA
791	74	536	SEA
791	76	605	SEA
798	132	768	SEA
798	165	1068	SDA
798	25	660	SEA
798	268	846	SDA
798	55	555	SEA
798	73	539	SEA
798	74	1132	SEA
798	76	775	SDA
801	132	781	SEA
801	165	1006	SEA
801	25	599	SEA
801	268	596	SEA
801	55	575	SEA
801	73	437	SEA
801	74	1130	SEA
801	76	730	SEA
804	132	673	SEA
804	165	959	SDA
804	25	443	SEA
804	268	660	SEA
804	55	592	SDA
804	73	466	SDA
804	74	1092	SEA
804	76	602	SEA
808	132	668	SEA
808	165	692	SDA
808	25	720	SEA
808	268	676	SEA
808	55	689	SEA
808	73	779	SEA
808	74	1099	SEA
808	76	647	SEA
810	132	665	SEA
810	165	726	SDA
810	25	719	SEA
810	268	714	SEA
810	55	1496	SEA
810	73	802	SEA
810	74	996	SEA
810	76	715	SEA
819	132	1461	SEA
819	165	867	SDA
819	25	720	SEA
819	268	1432	SEA
819	55	801	SEA
819	73	840	SEA
819	74	1097	SEA
819	76	993	SEA
834	132	558	SEA
834	165	793	SEA
834	25	719	SEA
834	268	516	SEA
834	55	851	SEA
834	73	725	SEA
834	74	52	SEA
834	76	670	SEA
840	132	522	SEA
840	165	730	SEA
840	25	376	SEA
840	268	856	SEA
840	55	567	SEA
840	73	454	SEA
840	74	106	SEA
840	76	997	SEA
847	132	372	SEA
847	165	473	SEA
847	25	699	SEA
847	268	754	SEA
847	55	433	SEA
847	73	747	SEA
847	74	545	SEA
847	76	822	SEA
853	132	2099	SEA
853	165	1138	SEA
853	25	720	SEA
853	268	806	SEA
853	55	418	SEA
853	73	421	SEA
853	74	104	SEA
853	76	720	SEA
859	132	484	SEA
859	165	1209	SEA
859	25	719	SEA
859	268	589	SEA
859	55	639	SEA
859	73	316	SEA
859	74	629	SEA
859	76	751	SEA
863	132	493	SEA
863	165	680	SDA
863	25	419	SEA
863	268	696	SEA
863	55	655	SEA
863	73	648	SEA
863	74	579	SEA
863	76	852	SEA
871	132	435	SEA
871	165	710	SDA
871	25	599	SEA
871	268	642	SEA
871	55	624	SEA
871	73	960	SEA
871	74	224	SEA
871	76	1284	SEA
876	132	542	SEA
876	165	877	SDA
876	25	1020	SEA
876	268	584	SEA
876	55	863	SEA
876	73	722	SEA
876	74	501	SEA
876	76	1641	SEA
887	132	382	SEA
887	165	695	SEA
887	25	299	SEA
887	268	573	SEA
887	55	578	SDA
887	73	720	SEA
887	74	278	SEA
887	76	239	SEA
889	132	393	SEA
889	165	632	SEA
889	25	239	SEA
889	268	599	SEA
889	55	519	SDA
889	73	720	SEA
889	74	188	SEA
889	76	720	SEA
893	132	1204	SEA
893	165	560	SEA
893	25	73	SDA
893	268	560	SEA
893	55	687	SEA
893	73	599	SEA
893	74	154	SEA
893	76	659	SEA
895	132	1174	SEA
895	165	537	SEA
895	25	162	SDA
895	268	470	SEA
895	55	735	SEA
895	73	499	SEA
895	74	180	SEA
895	76	738	SEA
901	132	849	SEA
901	165	479	SEA
901	25	355	SEA
901	268	391	SEA
901	55	885	SEA
901	73	189	SEA
901	74	353	SEA
901	76	814	SEA
908	132	965	SEA
908	165	949	SEA
908	25	332	SEA
908	268	557	SEA
908	55	859	SEA
908	73	342	SEA
908	74	236	SDA
908	76	896	SEA
918	132	537	SEA
918	165	340	SEA
918	25	479	SEA
918	268	1122	SEA
918	55	392	SDA
918	73	410	SEA
918	74	353	SEA
918	76	890	SEA
920	132	574	SEA
920	165	320	SEA
920	25	419	SEA
920	268	1184	SEA
920	55	1338	SDA
920	73	397	SEA
920	74	292	SEA
920	76	1019	SEA
922	132	489	SEA
922	165	230	SEA
922	25	299	SEA
922	268	1238	SEA
922	55	1322	SDA
922	73	380	SDA
922	74	877	SEA
922	76	870	SEA
923	132	475	SEA
923	165	175	SEA
923	25	199	SEA
923	268	1237	SEA
923	55	411	SDA
923	73	540	SEA
923	74	915	SEA
923	76	923	SEA
924	132	486	SEA
924	165	222	SEA
924	25	420	SEA
924	268	1241	SEA
924	55	470	SDA
924	73	408	SEA
924	74	904	SEA
924	76	887	SEA
926	132	562	SEA
926	165	218	SEA
926	25	420	SEA
926	268	482	SEA
926	55	569	SDA
926	73	408	SEA
926	74	621	SEA
926	76	867	SEA
932	132	582	SEA
932	165	277	SEA
932	25	539	SEA
932	268	693	SEA
932	55	614	SDA
932	73	540	SEA
932	74	721	SEA
932	76	1052	SEA
933	132	574	SEA
933	165	268	SEA
933	25	479	SEA
933	268	664	SEA
933	55	542	SDA
933	73	539	SEA
933	74	734	SEA
933	76	1132	SEA
936	132	525	SEA
936	165	1552	SEA
936	25	89	SEA
936	268	791	SEA
936	55	606	SEA
936	73	359	SEA
936	74	772	SEA
936	76	1257	SEA
937	132	453	SEA
937	165	1598	SEA
937	25	253	SEA
937	268	694	SEA
937	55	577	SEA
937	73	255	SEA
937	74	803	SEA
937	76	1476	SEA
940	132	629	SEA
940	25	232	SEA
940	268	744	SEA
940	55	564	SEA
940	73	780	SEA
940	74	534	SEA
940	76	780	SEA
941	132	584	SEA
941	25	226	SEA
941	268	663	SEA
941	55	578	SEA
941	73	211	SEA
941	74	591	SEA
941	76	780	SEA
943	132	1322	SEA
943	25	299	SEA
943	268	641	SEA
943	55	451	SEA
943	73	290	SEA
943	74	595	SEA
943	76	807	SEA
944	132	1349	SEA
944	25	179	SEA
944	268	648	SEA
944	55	515	SEA
944	73	892	SEA
944	74	702	SEA
944	76	797	SEA
950	132	1420	SEA
950	165	1473	SEA
950	25	558	SEA
950	268	592	SEA
950	55	740	SDA
950	73	479	SEA
950	74	601	SEA
950	76	1623	SEA
952	132	583	SEA
952	165	1460	SEA
952	25	135	SEA
952	268	676	SEA
952	55	692	SEA
952	73	330	SEA
952	74	621	SEA
952	76	1609	SEA
953	132	510	SEA
953	165	1499	SEA
953	25	147	SEA
953	268	615	SEA
953	55	680	SEA
953	73	330	SEA
953	74	580	SEA
953	76	1577	SEA
965	132	397	SDA
965	165	1574	SDA
965	25	243	SEA
965	268	523	SEA
965	55	639	SDA
965	73	194	SEA
965	74	425	SEA
965	76	771	SEA
967	132	411	SDA
967	165	1501	SDA
967	25	117	SEA
967	268	954	SEA
967	55	552	SDA
967	73	169	SEA
967	74	469	SEA
967	76	811	SEA
972	132	365	SEA
972	165	538	SEA
972	25	191	SEA
972	268	831	SEA
972	55	565	SEA
972	73	298	SEA
972	74	20	SEA
972	76	835	SEA
986	132	132	SEA
986	165	393	SEA
986	25	179	SEA
986	268	387	SEA
986	55	960	SEA
986	73	205	SEA
986	74	641	SEA
986	76	751	SDA
987	132	169	SEA
987	165	348	SEA
987	25	119	SEA
987	268	213	SEA
987	55	900	SEA
987	73	261	SEA
987	74	692	SEA
987	76	706	SDA
989	132	136	SEA
989	165	303	SEA
989	25	59	SEA
989	268	166	SEA
989	55	895	SEA
989	73	369	SEA
989	74	616	SEA
989	76	669	SDA
992	132	123	SEA
992	165	419	SEA
992	25	1	SEA
992	268	381	SEA
992	55	754	SEA
992	73	430	SEA
992	74	625	SEA
992	76	595	SDA
1000	132	170	SEA
1000	165	941	SDA
1000	25	125	SEA
1000	268	272	SEA
1000	55	673	SEA
1000	73	509	SEA
1000	74	274	SEA
1000	76	637	SEA
1006	132	154	SEA
1006	165	663	SEA
1006	25	103	SEA
1006	268	307	SEA
1006	55	756	SEA
1006	73	720	SEA
1006	74	305	SEA
1006	76	579	SEA
1007	132	154	SEA
1007	165	663	SEA
1007	25	103	SEA
1007	268	307	SEA
1007	55	756	SEA
1007	73	720	SEA
1007	74	305	SEA
1007	76	579	SEA
1008	132	71	SEA
1008	165	561	SEA
1008	25	59	SEA
1008	268	383	SEA
1008	55	842	SEA
1008	73	720	SEA
1008	74	290	SEA
1008	76	566	SEA
1010	132	25	SEA
1010	165	539	SEA
1010	25	50	SEA
1010	268	423	SEA
1010	55	810	SEA
1010	73	720	SEA
1010	74	740	SEA
1010	76	565	SEA
1013	132	1497	SEA
1013	165	715	SEA
1013	25	35	SEA
1013	268	476	SEA
1013	55	812	SEA
1013	73	579	SEA
1013	74	157	SEA
1013	76	511	SEA
1014	132	332	SEA
1014	165	722	SEA
1014	25	7	SEA
1014	268	489	SEA
1014	55	1655	SEA
1014	73	479	SEA
1014	74	245	SEA
1014	76	639	SEA
1016	132	269	SEA
1016	165	683	SDA
1016	25	63	SEA
1016	268	664	SEA
1016	55	700	SEA
1016	73	359	SEA
1016	74	176	SEA
1016	76	725	SEA
1019	132	247	SEA
1019	165	757	SDA
1019	25	166	SEA
1019	268	620	SEA
1019	55	814	SEA
1019	73	239	SEA
1019	74	163	SEA
1019	76	506	SEA
1023	132	409	SEA
1023	165	690	SEA
1023	25	52	SEA
1023	268	324	SEA
1023	55	675	SEA
1023	73	719	SEA
1023	74	408	SEA
1023	76	561	SEA
1026	132	418	SEA
1026	165	628	SEA
1026	25	241	SEA
1026	268	306	SEA
1026	55	535	SEA
1026	73	625	SEA
1026	74	576	SEA
1026	76	422	SEA
1028	132	405	SEA
1028	165	1150	SEA
1028	25	104	SEA
1028	268	393	SEA
1028	55	1648	SEA
1028	73	625	SEA
1028	74	690	SEA
1028	76	879	SEA
1033	132	493	SEA
1033	165	1208	SEA
1033	25	176	SEA
1033	268	445	SEA
1033	55	662	SEA
1033	73	693	SEA
1033	74	844	SEA
1033	76	982	SEA
1037	132	561	SEA
1037	165	1172	SEA
1037	25	248	SEA
1037	268	390	SEA
1037	55	913	SEA
1037	73	600	SEA
1037	74	885	SEA
1037	76	615	SEA
1040	132	1474	SEA
1040	165	1470	SEA
1040	25	59	SEA
1040	268	372	SEA
1040	55	553	SEA
1040	73	273	SEA
1040	74	853	SEA
1040	76	532	SEA
1042	132	1472	SEA
1042	165	1524	SEA
1042	25	86	SEA
1042	268	482	SEA
1042	55	550	SEA
1042	73	320	SEA
1042	74	43	SEA
1042	76	610	SEA
1048	132	547	SEA
1048	165	1462	SEA
1048	25	466	SEA
1048	268	741	SEA
1048	55	551	SEA
1048	73	439	SEA
1048	74	6	SEA
1048	76	758	SEA
1049	132	547	SDA
1049	165	1395	SEA
1049	25	122	SEA
1049	268	799	SEA
1049	55	663	SEA
1049	73	359	SEA
1049	74	6	SEA
1049	76	585	SEA
1051	132	631	SDA
1051	165	1497	SDA
1051	25	153	SEA
1051	268	253	SEA
1051	55	892	SEA
1051	73	199	SEA
1051	74	11	SEA
1051	76	531	SEA
1053	132	599	SDA
1053	165	1552	SEA
1053	25	198	SEA
1053	268	253	SEA
1053	55	880	SEA
1053	73	199	SEA
1053	74	19	SEA
1053	76	535	SEA
1057	132	614	SDA
1057	165	586	SEA
1057	25	348	SEA
1057	268	320	SEA
1057	55	579	SEA
1057	73	479	SEA
1057	74	204	SEA
1057	76	502	SEA
1059	132	651	SDA
1059	165	579	SEA
1059	25	255	SEA
1059	268	275	SEA
1059	55	543	SEA
1059	73	249	SEA
1059	74	24	SDA
1059	76	588	SEA
1063	132	628	SDA
1063	165	587	SEA
1063	25	637	SEA
1063	268	310	SEA
1063	55	608	SEA
1063	73	345	SEA
1063	74	27	SDA
1063	76	1102	SEA
1064	132	595	SDA
1064	165	564	SEA
1064	25	360	SEA
1064	268	380	SEA
1064	55	538	SEA
1064	73	539	SEA
1064	74	33	SDA
1064	76	1210	SEA
1067	132	679	SDA
1067	165	658	SEA
1067	25	360	SEA
1067	268	16	SEA
1067	55	569	SEA
1067	73	359	SEA
1067	74	453	SEA
1067	76	1360	SEA
1069	132	666	SDA
1069	165	656	SEA
1069	25	360	SEA
1069	268	16	SEA
1069	55	830	SEA
1069	73	433	SEA
1069	74	438	SEA
1069	76	1414	SEA
1071	132	1034	SEA
1071	165	595	SEA
1071	25	102	SEA
1071	268	537	SEA
1071	55	883	SEA
1071	73	459	SEA
1071	74	417	SEA
1071	76	361	SEA
1074	132	1094	SEA
1074	165	582	SEA
1074	25	257	SEA
1074	268	721	SEA
1074	55	567	SDA
1074	73	539	SEA
1074	74	286	SEA
1074	76	422	SEA
1075	132	1104	SEA
1075	165	608	SEA
1075	25	93	SEA
1075	268	743	SEA
1075	55	527	SDA
1075	73	479	SEA
1075	74	252	SEA
1075	76	434	SEA
1090	132	983	SEA
1090	165	952	SEA
1090	25	235	SEA
1090	268	100	SEA
1090	55	764	SEA
1090	73	255	SDA
1090	74	696	SEA
1090	76	780	SEA
1093	132	1112	SEA
1093	165	482	SEA
1093	25	360	SDA
1093	268	26	SEA
1093	55	683	SEA
1093	73	336	SDA
1093	74	681	SEA
1093	76	1259	SEA
1099	132	1085	SEA
1099	165	377	SDA
1099	25	79	SEA
1099	268	412	SEA
1099	55	1809	SEA
1099	73	259	SEA
1099	74	826	SDA
1099	76	1243	SEA
1103	132	556	SEA
1103	165	312	SDA
1103	25	228	SEA
1103	268	296	SEA
1103	55	881	SEA
1103	73	599	SEA
1103	74	590	SEA
1103	76	1568	SEA
1105	132	599	SEA
1105	165	410	SDA
1105	25	236	SEA
1105	268	790	SEA
1105	55	270	SDA
1105	73	386	SEA
1105	74	694	SEA
1105	76	1019	SEA
1108	132	582	SEA
1108	165	1431	SEA
1108	25	192	SDA
1108	268	748	SEA
1108	55	1042	SDA
1108	73	52	SEA
1108	74	707	SDA
1108	76	780	SEA
1112	132	555	SEA
1112	165	1462	SDA
1112	25	8	SEA
1112	268	608	SDA
1112	55	1074	SDA
1112	73	7	SEA
1112	74	761	SEA
1112	76	616	SEA
1119	132	522	SEA
1119	165	431	SEA
1119	25	245	SDA
1119	268	712	SEA
1119	55	1063	SEA
1119	73	373	SEA
1119	74	763	SEA
1119	76	1427	SEA
1127	132	1023	SDA
1127	165	327	SEA
1127	25	219	SDA
1127	268	560	SEA
1127	55	675	SDA
1127	73	719	SEA
1127	74	318	SDA
1127	76	968	SDA
1130	132	1089	SDA
1130	165	406	SEA
1130	25	249	SDA
1130	268	577	SEA
1130	55	602	SDA
1130	73	539	SEA
1130	74	373	LSD
1130	76	925	SDA
1132	132	501	SEA
1132	165	382	SEA
1132	25	159	SEA
1132	268	311	SEA
1132	55	562	SDA
1132	73	439	SEA
1132	74	386	SDA
1132	76	833	SDA
1136	132	477	SEA
1136	165	337	SEA
1136	25	133	SEA
1136	268	309	SEA
1136	55	463	SDA
1136	73	124	SEA
1136	74	217	SEA
1136	76	847	SDA
1140	132	638	SEA
1140	165	443	SEA
1140	25	254	SEA
1140	268	382	SEA
1140	55	702	SDA
1140	73	115	SDA
1140	74	121	SEA
1140	76	662	SEA
1146	132	437	SEA
1146	165	903	SEA
1146	25	188	SEA
1146	268	329	SEA
1146	55	592	SDA
1146	73	780	SEA
1146	74	476	SDA
1146	76	589	SEA
1149	132	399	SEA
1149	165	863	SEA
1149	25	162	SEA
1149	268	5	SEA
1149	55	677	SEA
1149	73	780	SEA
1149	74	682	SDA
1149	76	502	SDA
1153	132	807	SEA
1153	165	384	SDA
1153	25	359	SEA
1153	268	395	SEA
1153	55	652	SEA
1153	73	172	SDA
1153	74	197	SEA
1153	76	835	SEA
1154	132	837	SEA
1154	165	409	SDA
1154	25	319	SEA
1154	268	374	SEA
1154	55	561	SEA
1154	73	955	SDA
1154	74	92	SEA
1154	76	853	SEA
1157	132	750	SEA
1157	165	427	SDA
1157	25	1290	SEA
1157	268	412	SEA
1157	55	566	SEA
1157	73	599	SEA
1157	74	65	SEA
1157	76	718	SEA
1164	132	838	SDA
1164	165	357	SDA
1164	25	779	SEA
1164	268	3	SEA
1164	55	554	SEA
1164	73	870	SEA
1164	74	17	SEA
1164	76	931	SEA
1168	132	965	SDA
1168	165	683	SEA
1168	25	589	SEA
1168	268	475	SEA
1168	55	973	SEA
1168	73	720	SEA
1168	74	111	SEA
1168	76	999	SEA
1181	132	447	SEA
1181	165	1715	SDA
1181	25	686	SEA
1181	268	522	SDA
1181	55	1367	SEA
1181	73	679	SEA
1181	74	538	SEA
1181	76	923	SEA
1183	132	415	SDA
1183	165	454	SEA
1183	25	660	SEA
1183	268	557	SEA
1183	55	1362	SEA
1183	73	539	SEA
1183	74	595	SEA
1183	76	996	SEA
1188	132	1073	SEA
1188	165	477	SEA
1188	25	1020	SEA
1188	268	201	SEA
1188	55	1039	SEA
1188	73	383	SEA
1188	74	489	SEA
1188	76	952	SDA
1190	132	1097	SEA
1190	165	442	SEA
1190	25	1020	SEA
1190	268	268	SEA
1190	55	1360	SEA
1190	73	413	SDA
1190	74	719	SEA
1190	76	938	SEA
1200	132	1114	SEA
1200	165	449	SEA
1200	25	632	SEA
1200	268	651	SEA
1200	55	548	SDA
1200	73	359	SEA
1200	74	997	SEA
1200	76	1069	SEA
1205	132	1236	SDA
1205	165	631	SEA
1205	25	997	SEA
1205	268	324	SEA
1205	55	369	SEA
1205	73	328	SDA
1205	74	566	SEA
1205	76	972	SEA
1209	132	1207	SEA
1209	165	627	SEA
1209	25	997	SEA
1209	268	253	SEA
1209	55	873	SEA
1209	73	426	SEA
1209	74	546	SEA
1209	76	937	SEA
1210	132	1236	SEA
1210	165	585	SEA
1210	25	997	SEA
1210	268	295	SEA
1210	55	876	SEA
1210	73	441	SEA
1210	74	539	SEA
1210	76	1004	SEA
1214	132	504	SEA
1214	165	577	SEA
1214	25	756	SEA
1214	268	844	SEA
1214	55	839	SEA
1214	73	660	SEA
1214	74	379	SEA
1214	76	912	SEA
1228	132	440	SEA
1228	165	800	SDA
1228	25	822	SEA
1228	268	804	SEA
1228	55	717	SEA
1228	73	709	SEA
1228	74	982	SEA
1228	76	1264	SEA
1239	132	641	SEA
1239	165	1064	SEA
1239	25	1080	SEA
1239	268	740	SEA
1239	55	765	SEA
1239	73	900	SEA
1239	74	599	SEA
1239	76	719	SEA
1240	132	640	SEA
1240	165	1023	SEA
1240	25	1080	SEA
1240	268	730	SEA
1240	55	786	SEA
1240	73	780	SEA
1240	74	578	SEA
1240	76	679	SEA
1243	132	656	SEA
1243	165	882	SEA
1243	25	1079	SEA
1243	268	713	SEA
1243	55	774	SEA
1243	73	659	SEA
1243	74	527	SEA
1243	76	794	SEA
1248	132	617	SEA
1248	165	879	SDA
1248	25	684	SEA
1248	268	615	SEA
1248	55	878	SEA
1248	73	464	SDA
1248	74	532	SDA
1248	76	842	SEA
1252	132	1270	SEA
1252	165	1690	SEA
1252	25	816	SEA
1252	268	517	SEA
1252	55	856	SDA
1252	73	900	SEA
1252	74	931	SEA
1252	76	882	SEA
1255	132	1363	SEA
1255	165	1675	SEA
1255	25	1140	SEA
1255	268	531	SEA
1255	55	800	SDA
1255	73	129	SEA
1255	74	810	SDA
1255	76	587	SEA
1257	132	1355	SEA
1257	165	1736	SEA
1257	25	1140	SEA
1257	268	547	SEA
1257	55	784	SDA
1257	73	50	SEA
1257	74	856	SEA
1257	76	647	SEA
1264	132	642	SEA
1264	25	979	SEA
1264	268	976	SEA
1264	55	742	SDA
1264	73	319	SEA
1264	74	847	SDA
1264	76	523	SEA
1265	132	658	SEA
1265	25	765	SEA
1265	268	994	SEA
1265	55	763	SDA
1265	73	750	SEA
1265	74	812	SDA
1265	76	515	SEA
1275	132	710	SEA
1275	165	1635	SDA
1275	25	1320	SEA
1275	268	794	SEA
1275	55	847	SEA
1275	73	538	SDA
1275	74	604	SEA
1275	76	914	SEA
1278	132	759	SDA
1278	165	1669	SEA
1278	25	1320	SEA
1278	268	716	SEA
1278	55	836	SEA
1278	73	600	SEA
1278	74	631	SEA
1278	76	879	SEA
1279	132	759	SDA
1279	165	1669	SEA
1279	25	1320	SEA
1279	268	716	SEA
1279	55	836	SEA
1279	73	600	SEA
1279	74	631	SEA
1279	76	879	SEA
1280	132	750	SDA
1280	165	1648	SEA
1280	25	1320	SEA
1280	268	739	SEA
1280	55	848	SEA
1280	73	600	SEA
1280	74	620	SEA
1280	76	901	SEA
1284	132	1030	SEA
1284	165	1643	SEA
1284	25	1008	SDA
1284	268	669	SEA
1284	55	961	SEA
1284	73	407	SEA
1284	74	683	SEA
1284	76	914	SEA
1289	132	990	SEA
1289	165	1504	SEA
1289	25	1200	SEA
1289	268	664	SEA
1289	55	927	SDA
1289	73	404	SDA
1289	74	938	SEA
1289	76	946	SEA
1295	132	969	SEA
1295	165	1458	SDA
1295	25	1200	SEA
1295	268	653	SEA
1295	55	975	SDA
1295	73	299	SEA
1295	74	907	SEA
1295	76	1010	SEA
1296	132	969	SEA
1296	165	1458	SDA
1296	25	1200	SEA
1296	268	653	SEA
1296	55	975	SDA
1296	73	299	SEA
1296	74	907	SEA
1296	76	1010	SEA
1301	132	783	SEA
1301	165	543	SEA
1301	25	1200	SEA
1301	268	568	SEA
1301	55	1003	SEA
1301	73	134	SDA
1301	74	660	SEA
1301	76	1297	SEA
1306	132	752	SEA
1306	165	547	SEA
1306	25	878	SEA
1306	268	647	SEA
1306	55	851	SDA
1306	73	288	SEA
1306	74	631	SEA
1306	76	840	SEA
1308	132	664	SEA
1308	165	520	SEA
1308	25	833	SDA
1308	268	624	SEA
1308	55	896	SDA
1308	73	247	SDA
1308	74	545	SEA
1308	76	779	SEA
1312	132	812	SEA
1312	165	527	SEA
1312	25	1177	SEA
1312	268	813	SEA
1312	55	939	SDA
1312	73	499	SEA
1312	74	685	SEA
1312	76	975	SEA
1319	132	1166	SEA
1319	165	616	SEA
1319	25	1020	SEA
1319	268	879	SEA
1319	55	731	SEA
1319	73	499	SDA
1319	74	647	SEA
1319	76	984	SEA
