363	265	259	SEA
395	265	221	SEA
408	265	345	SEA
409	265	314	SEA
421	265	70	SEA
422	265	130	SEA
435	265	128	SDA
439	265	286	SEA
448	265	426	SEA
453	265	177	SEA
458	265	12	SEA
463	265	417	SEA
494	265	350	SEA
529	265	283	SEA
554	265	394	SEA
568	265	110	SEA
593	265	263	SEA
596	265	185	SEA
607	265	575	SEA
654	265	449	SEA
667	265	654	SEA
694	265	1664	SEA
710	265	605	SEA
720	265	750	SEA
729	265	860	SDA
751	265	861	SEA
757	265	750	SEA
760	265	638	SEA
761	265	608	SEA
774	265	686	SEA
778	265	617	SEA
801	265	1484	SDA
804	265	638	SDA
808	265	642	SEA
810	265	611	SEA
819	265	710	SDA
834	265	708	SDA
840	265	424	SDA
847	265	330	SDA
853	265	933	SDA
859	265	455	SDA
863	265	489	SDA
871	265	360	SEA
876	265	830	SEA
887	265	732	SEA
889	265	742	SEA
893	265	1025	SDA
895	265	1010	SDA
901	265	371	SEA
908	265	378	SDA
918	265	306	SEA
920	265	644	SEA
922	265	701	SEA
923	265	593	SEA
924	265	252	SDA
926	265	260	SDA
932	265	481	SDA
933	265	491	SDA
936	265	473	SDA
937	265	501	SDA
941	265	494	SEA
943	265	373	SDA
944	265	435	SEA
950	265	595	SEA
952	265	621	SEA
953	265	608	SEA
965	265	185	SEA
967	265	116	SEA
972	265	96	SEA
986	265	583	SEA
987	265	679	SEA
989	265	683	SEA
992	265	710	SEA
1000	265	301	SDA
1006	265	394	SEA
1007	265	394	SEA
1008	265	398	SEA
1010	265	601	SEA
1013	265	446	SEA
1014	265	376	SEA
1016	265	469	SEA
1019	265	386	SEA
1023	265	334	SEA
1026	265	321	SEA
1028	265	314	SEA
1033	265	199	SEA
1037	265	191	SEA
1040	265	160	SEA
1042	265	207	SEA
1048	265	404	SEA
1049	265	357	SEA
1051	265	417	SEA
1053	265	409	SEA
1057	265	540	SEA
1059	265	423	SEA
1063	265	73	SEA
1064	265	123	SEA
1067	265	115	SEA
1069	265	98	SEA
1071	265	656	SDA
1074	265	743	SEA
1075	265	776	SEA
1090	265	153	SEA
1093	265	55	SEA
1099	265	508	SEA
1103	265	320	SDA
1103	668	793	SEA
1105	265	292	SEA
1105	668	796	SEA
1108	265	188	SEA
1108	668	751	SEA
1112	265	220	SEA
1112	668	780	SEA
1119	265	479	SEA
1119	668	855	SEA
1127	265	116	SDA
1127	668	630	SEA
1130	265	166	SEA
1130	668	612	SEA
1132	265	168	SEA
1132	668	540	SEA
1136	265	300	SEA
1140	265	216	SDA
1146	265	165	SEA
1149	265	212	SDA
1153	265	124	SDA
1154	265	189	SDA
1157	265	254	SDA
1168	265	900	SEA
1181	265	897	SEA
1183	265	848	SEA
1188	265	168	SEA
1190	265	159	SEA
1205	265	816	SDA
1209	265	817	SDA
1210	265	769	SEA
1214	265	804	SEA
1228	265	697	SEA
1239	265	777	SEA
1240	265	741	SEA
1243	265	744	SDA
1248	265	808	SDA
1252	265	731	SEA
1255	265	711	SEA
1257	265	809	SEA
1264	265	849	SDA
1265	265	906	SEA
1275	265	504	SDA
1278	265	572	SDA
1280	265	512	SDA
1284	265	1400	SDA
1295	265	781	SEA
1296	265	781	SEA
1301	265	766	SEA
1306	265	825	SDA
1308	265	792	SDA
1312	265	914	SEA
1319	265	676	SEA
