363	265	259	SEA
375	265	51	SEA
392	265	182	SEA
408	265	345	SEA
409	265	1572	SEA
414	265	99	SEA
421	265	76	SEA
422	265	136	SEA
435	265	134	SDA
439	265	292	SEA
448	265	426	SEA
450	265	218	SEA
458	265	12	SEA
463	265	109	SEA
494	265	89	SEA
512	265	179	SEA
517	265	161	SEA
529	265	283	SEA
542	265	21	SEA
543	265	21	SEA
549	265	698	SEA
554	265	462	SEA
564	265	11	SEA
568	265	110	SEA
593	265	263	SEA
596	265	1532	SEA
606	265	456	SEA
607	265	575	SEA
615	265	464	SEA
623	265	627	SEA
624	265	581	SEA
629	265	503	SEA
667	265	648	SEA
673	265	582	SEA
692	265	535	SEA
694	265	1680	SEA
701	265	1913	SEA
710	265	605	SEA
718	265	852	SDA
727	265	784	SDA
729	265	860	SDA
740	265	566	SDA
749	265	913	SEA
750	265	865	SEA
751	265	865	SEA
756	265	415	SEA
757	265	547	SEA
759	265	565	SEA
760	265	638	SEA
761	265	608	SEA
765	265	664	SDA
768	265	730	SEA
770	265	640	SEA
771	265	679	SDA
772	265	679	SDA
773	265	626	SEA
774	265	686	SEA
778	265	816	SDA
779	265	737	SDA
783	265	741	SEA
791	265	1579	SDA
798	265	1493	SDA
801	265	1483	SDA
804	265	638	SDA
808	265	642	SEA
810	265	611	SEA
819	265	710	SDA
834	265	718	SDA
840	265	424	SDA
847	265	330	SDA
853	265	559	SEA
859	265	455	SDA
863	265	489	SDA
871	265	927	SEA
876	265	823	SEA
887	265	732	SEA
889	265	991	SEA
893	265	1025	SDA
895	265	1010	SDA
901	265	375	SEA
908	265	382	SDA
918	265	615	SEA
920	265	644	SEA
922	265	701	SEA
923	265	593	SEA
924	265	252	SDA
926	265	260	SDA
932	265	481	SDA
933	265	491	SDA
936	265	473	SDA
937	265	501	SDA
940	265	494	SEA
941	265	494	SEA
943	265	373	SDA
944	265	435	SEA
950	265	607	SEA
952	265	622	SEA
953	265	609	SEA
965	265	185	SEA
967	265	172	SEA
972	265	721	SEA
986	265	607	SEA
987	265	679	SEA
989	265	683	SEA
992	265	652	SEA
1000	265	301	SDA
1006	265	519	SEA
1007	265	519	SEA
1008	265	500	SEA
1010	265	601	SEA
1013	265	396	SEA
1014	265	446	SEA
1016	265	469	SEA
1019	265	386	SEA
1023	265	334	SEA
1026	265	306	SEA
1028	265	314	SEA
1033	265	199	SEA
1037	265	159	SEA
1040	265	158	SEA
1042	265	215	SEA
1048	265	344	SDA
1049	265	357	SEA
1051	265	417	SEA
1053	265	409	SEA
1057	265	540	SEA
1059	265	423	SEA
1063	265	73	SEA
1064	265	123	SEA
1067	265	115	SEA
1069	265	443	SEA
1071	265	658	SDA
1074	265	745	SEA
1075	265	778	SEA
1090	265	153	SEA
1093	265	452	SDA
1099	265	508	SEA
1103	265	320	SDA
1105	265	292	SEA
1108	265	188	SEA
1112	265	108	SEA
1119	265	385	SEA
1127	265	150	SDA
1130	265	166	SEA
1132	265	168	SEA
1136	265	300	SEA
1140	265	216	SDA
1146	265	742	SEA
1149	265	210	SDA
1153	265	121	SDA
1154	265	186	SDA
1157	265	251	SDA
1164	265	436	SEA
1168	265	900	SEA
1181	265	897	SEA
1183	265	848	SEA
1188	265	169	SEA
1190	265	160	SEA
1200	265	66	SEA
1205	265	816	SDA
1209	265	817	SDA
1210	265	769	SEA
1214	265	872	SDA
1228	265	752	SEA
1239	265	774	SEA
1240	265	673	SEA
1243	265	744	SDA
1248	265	808	SDA
1252	265	703	SEA
1255	265	826	SEA
1257	265	809	SEA
1264	265	847	SDA
1265	265	881	SEA
1267	265	589	SEA
1275	265	507	SDA
1278	265	575	SDA
1280	265	565	SDA
1284	265	1400	SDA
1295	265	781	SEA
1296	265	781	SEA
1301	265	766	SEA
1306	265	825	SDA
1308	265	792	SDA
1312	265	914	SEA
1319	265	676	SEA
