363	138	540	SEA
363	265	388	SEA
363	269	270	SEA
363	860	225	SEA
385	138	540	SEA
385	265	359	SEA
385	269	420	SEA
385	860	652	SEA
408	138	540	SEA
408	265	237	SEA
408	269	188	SEA
408	860	477	SEA
409	138	519	SEA
409	265	179	SEA
409	269	167	SEA
409	860	492	SEA
421	138	290	SEA
421	265	189	SEA
421	269	322	SEA
421	652	480	SEA
421	860	333	SEA
422	138	301	SEA
422	265	167	SEA
422	269	297	SEA
422	652	480	SEA
422	860	317	SEA
435	138	768	SEA
435	265	345	SEA
435	269	231	SEA
435	652	480	SEA
435	860	390	SDA
439	138	162	SEA
439	265	221	SEA
439	269	175	SEA
439	652	480	SEA
439	860	521	SEA
448	138	144	SEA
448	265	287	SEA
448	269	397	SEA
448	652	480	SEA
448	860	398	SEA
458	138	1371	SEA
458	265	361	SEA
458	269	105	SEA
458	652	417	SEA
458	860	729	SEA
463	138	218	SEA
463	265	345	SEA
463	269	233	SEA
463	652	514	SEA
463	860	762	SEA
494	138	311	SEA
494	265	60	SEA
494	269	158	SEA
494	860	513	SDA
529	138	285	SEA
529	265	227	SEA
529	269	252	SEA
529	860	154	SEA
543	138	411	SEA
543	265	285	SEA
543	269	266	SEA
543	860	361	SDA
549	138	597	SEA
549	265	241	SEA
549	269	451	SEA
549	860	791	SEA
554	138	525	SEA
554	265	175	SEA
554	269	236	SEA
554	860	526	SEA
568	138	327	SEA
568	265	291	SEA
568	269	229	SEA
568	860	724	SEA
593	138	272	SEA
593	265	436	SEA
593	269	125	SEA
593	860	770	SEA
606	138	670	SEA
606	265	815	SEA
606	269	606	SEA
606	860	708	SEA
607	138	716	SEA
607	265	364	SEA
607	269	638	SEA
607	860	692	SEA
629	138	539	SEA
629	265	492	SEA
629	269	475	SEA
629	860	1047	SEA
637	138	680	SEA
637	265	649	SEA
637	269	192	SEA
637	860	845	SEA
694	138	641	SEA
694	265	659	SEA
694	269	300	SEA
694	860	944	SEA
710	138	576	SDA
710	265	642	SEA
710	269	429	SEA
710	860	1130	SEA
718	138	904	SEA
718	265	639	SEA
718	269	491	SEA
718	860	1180	SEA
727	138	944	SEA
727	265	660	SEA
727	269	403	SEA
727	860	1113	SEA
729	138	959	SEA
729	265	648	SEA
729	269	335	SDA
729	860	1052	SEA
751	138	483	SEA
751	265	619	SEA
751	269	510	SEA
751	860	541	SEA
757	138	907	SEA
757	265	586	SEA
757	269	424	SEA
757	860	432	SEA
760	138	826	SEA
760	265	660	SEA
760	269	389	SEA
760	860	833	SEA
765	138	1099	SEA
765	265	570	SEA
765	269	268	SEA
765	860	833	SEA
768	138	1039	SEA
768	265	580	SEA
768	269	480	SEA
768	860	797	SEA
770	138	1024	SEA
770	265	660	SEA
770	269	463	SEA
770	860	774	SDA
771	138	1023	SEA
771	265	659	SEA
771	269	453	SEA
771	860	781	SEA
772	138	1023	SEA
772	265	659	SEA
772	269	453	SEA
772	860	781	SEA
774	138	988	SEA
774	265	499	SEA
774	269	672	SEA
774	860	805	SEA
778	138	938	SEA
778	265	239	SEA
778	269	287	SEA
778	860	820	SEA
791	138	849	SEA
791	265	517	SEA
791	269	432	SEA
791	860	932	SEA
798	138	850	SEA
798	265	587	SEA
798	269	467	SEA
798	860	740	SEA
801	138	764	SEA
801	265	576	SDA
801	269	423	SEA
801	860	707	SDA
804	138	730	SEA
804	265	660	SEA
804	269	184	SEA
804	860	655	SEA
808	138	686	SEA
808	265	545	SEA
808	269	373	SEA
808	860	632	SEA
810	138	668	SEA
810	265	568	SEA
810	269	633	SEA
810	860	597	SEA
819	138	984	SEA
819	265	733	SEA
819	269	213	SEA
819	860	956	SEA
834	138	764	SEA
834	265	595	SEA
834	269	342	SEA
834	860	1046	SEA
840	138	731	SEA
840	265	597	SEA
840	269	329	SEA
840	860	1061	SEA
847	138	895	SEA
847	265	660	SEA
847	269	635	SEA
847	860	1133	SEA
853	138	770	SEA
853	265	557	SEA
853	269	403	SEA
853	860	130	SEA
859	138	1036	SEA
859	265	540	SEA
859	269	406	SEA
859	860	65	SEA
863	138	1037	SEA
863	265	403	SEA
863	269	461	SEA
863	860	17	SEA
871	138	796	SEA
871	265	359	SEA
871	269	676	SEA
871	860	1532	SEA
876	138	697	SEA
876	265	59	SEA
876	269	470	SEA
876	860	555	SDA
887	138	479	SEA
887	265	359	SEA
887	269	180	SEA
887	860	842	SEA
889	138	450	SEA
889	265	299	SEA
889	269	228	SEA
889	860	822	SEA
893	138	970	SEA
893	265	293	SEA
893	269	762	SEA
893	860	984	SEA
895	138	913	SEA
895	265	268	SEA
895	269	442	SEA
895	860	1006	SEA
901	138	993	SEA
901	265	440	SEA
901	269	337	SEA
901	860	1154	SEA
908	138	982	SEA
908	265	480	SEA
908	269	285	SEA
908	860	1138	SEA
918	138	1161	SEA
918	265	299	SEA
918	269	920	SEA
918	860	160	SEA
920	138	1170	SEA
920	265	239	SEA
920	269	922	SEA
920	860	141	SEA
922	138	1165	SEA
922	265	247	SEA
922	269	904	SEA
922	860	143	SEA
923	138	1170	SEA
923	265	200	SEA
923	269	843	SEA
923	860	127	SEA
924	138	1145	SEA
924	265	235	SEA
924	269	389	SEA
924	860	122	SEA
926	138	1157	SEA
926	265	385	SEA
926	269	510	SEA
926	860	128	SDA
932	138	702	SEA
932	265	8	SEA
932	269	436	SEA
932	860	156	SEA
933	138	666	SEA
933	265	110	SEA
933	269	407	SEA
933	860	191	SEA
936	138	639	SEA
936	265	245	SEA
936	269	439	SEA
936	860	616	SEA
937	138	610	SEA
937	265	278	SEA
937	269	463	SEA
937	860	656	SEA
940	138	557	SEA
940	265	310	SEA
940	269	430	SEA
940	860	1336	SEA
941	138	535	SEA
941	265	341	SEA
941	269	362	SEA
941	860	1329	SEA
943	138	527	SEA
943	265	425	SEA
943	269	347	SEA
943	860	1387	SEA
944	138	546	SEA
944	265	140	SEA
944	269	435	SEA
944	860	1357	SEA
950	138	722	SEA
950	265	8	SEA
950	269	346	SEA
950	860	611	SEA
952	138	797	SEA
952	265	24	SEA
952	269	367	SEA
952	860	642	SEA
953	138	836	SEA
953	265	1	SEA
953	269	327	SEA
953	860	675	SEA
965	138	727	SEA
965	265	280	SEA
965	269	196	SEA
965	860	875	SEA
967	138	763	SEA
967	265	277	SEA
967	269	107	SEA
967	860	835	SEA
972	138	795	SEA
972	265	280	SEA
972	269	54	SEA
972	860	1130	SEA
986	138	694	SEA
986	265	287	SEA
986	269	5	SEA
986	860	707	SEA
987	138	721	SEA
987	265	336	SEA
987	269	28	SEA
987	860	695	SEA
989	138	756	SEA
989	265	346	SEA
989	269	333	SEA
989	860	761	SEA
992	138	381	SEA
992	265	220	SEA
992	269	361	SEA
992	860	833	SEA
1000	138	439	SEA
1000	265	353	SEA
1000	269	259	SEA
1000	860	623	SEA
1006	138	530	SEA
1006	265	351	SEA
1006	269	166	SEA
1006	860	1243	SEA
1007	138	530	SEA
1007	265	351	SEA
1007	269	166	SEA
1007	860	1243	SEA
1008	138	595	SEA
1008	265	443	SEA
1008	269	212	SEA
1008	860	1241	SEA
1010	138	437	SEA
1010	265	307	SEA
1010	269	124	SEA
1010	860	1255	SEA
1013	138	526	SEA
1013	265	469	SEA
1013	269	475	SEA
1013	860	1322	SEA
1014	138	471	SEA
1014	265	359	SEA
1014	269	448	SEA
1014	860	823	SEA
1016	138	444	SEA
1016	265	319	SEA
1016	269	452	SEA
1016	860	780	SEA
1019	138	543	SEA
1019	265	355	SEA
1019	269	158	SEA
1019	860	713	SEA
1023	138	574	SEA
1023	265	263	SEA
1023	269	200	SEA
1023	860	716	SEA
1026	138	630	SEA
1026	265	330	SEA
1026	269	462	SEA
1026	860	627	SEA
1028	138	578	SEA
1028	265	415	SEA
1028	269	263	SEA
1028	860	636	SEA
1033	138	698	SEA
1033	265	240	SEA
1033	269	256	SEA
1033	860	820	SEA
1037	138	751	SEA
1037	265	249	SEA
1037	269	323	SEA
1037	860	795	SEA
1040	138	448	SEA
1040	265	278	SEA
1040	269	296	SEA
1040	860	842	SEA
1042	138	570	SEA
1042	265	345	SEA
1042	269	314	SEA
1042	860	801	SEA
1048	138	708	SEA
1048	265	199	SEA
1048	269	360	SEA
1048	860	806	SEA
1049	138	445	SEA
1049	265	56	SEA
1049	269	313	SEA
1049	860	1228	SEA
1051	138	465	SEA
1051	265	164	SEA
1051	269	300	SEA
1051	860	1191	SEA
1053	138	452	SEA
1053	265	227	SEA
1053	269	238	SEA
1053	860	1197	SEA
1057	138	493	SEA
1057	265	389	SEA
1057	269	253	SEA
1057	860	1249	SEA
1059	138	696	SEA
1059	265	253	SEA
1059	269	317	SEA
1059	860	1285	SEA
1063	138	500	SEA
1063	265	219	SEA
1063	269	364	SEA
1063	860	1160	SEA
1064	138	577	SEA
1064	265	277	SEA
1064	269	362	SEA
1064	860	676	SEA
1067	138	694	SEA
1067	265	338	SEA
1067	269	217	SEA
1067	860	700	SEA
1069	138	597	SDA
1069	265	218	SEA
1069	269	224	SEA
1069	860	720	SEA
1071	138	735	SEA
1071	265	315	SEA
1071	269	567	SEA
1071	860	741	SEA
1074	138	296	SEA
1074	265	300	SEA
1074	269	614	SEA
1074	860	737	SEA
1075	138	359	SEA
1075	265	307	SEA
1075	269	617	SEA
1075	860	734	SEA
1090	138	488	SEA
1090	265	265	SEA
1090	269	91	SEA
1090	860	817	SEA
1093	138	576	SDA
1093	265	278	SEA
1093	269	285	SEA
1093	860	812	SEA
1099	138	166	SEA
1099	265	205	SEA
1099	269	360	SEA
1099	860	407	SEA
1103	138	206	SEA
1103	265	401	SEA
1103	269	303	SEA
1103	860	423	SEA
1105	138	191	SEA
1105	265	264	SEA
1105	269	323	SEA
1105	860	448	SEA
1108	138	146	SEA
1108	265	341	SEA
1108	269	435	SEA
1108	860	469	SEA
1112	138	528	SDA
1112	265	230	SEA
1112	269	198	SEA
1112	860	1003	SEA
1119	138	341	SEA
1119	265	263	SEA
1119	269	204	SEA
1119	860	951	SEA
1127	138	404	SDA
1127	265	359	SEA
1127	269	344	SEA
1127	860	952	SEA
1130	138	494	SEA
1130	265	289	SEA
1130	269	161	SEA
1130	860	985	SEA
1132	138	496	SEA
1132	265	224	SEA
1132	269	188	SEA
1132	860	982	SEA
1136	138	1061	SDA
1136	265	329	SEA
1136	269	276	SEA
1136	860	526	SEA
1140	138	1180	SDA
1140	265	59	SEA
1140	269	426	SEA
1140	860	602	SEA
1146	138	727	SDA
1146	265	199	SEA
1146	269	244	SEA
1146	860	729	SEA
1149	138	723	SDA
1149	265	33	SEA
1149	269	303	SEA
1149	860	668	SEA
1153	138	722	LSD
1153	265	403	SEA
1153	269	326	SEA
1153	860	660	SEA
1154	138	747	LSD
1154	265	417	SEA
1154	269	419	SEA
1154	860	615	SEA
1157	138	802	LSD
1157	265	432	SEA
1157	269	419	SEA
1157	860	589	SEA
1164	138	719	SEA
1164	265	355	SEA
1164	269	87	SEA
1164	860	814	SEA
1168	138	259	SDA
1168	265	257	SEA
1168	269	32	SEA
1168	860	516	SEA
1181	138	166	SEA
1181	265	379	SEA
1181	269	2	SEA
1181	860	451	SEA
1183	138	530	SEA
1183	265	239	SEA
1183	269	6	SEA
1183	860	465	SEA
1188	138	600	SEA
1188	265	779	SEA
1188	269	11	SEA
1188	860	269	SEA
1190	138	632	SEA
1190	265	766	SEA
1190	269	436	SEA
1190	860	906	SEA
1200	138	864	SEA
1200	265	780	SEA
1200	269	10	SEA
1200	860	350	SEA
1205	138	817	SEA
1205	265	739	SEA
1205	269	777	SEA
1205	860	435	SEA
1209	138	1026	SEA
1209	265	701	SEA
1209	269	791	SEA
1209	860	332	SEA
1210	138	1012	SEA
1210	265	780	SEA
1210	269	765	SEA
1210	860	305	SEA
1214	138	972	SEA
1214	265	780	SEA
1214	269	551	SDA
1214	860	532	SEA
1228	138	1027	SEA
1228	265	727	SEA
1228	269	964	SEA
1228	860	723	SEA
1239	138	793	SEA
1239	265	779	SEA
1239	269	579	SEA
1239	860	484	SEA
1240	138	790	SEA
1240	265	739	SEA
1240	269	574	SEA
1240	860	414	SEA
1243	138	727	SEA
1243	265	689	SEA
1243	269	544	SEA
1243	860	253	SEA
1248	138	797	SEA
1248	265	582	SEA
1248	269	533	SEA
1248	860	245	SEA
1252	138	854	SEA
1252	265	780	SEA
1252	269	1020	SEA
1252	860	1065	SEA
1255	138	798	SEA
1255	265	746	SEA
1255	269	943	SEA
1255	860	18	SEA
1257	138	927	SDA
1257	265	791	SEA
1257	269	946	SEA
1257	860	76	SEA
1264	138	1079	SEA
1264	265	780	SEA
1264	269	481	SEA
1264	860	15	SEA
1265	138	1073	SEA
1265	265	779	SEA
1265	269	819	SEA
1265	860	64	SEA
1275	138	668	SDA
1275	265	780	SEA
1275	269	863	SEA
1275	860	923	SEA
1278	138	655	SDA
1278	265	779	SEA
1278	269	686	SEA
1278	860	954	SEA
1279	138	655	SDA
1279	265	779	SEA
1279	269	686	SEA
1279	860	954	SEA
1280	138	643	SEA
1280	265	739	SEA
1280	269	708	SEA
1280	860	971	SEA
1284	138	622	SEA
1284	265	815	SEA
1284	269	666	SEA
1284	860	888	SEA
1295	138	676	SEA
1295	265	812	SEA
1295	269	495	SEA
1295	860	983	SEA
1296	138	676	SEA
1296	265	812	SEA
1296	269	495	SEA
1296	860	983	SEA
1301	138	470	SEA
1301	265	780	SEA
1301	269	443	SEA
1301	860	860	SEA
1306	138	405	SEA
1306	265	788	SEA
1306	269	775	SEA
1306	860	1032	SEA
1308	138	348	SEA
1308	265	743	SEA
1308	269	677	SEA
1308	860	1082	SEA
1312	138	728	SEA
1312	265	741	SEA
1312	269	667	SEA
1312	860	1177	SEA
1319	138	680	SEA
1319	265	739	SEA
1319	269	754	SEA
1319	860	985	SEA
