363	268	420	SEA
363	70	359	SEA
375	268	420	SEA
375	70	159	SEA
395	268	360	SEA
395	268A	1500	SEA
395	70	196	SEA
408	268	345	SEA
408	70	339	SEA
409	268	285	SEA
409	70	408	SEA
421	268	480	SEA
421	70	248	SEA
422	268	480	SEA
422	268A	2040	SEA
422	70	188	SEA
435	268	480	SEA
435	70	513	SEA
439	268	245	SEA
439	70	419	SEA
448	268	480	SEA
448	70	481	SEA
458	268	480	SEA
458	70	404	SEA
494	268	960	SEA
494	70	352	SEA
529	268	325	SEA
529	70	540	SEA
542	268	465	SEA
542	70	399	SEA
554	268	205	SEA
554	70	739	SEA
568	268	425	SEA
568	70	419	SEA
593	268	540	SEA
593	70	714	SEA
606	268	485	SEA
606	70	720	SEA
607	268	365	SEA
607	70	720	SEA
623	268	5	SEA
623	70	649	SEA
624	268	425	SEA
624	70	608	SEA
637	268	720	SEA
637	70	659	SEA
654	268	720	SEA
654	70	639	SEA
663	268	720	SEA
663	70	544	SEA
667	268	720	SEA
667	70	600	SEA
694	268	545	SEA
694	70	671	SEA
710	268	780	SEA
710	70	659	SEA
718	268	705	SEA
718	70	658	SEA
720	268	545	SEA
720	70	840	SEA
727	268	780	SEA
727	70	821	SEA
729	268	780	SEA
729	70	840	SEA
736	268	780	SEA
736	70	799	SEA
757	268	605	SEA
757	70	359	SEA
760	268	692	SEA
760	70	900	SEA
761	268	780	SEA
761	70	900	SEA
768	268	725	SEA
768	70	927	SEA
770	268	605	SEA
770	70	900	SEA
771	268	545	SEA
771	70	900	SEA
775	268	780	SEA
775	70	900	SEA
778	268	780	SEA
778	70	899	SEA
791	268	780	SEA
791	70	900	SEA
798	268	780	SEA
798	70	930	SEA
801	268	780	SEA
801	70	840	SEA
804	268	780	SEA
804	70	840	SEA
808	268	780	SEA
808	70	839	SEA
810	268	780	SEA
810	70	719	SEA
819	268	780	SEA
819	70	840	SEA
834	268	665	SEA
834	70	900	SEA
840	268	780	SEA
840	70	659	SEA
847	268	705	SEA
847	70	900	SEA
853	268	780	SEA
853	70	779	SEA
859	268	780	SEA
859	70	900	SEA
863	268	565	SEA
863	70	900	SEA
871	268	660	SEA
871	70	599	SEA
876	268	365	SEA
876	70	900	SEA
887	268	365	SEA
887	70	861	SEA
889	268	660	SEA
889	70	900	SEA
893	268	660	SEA
893	70	900	SEA
895	268	545	SEA
895	70	900	SEA
901	268	600	SEA
901	70	900	SEA
908	268	600	SEA
908	70	900	SEA
918	268	365	SEA
918	70	900	SEA
920	268	600	SEA
920	70	900	SEA
922	268	600	SEA
922	70	900	SEA
923	268	600	SEA
923	70	900	SEA
924	268	600	SEA
924	70	900	SEA
926	268	505	SEA
926	70	900	SEA
932	268	987	SEA
932	70	773	SEA
933	268	926	SEA
933	70	772	SEA
936	268	683	SEA
936	70	900	SEA
937	268	622	SEA
937	70	900	SEA
940	268	480	SEA
940	70	900	SEA
941	268	480	SEA
941	70	900	SEA
943	268	480	SEA
943	70	876	SEA
944	268	425	SEA
944	70	982	SEA
950	268	480	SEA
950	70	480	SEA
952	268	425	SEA
952	70	480	SEA
953	268	385	SEA
953	70	480	SEA
965	268	185	SEA
965	70	419	SEA
967	268	960	SEA
967	70	552	SEA
972	268	685	SEA
972	70	379	SEA
986	268	305	SEA
986	70	419	SEA
987	268	245	SEA
987	70	359	SEA
989	268	480	SEA
989	70	299	SEA
992	268	480	SEA
992	70	358	SEA
1000	268	425	SEA
1000	70	419	SEA
1006	268	65	SEA
1006	70	420	SEA
1007	268	65	SEA
1007	70	420	SEA
1008	268	5	SEA
1008	70	419	SEA
1010	268	385	SEA
1010	70	319	SEA
1013	268	407	SEA
1013	70	99	SEA
1014	268	420	SEA
1014	70	359	SEA
1016	268	365	SEA
1016	70	381	SEA
1019	268	245	SEA
1019	70	270	SEA
1023	268	425	SEA
1023	70	239	SEA
1026	268	245	SEA
1026	70	357	SEA
1028	268	480	SEA
1028	70	359	SEA
1033	268	305	SEA
1033	70	294	SEA
1037	268	125	SEA
1037	70	239	SEA
1040	268	425	SEA
1040	70	311	SEA
1042	268	285	SEA
1042	70	371	SEA
1048	268	385	SEA
1048	70	319	SEA
1049	268	305	SEA
1049	70	239	SEA
1051	268	665	SEA
1051	70	268	SEA
1053	268	420	SEA
1053	70	238	SEA
1057	268	420	SEA
1057	70	599	SEA
1059	268	420	SEA
1059	70	348	SEA
1063	268	385	SEA
1063	70	347	SEA
1064	268	305	SEA
1064	70	787	SEA
1067	268	185	SEA
1067	70	366	SEA
1069	268	105	SEA
1069	70	339	SEA
1071	268	305	SEA
1071	70	480	SEA
1071	70M	900	SEA
1074	268	125	SEA
1074	70	359	SEA
1074	70M	900	SEA
1075	268	480	SEA
1075	70	299	SEA
1075	70M	900	SEA
1090	268	205	SEA
1090	70M	900	SEA
1093	268	480	SEA
1093	70M	900	SEA
1099	268	145	SEA
1099	70M	729	SEA
1103	268	305	SEA
1103	70M	663	SEA
1105	268	185	SEA
1105	70M	840	SEA
1108	268	5	SEA
1108	70M	840	SEA
1112	268	305	SEA
1112	70M	769	SEA
1119	268	365	SEA
1119	70M	1680	SEA
1127	268	365	SEA
1127	70M	1666	SEA
1130	268	540	SEA
1130	70M	840	SEA
1132	268	540	SEA
1132	70M	840	SEA
1136	268	365	SEA
1136	70M	840	SEA
1140	268	540	SEA
1140	70M	769	SEA
1146	268	245	SEA
1146	70M	523	SDA
1149	268	480	SEA
1149	70M	840	SEA
1153	268	305	SEA
1153	70M	769	SEA
1157	268	480	SEA
1157	70M	589	SEA
1164	268	185	SEA
1164	70M	840	SEA
1168	268	305	SEA
1168	70M	709	SEA
1181	268	385	SEA
1181	70M	789	SEA
1183	268	245	SEA
1183	70M	778	SEA
1188	268	780	SEA
1188	70M	900	SEA
1190	268	665	SEA
1190	70M	900	SEA
1200	268	780	SEA
1200	70M	756	SEA
1205	268	485	SEA
1205	70M	900	SEA
1209	268	780	SEA
1209	70M	900	SEA
1210	268	780	SEA
1210	70M	889	SEA
1214	268	780	SEA
1214	70M	851	SEA
1228	268	685	SEA
1228	70M	760	SEA
1239	268	780	SEA
1239	70M	889	SEA
1240	268	745	SEA
1240	70M	849	SEA
1243	268	605	SEA
1243	70M	900	SEA
1248	268	780	SEA
1248	70M	900	SEA
1252	268	780	SEA
1252	70M	900	SEA
1255	268	625	SEA
1255	70M	849	SEA
1257	268	545	SEA
1257	70M	857	SEA
1264	268	780	SEA
1264	70M	660	SEA
1265	268	780	SEA
1265	70M	660	SEA
1275	268	780	SEA
1275	70M	289	SEA
1278	268	780	SEA
1278	70M	295	SEA
1280	268	745	SEA
1280	70M	297	SEA
1284	268	780	SEA
1284	70M	574	SEA
1295	268	545	SEA
1295	70M	627	SEA
1296	268	545	SEA
1296	70M	627	SEA
1301	268	780	SEA
1301	70M	660	SEA
1306	268	665	SEA
1306	70M	600	SEA
1308	268	545	SEA
1308	70M	660	SEA
1312	268	780	SEA
1312	70M	660	SEA
1319	268	745	SEA
1319	70M	369	SEA
