363	167	86	SEA
363	800	259	SEA
363	811	393	SEA
363	856	115	SEA
363	858	47	SEA
363	859	296	SEA
363	969	185	SEA
363	980	448	SEA
375	800	391	SEA
375	811	260	SEA
375	856	178	SEA
375	858	168	SDA
375	859	866	SEA
375	969	262	SEA
375	980	492	SEA
385	167	1800	SEA
385	800	119	SEA
385	811	715	SEA
385	856	300	SEA
385	858	183	SEA
385	859	531	SEA
385	969	39	SEA
385	980	469	SEA
400	167	1548	SEA
400	800	331	SEA
400	811	25	SDA
400	856	8	SEA
400	858	254	SDA
400	859	103	SEA
400	969	429	SEA
400	980	108	SEA
408	800	294	SDA
408	811	821	SEA
408	856	1	SEA
408	858	160	SEA
408	859	329	SDA
408	969	213	SEA
408	980	498	SDA
409	800	252	SDA
409	811	197	SEA
409	856	69	SEA
409	858	702	SEA
409	859	286	SDA
409	969	275	SEA
409	980	573	SDA
414	800	291	SDA
414	811	284	SEA
414	856	416	SEA
414	858	489	SDA
414	859	530	SDA
414	969	88	SEA
414	980	255	SEA
421	167	1739	SEA
421	800	502	SEA
421	811	209	SDA
421	856	200	SEA
421	858	566	SDA
421	859	525	SEA
421	969	322	SEA
421	980	569	SDA
422	167	1679	SEA
422	800	310	SDA
422	811	273	SDA
422	856	99	SEA
422	858	105	SDA
422	859	606	SEA
422	969	328	SEA
422	980	283	SEA
435	800	308	SDA
435	811	339	SEA
435	856	169	SEA
435	858	678	SEA
435	859	412	SEA
435	969	377	SEA
435	980	454	SEA
439	800	420	SDA
439	811	577	SEA
439	856	87	SEA
439	858	671	SEA
439	859	440	SEA
439	969	342	SEA
439	980	369	SEA
448	800	11	SDA
448	811	165	SEA
448	856	112	SEA
448	858	315	SDA
448	859	481	SEA
448	969	209	SEA
448	980	436	SDA
453	800	67	SDA
453	811	170	SEA
453	856	90	SEA
453	858	406	SDA
453	859	475	SEA
453	969	405	SEA
453	980	363	SEA
457	167	1655	SEA
457	800	55	SEA
457	811	452	SEA
457	856	19	SEA
457	858	4	SDA
457	859	1041	SEA
457	969	275	SEA
457	980	352	SEA
458	167	1544	SEA
458	800	215	SEA
458	811	227	SEA
458	856	559	SEA
458	858	20	SEA
458	859	1119	SEA
458	969	265	SEA
458	980	363	SEA
463	167	1575	SEA
463	800	105	SEA
463	811	175	SEA
463	856	501	SEA
463	858	589	SDA
463	859	122	SEA
463	969	7	SEA
463	980	725	SEA
490	167	1490	SEA
490	800	451	SEA
490	811	511	SDA
490	856	129	SEA
490	858	7	SEA
490	859	692	SEA
490	969	456	SDA
490	980	636	SEA
494	167	1445	SEA
494	800	496	SEA
494	811	570	SEA
494	856	141	SEA
494	858	53	SEA
494	859	705	SEA
494	969	505	SDA
494	980	651	SEA
500	800	372	SEA
500	811	248	SEA
500	856	281	SEA
500	858	5	SDA
500	859	437	SEA
500	969	410	SDA
500	980	1601	SEA
501	800	373	SEA
501	811	257	SEA
501	856	205	SEA
501	858	1	SDA
501	859	491	SEA
501	969	900	SEA
501	980	1604	SEA
507	167	1800	SEA
507	800	534	SEA
507	811	180	SEA
507	856	488	SEA
507	858	9	SEA
507	859	488	SEA
507	969	115	SEA
507	980	523	SDA
508	167	1800	SEA
508	800	541	SEA
508	811	207	SEA
508	856	547	SEA
508	858	9	SEA
508	859	482	SEA
508	969	93	SEA
508	980	529	SDA
512	167	1679	SEA
512	800	448	SEA
512	811	936	SEA
512	856	491	SEA
512	858	718	SEA
512	859	689	SEA
512	969	9	SDA
512	980	734	SDA
513	167	7	SEA
513	800	454	SEA
513	811	129	SEA
513	856	460	SEA
513	858	736	SEA
513	859	655	SEA
513	969	4	SDA
513	980	745	SDA
517	167	194	SEA
517	800	520	SEA
517	811	321	SEA
517	856	359	SEA
517	858	293	SDA
517	859	568	SEA
517	969	7	SDA
517	980	726	SEA
520	167	1527	SEA
520	800	318	SEA
520	811	545	SEA
520	856	7	SEA
520	858	211	SDA
520	859	569	SEA
520	969	27	SEA
520	980	733	SDA
529	800	406	SEA
529	811	710	SEA
529	856	212	SEA
529	858	1044	SEA
529	859	533	SEA
529	969	439	SEA
529	980	685	SEA
531	800	378	SEA
531	811	725	SEA
531	856	160	SEA
531	858	1025	SEA
531	859	555	SEA
531	969	453	SEA
531	980	35	SEA
536	167	1800	SEA
536	800	518	SEA
536	811	322	SEA
536	856	317	SEA
536	858	70	SEA
536	859	595	SEA
536	969	3	SEA
536	980	320	SEA
541	167	1759	SEA
541	800	342	SEA
541	811	297	SEA
541	856	365	SEA
541	858	99	SEA
541	859	269	SEA
541	969	435	SEA
541	980	441	SDA
542	167	1719	SEA
542	800	305	SEA
542	811	262	SEA
542	856	366	SEA
542	858	39	SEA
542	859	223	SEA
542	969	459	SEA
542	980	424	SDA
543	167	1719	SEA
543	800	305	SEA
543	811	262	SEA
543	856	366	SEA
543	858	39	SEA
543	859	223	SEA
543	969	459	SEA
543	980	424	SDA
549	167	380	SEA
549	800	608	SEA
549	811	492	SEA
549	856	110	SEA
549	858	719	SEA
549	859	1028	SEA
549	969	616	SDA
549	980	345	SEA
554	800	146	SEA
554	811	78	SEA
554	856	7	SEA
554	858	420	SDA
554	859	515	SEA
554	969	93	SEA
554	980	613	SEA
564	800	532	SEA
564	811	66	SEA
564	856	8	SEA
564	858	379	SDA
564	859	595	SEA
564	969	526	SEA
564	980	596	SEA
568	800	417	SEA
568	811	79	SEA
568	856	20	SEA
568	858	157	SEA
568	859	776	SEA
568	969	468	SEA
568	980	800	SEA
578	167	283	SEA
578	800	397	SEA
578	811	143	SEA
578	856	259	SEA
578	858	474	SEA
578	859	422	SDA
578	969	284	SEA
578	980	569	SEA
593	800	415	SEA
593	811	130	SEA
593	856	88	SEA
593	858	220	SDA
593	859	577	SEA
593	969	410	SEA
593	980	832	SEA
606	167	1628	SEA
606	800	224	SEA
606	811	255	SEA
606	856	156	SEA
606	858	463	SEA
606	859	698	SEA
606	969	556	SEA
606	980	606	SEA
607	167	1609	SEA
607	800	159	SEA
607	811	214	SEA
607	856	541	SEA
607	858	362	SEA
607	859	748	SEA
607	969	594	SEA
607	980	687	SEA
610	167	1583	SEA
610	800	174	SEA
610	811	142	SEA
610	856	542	SEA
610	858	333	SEA
610	859	740	SEA
610	969	575	SEA
610	980	743	SEA
615	800	471	SEA
615	811	510	SEA
615	856	578	SEA
615	858	547	SEA
615	859	739	SEA
615	969	150	SEA
615	980	738	SEA
624	800	346	SEA
624	811	253	SEA
624	856	411	SEA
624	858	117	SDA
624	859	767	SEA
624	969	553	SEA
624	980	299	SEA
629	800	478	SEA
629	811	182	SEA
629	856	419	SEA
629	858	79	SDA
629	859	412	SEA
629	969	420	SEA
629	980	706	SEA
637	800	165	SEA
637	811	608	SEA
637	856	370	SEA
637	858	429	SDA
637	859	335	SEA
637	969	488	SEA
637	980	351	SEA
654	800	463	SEA
654	811	626	SEA
654	856	266	SEA
654	858	381	SDA
654	859	619	SEA
654	969	664	SEA
654	980	520	SEA
663	800	282	SEA
663	811	126	SEA
663	856	409	SEA
663	858	885	SEA
663	859	683	SEA
663	969	488	SEA
663	980	212	SEA
667	167	82	SEA
667	800	237	SEA
667	811	47	SEA
667	856	369	SEA
667	858	879	SEA
667	859	733	SEA
667	969	480	SEA
667	980	638	SEA
694	167	63	SEA
694	800	189	SEA
694	811	228	SEA
694	856	307	SEA
694	858	969	SEA
694	859	691	SEA
694	969	492	SEA
694	980	736	SEA
701	167	1497	SEA
701	800	394	SEA
701	811	88	SEA
701	856	876	SEA
701	858	259	SEA
701	859	696	SEA
701	969	549	SEA
701	980	632	SEA
710	800	237	SEA
710	811	350	SEA
710	856	189	SEA
710	858	103	SDA
710	859	612	SEA
710	969	670	SEA
710	980	642	SEA
718	167	1800	SEA
718	800	293	SEA
718	811	556	SEA
718	856	126	SEA
718	858	597	SEA
718	859	604	SEA
718	969	327	SEA
718	980	683	SEA
720	167	1800	SEA
720	800	394	SEA
720	811	603	SEA
720	856	606	SEA
720	858	515	SEA
720	859	651	SEA
720	969	225	SEA
720	980	646	SEA
727	167	1635	SEA
727	800	404	SEA
727	811	156	SEA
727	856	736	SEA
727	858	510	SEA
727	859	612	SEA
727	969	422	SEA
727	980	214	SEA
729	167	1622	SEA
729	800	582	SEA
729	811	177	SEA
729	856	699	SEA
729	858	510	SEA
729	859	632	SEA
729	969	518	SEA
729	980	292	SEA
736	800	329	SEA
736	811	4	SEA
736	856	422	SEA
736	858	367	SDA
736	859	622	SEA
736	969	752	SEA
736	980	762	SEA
739	800	499	SEA
739	811	34	SEA
739	856	430	SEA
739	858	308	SDA
739	859	615	SEA
739	969	518	SEA
739	980	628	SEA
740	800	488	SEA
740	811	136	SEA
740	856	419	SEA
740	858	293	SDA
740	859	621	SEA
740	969	504	SEA
740	980	649	SEA
745	167	1800	SEA
745	800	211	SEA
745	811	464	SEA
745	856	353	SEA
745	858	845	SEA
745	859	434	SEA
745	969	609	SEA
745	980	687	SEA
749	167	1800	SEA
749	800	220	SEA
749	811	222	SEA
749	856	474	SEA
749	858	777	SEA
749	859	357	SEA
749	969	650	SEA
749	980	710	SEA
750	167	1799	SEA
750	800	246	SEA
750	811	210	SEA
750	856	443	SEA
750	858	749	SEA
750	859	351	SEA
750	969	595	SEA
750	980	781	SEA
757	167	172	SEA
757	800	525	SEA
757	811	157	SEA
757	856	822	SEA
757	858	327	SDA
757	859	1200	SEA
757	969	325	SEA
757	980	447	SEA
759	167	218	SEA
759	800	544	SEA
759	811	185	SEA
759	856	783	SEA
759	858	326	SDA
759	859	1161	SEA
759	969	308	SEA
759	980	487	SEA
760	167	360	SEA
760	800	610	SEA
760	811	196	SEA
760	856	808	SEA
760	858	267	SDA
760	859	1329	SEA
760	969	377	SEA
760	980	731	SEA
761	167	1522	SEA
761	800	665	SEA
761	811	112	SEA
761	856	800	SEA
761	858	178	SDA
761	859	1352	SEA
761	969	372	SEA
761	980	748	SEA
765	800	334	SEA
765	811	447	SEA
765	856	623	SEA
765	858	150	SDA
765	859	581	SEA
765	969	332	SEA
765	980	115	SEA
768	800	247	SEA
768	811	438	SEA
768	856	622	SEA
768	858	91	SEA
768	859	448	SEA
768	969	434	SEA
768	980	296	SEA
770	800	159	SEA
770	811	381	SEA
770	856	733	SEA
770	858	350	SDA
770	859	348	SEA
770	969	488	SEA
770	980	388	SEA
771	800	226	SEA
771	811	325	SEA
771	856	738	SEA
771	858	340	SDA
771	859	269	SEA
771	969	455	SEA
771	980	587	SEA
772	800	226	SEA
772	811	325	SEA
772	856	738	SEA
772	858	340	SDA
772	859	269	SEA
772	969	455	SEA
772	980	587	SEA
773	800	150	SDA
773	811	646	SEA
773	856	656	SEA
773	858	247	SDA
773	859	159	SEA
773	969	511	SEA
773	980	554	SEA
774	800	433	SEA
774	811	576	SEA
774	856	860	SEA
774	858	234	SDA
774	859	137	SEA
774	969	496	SEA
774	980	568	SEA
775	800	433	SEA
775	811	576	SEA
775	856	860	SEA
775	858	234	SDA
775	859	137	SEA
775	969	496	SEA
775	980	568	SEA
778	167	1800	SEA
778	800	376	SEA
778	811	539	SEA
778	856	956	SEA
778	858	258	SDA
778	859	147	SEA
778	969	515	SEA
778	980	563	SEA
783	167	116	SEA
783	800	338	SEA
783	811	183	SEA
783	856	858	SEA
783	858	312	SEA
783	859	228	SEA
783	969	603	SEA
783	980	661	SEA
791	800	427	SEA
791	811	120	SEA
791	856	161	SEA
791	858	271	SEA
791	859	1047	SEA
791	969	618	SEA
791	980	261	SEA
801	800	428	SEA
801	811	280	SEA
801	856	875	SEA
801	858	689	SDA
801	859	488	SDA
801	969	382	SEA
801	980	700	SEA
804	800	506	SEA
804	811	232	SEA
804	856	555	SEA
804	858	572	SDA
804	859	406	SDA
804	969	497	SEA
804	980	94	SEA
808	167	1800	SEA
808	800	446	SEA
808	811	275	SEA
808	856	570	SEA
808	858	440	SDA
808	859	524	SDA
808	969	433	SEA
808	980	358	SEA
810	167	1799	SEA
810	800	508	SEA
810	811	345	SEA
810	856	629	SEA
810	858	444	SEA
810	859	547	SEA
810	969	767	SEA
810	980	667	SEA
819	167	364	SEA
819	800	379	SEA
819	811	482	SEA
819	856	711	SEA
819	858	89	SEA
819	859	690	SEA
819	969	515	SEA
819	980	1597	SEA
834	800	457	SEA
834	811	642	SEA
834	856	465	SEA
834	858	697	SEA
834	859	23	SEA
834	969	331	SEA
834	980	628	SEA
840	167	1799	SEA
840	800	97	SEA
840	811	209	SEA
840	856	185	SDA
840	858	89	SEA
840	859	4	SEA
840	969	423	SEA
840	980	652	SDA
847	167	228	SEA
847	800	254	SEA
847	811	529	SEA
847	856	244	SDA
847	858	450	SEA
847	859	853	SEA
847	969	300	SEA
847	980	250	SEA
853	800	127	SDA
853	811	413	SEA
853	856	745	SEA
853	858	236	SDA
853	859	786	SDA
853	969	350	SEA
853	980	613	SEA
859	800	223	SDA
859	811	124	SEA
859	856	1027	SEA
859	858	679	SEA
859	859	697	SDA
859	969	313	SEA
859	980	56	SEA
863	800	603	SEA
863	811	163	SEA
863	856	1006	SEA
863	858	684	SEA
863	859	663	SDA
863	969	328	SEA
863	980	196	SEA
871	167	1739	SEA
871	800	84	SEA
871	811	505	SEA
871	856	262	SEA
871	858	293	SEA
871	859	825	SEA
871	969	528	SEA
871	980	491	SEA
876	167	1622	SEA
876	800	421	SEA
876	811	620	SEA
876	856	242	SEA
876	858	461	SEA
876	859	593	SEA
876	969	488	SEA
876	980	703	SEA
887	800	387	SEA
887	811	128	SEA
887	856	115	SEA
887	858	523	SEA
887	859	695	SEA
887	969	216	SEA
887	980	397	SEA
889	800	318	SEA
889	811	118	SEA
889	856	45	SEA
889	858	487	SEA
889	859	658	SEA
889	969	226	SEA
889	980	579	SEA
893	800	256	SEA
893	811	164	SEA
893	856	269	SEA
893	858	447	SEA
893	859	309	SDA
893	969	151	SEA
893	980	751	SEA
895	800	303	SEA
895	811	160	SEA
895	856	225	SEA
895	858	403	SEA
895	859	232	SDA
895	969	108	SEA
895	980	439	SEA
901	167	1739	SEA
901	800	496	SEA
901	811	706	SEA
901	856	441	SEA
901	858	77	SEA
901	859	712	SEA
901	969	292	SEA
901	980	462	SEA
908	167	350	SEA
908	800	392	SEA
908	811	244	SDA
908	856	572	SEA
908	858	460	SEA
908	859	305	SEA
908	969	205	SEA
908	980	479	SEA
918	800	289	SEA
918	811	38	SEA
918	856	879	SEA
918	858	458	SDA
918	859	355	SEA
918	969	494	SEA
918	980	710	SEA
920	800	311	SEA
920	811	93	SEA
920	856	923	SEA
920	858	467	SDA
920	859	281	SEA
920	969	518	SEA
920	980	695	SEA
922	800	460	SEA
922	811	195	SEA
922	856	461	SEA
922	858	493	SEA
922	859	928	SEA
922	969	545	SEA
922	980	273	SEA
923	800	600	SEA
923	811	597	SEA
923	856	423	SEA
923	858	460	SEA
923	859	922	SEA
923	969	531	SEA
923	980	387	SEA
924	800	584	SEA
924	811	604	SEA
924	856	456	SDA
924	858	433	SEA
924	859	811	SEA
924	969	492	SEA
924	980	331	SEA
926	167	1800	SEA
926	800	521	SEA
926	811	94	SEA
926	856	474	SDA
926	858	427	SEA
926	859	821	SEA
926	969	437	SEA
926	980	424	SEA
932	167	1697	SEA
932	800	238	SEA
932	811	118	SEA
932	856	435	SEA
932	858	482	SDA
932	859	353	SEA
932	969	439	SEA
932	980	604	SEA
933	167	1689	SEA
933	800	192	SEA
933	811	143	SEA
933	856	370	SEA
933	858	424	SDA
933	859	341	SEA
933	969	227	SEA
933	980	656	SEA
936	167	1771	SEA
936	800	222	SEA
936	811	279	SEA
936	856	401	SEA
936	858	458	SEA
936	859	319	SEA
936	969	256	SEA
936	980	523	SEA
937	167	1825	SEA
937	800	314	SEA
937	811	229	SEA
937	856	492	SEA
937	858	390	SEA
937	859	286	SEA
937	969	262	SEA
937	980	616	SEA
940	800	201	SEA
940	811	233	SEA
940	856	561	SEA
940	858	459	SEA
940	859	380	SEA
940	969	610	SEA
940	980	653	SEA
941	800	202	SEA
941	811	243	SEA
941	856	571	SEA
941	858	439	SEA
941	859	353	SEA
941	969	609	SEA
941	980	631	SEA
943	800	245	SEA
943	811	289	SEA
943	856	511	SEA
943	858	447	SEA
943	859	674	SEA
943	969	543	SEA
943	980	727	SEA
944	800	223	SEA
944	811	344	SEA
944	856	652	SEA
944	858	431	SEA
944	859	729	SEA
944	969	583	SEA
944	980	813	SEA
950	800	389	SEA
950	811	350	SEA
950	856	594	SEA
950	858	116	SDA
950	859	684	SEA
950	969	408	SEA
950	980	404	SEA
952	800	602	SEA
952	811	602	SEA
952	856	438	SEA
952	858	160	SDA
952	859	692	SEA
952	969	350	SEA
952	980	544	SEA
953	800	540	SEA
953	811	650	SEA
953	856	453	SEA
953	858	159	SDA
953	859	747	SEA
953	969	290	SEA
953	980	586	SEA
965	167	1643	SEA
965	800	278	SEA
965	811	250	SEA
965	856	384	SEA
965	858	597	SEA
965	859	553	SEA
965	969	188	SEA
965	980	599	SEA
967	167	1686	SEA
967	800	243	SEA
967	811	153	SEA
967	856	330	SEA
967	858	712	SEA
967	859	592	SDA
967	969	281	SEA
967	980	479	SEA
972	167	1647	SEA
972	800	249	SEA
972	811	21	SEA
972	856	516	SEA
972	858	66	SDA
972	859	403	SEA
972	969	481	SEA
972	980	322	SEA
986	167	1800	SEA
986	800	236	SEA
986	811	540	SEA
986	856	565	SEA
986	858	413	SEA
986	859	579	SDA
986	969	116	SEA
986	980	486	SEA
987	167	1800	SEA
987	800	240	SEA
987	811	491	SEA
987	856	605	SEA
987	858	396	SEA
987	859	498	SDA
987	969	101	SEA
987	980	518	SEA
989	167	1800	SEA
989	800	247	SEA
989	811	547	SEA
989	856	576	SEA
989	858	318	SEA
989	859	505	SEA
989	969	102	SEA
989	980	598	SEA
992	167	1773	SEA
992	800	301	SEA
992	811	480	SEA
992	856	479	SEA
992	858	456	SEA
992	859	437	SEA
992	969	205	SEA
992	980	591	SEA
1000	167	1668	SEA
1000	800	316	SEA
1000	811	96	SDA
1000	856	367	SEA
1000	858	276	SEA
1000	859	942	SEA
1000	969	181	SEA
1000	980	461	SEA
1006	800	152	SEA
1006	811	27	SEA
1006	856	190	SEA
1006	858	258	SEA
1006	859	448	SEA
1006	969	472	SEA
1006	980	450	SEA
1007	800	152	SEA
1007	811	27	SEA
1007	856	190	SEA
1007	858	258	SEA
1007	859	448	SEA
1007	969	472	SEA
1007	980	450	SEA
1008	800	178	SEA
1008	811	87	SEA
1008	856	755	SEA
1008	858	529	SEA
1008	859	506	SEA
1008	969	473	SEA
1008	980	508	SEA
1010	800	184	SEA
1010	811	51	SEA
1010	856	794	SEA
1010	858	520	SEA
1010	859	468	SEA
1010	969	22	SEA
1010	980	567	SEA
1013	800	299	SEA
1013	811	706	SEA
1013	856	753	SEA
1013	858	321	SDA
1013	859	455	SEA
1013	969	175	SEA
1013	980	640	SEA
1014	800	398	SEA
1014	811	773	SEA
1014	856	659	SEA
1014	858	273	SDA
1014	859	428	SEA
1014	969	543	SEA
1014	980	236	SEA
1016	167	1800	SEA
1016	800	371	SEA
1016	811	718	SEA
1016	856	618	SEA
1016	858	274	SDA
1016	859	446	SEA
1016	969	484	SEA
1016	980	336	SEA
1019	167	1800	SEA
1019	800	354	SEA
1019	811	121	SDA
1019	856	598	SEA
1019	858	170	SDA
1019	859	405	SEA
1019	969	113	SEA
1019	980	593	SEA
1023	167	1679	SEA
1023	800	375	SEA
1023	811	105	SDA
1023	856	537	SEA
1023	858	617	SEA
1023	859	979	SDA
1023	969	200	SEA
1023	980	701	SEA
1026	167	167	SEA
1026	800	394	SEA
1026	811	109	SEA
1026	856	132	SEA
1026	858	284	SDA
1026	859	428	SEA
1026	969	548	SEA
1026	980	86	SEA
1028	167	338	SEA
1028	800	495	SEA
1028	811	102	SEA
1028	856	86	SEA
1028	858	351	SEA
1028	859	505	SDA
1028	969	439	SEA
1028	980	265	SEA
1033	167	1662	SEA
1033	800	417	SEA
1033	811	537	SEA
1033	811A	1650	SEA
1033	856	76	SEA
1033	858	344	SEA
1033	859	492	SDA
1033	969	183	SEA
1033	980	467	SEA
1037	800	323	SEA
1037	811	173	SEA
1037	811A	1583	SEA
1037	856	718	SEA
1037	858	94	SEA
1037	859	521	SDA
1037	969	219	SEA
1037	980	421	SEA
1040	800	237	SEA
1040	811	24	SEA
1040	811A	1592	SEA
1040	856	728	SDA
1040	858	120	SEA
1040	859	483	SDA
1040	969	708	SEA
1040	980	595	SEA
1042	800	172	SEA
1042	811	10	SEA
1042	811A	1678	SEA
1042	856	807	SDA
1042	858	198	SEA
1042	859	782	SEA
1042	969	733	SEA
1042	980	611	SEA
1048	167	1800	SEA
1048	800	404	SEA
1048	811	604	SEA
1048	856	805	SEA
1048	858	107	SDA
1048	859	716	SEA
1048	969	185	SEA
1048	980	715	SEA
1049	167	1800	SEA
1049	800	416	SEA
1049	811	530	SEA
1049	856	742	SEA
1049	858	124	SDA
1049	859	707	SEA
1049	969	166	SEA
1049	980	727	SEA
1051	167	1662	SEA
1051	800	242	SEA
1051	811	539	SDA
1051	856	510	SDA
1051	858	141	SDA
1051	859	1022	SEA
1051	969	208	SEA
1051	980	701	SEA
1053	167	1662	SEA
1053	800	349	SEA
1053	811	607	SEA
1053	856	485	SDA
1053	858	801	SEA
1053	859	1050	SEA
1053	969	220	SEA
1053	980	706	SEA
1057	167	1697	SEA
1057	800	366	SEA
1057	811	239	SEA
1057	856	583	SEA
1057	858	8	SDA
1057	859	1072	SEA
1057	969	63	SEA
1057	980	27	SEA
1059	167	1694	SEA
1059	800	312	SEA
1059	811	120	SEA
1059	856	587	SDA
1059	858	6	SDA
1059	859	1136	SDA
1059	969	481	SEA
1059	980	148	SEA
1063	167	1599	SEA
1063	800	252	SEA
1063	811	460	SEA
1063	811A	1639	SEA
1063	856	620	SEA
1063	858	6	SEA
1063	859	189	SDA
1063	969	104	SEA
1063	980	280	SEA
1064	800	358	SEA
1064	811	493	SEA
1064	811A	1559	SEA
1064	856	461	SEA
1064	858	24	SDA
1064	859	210	SDA
1064	969	129	SEA
1064	980	493	SEA
1067	800	401	SDA
1067	811	267	SEA
1067	811A	1439	SEA
1067	856	518	SEA
1067	858	9	SDA
1067	859	104	SDA
1067	969	63	SDA
1067	980	489	SEA
1069	800	425	SEA
1069	811	348	SEA
1069	811A	1411	SEA
1069	856	572	SEA
1069	858	8	SDA
1069	859	95	SDA
1069	969	78	SDA
1069	980	610	SEA
1071	800	707	SEA
1071	811	273	SEA
1071	811A	1361	SEA
1071	856	480	SEA
1071	858	622	SDA
1071	859	5	SDA
1071	969	4	SEA
1071	980	719	SEA
1074	800	798	SEA
1074	811	204	SEA
1074	811A	1346	SEA
1074	856	449	SEA
1074	858	769	SDA
1074	859	176	SEA
1074	969	836	SEA
1074	980	494	SEA
1075	167	1800	SEA
1075	800	720	SEA
1075	811	234	SEA
1075	811A	1326	SEA
1075	856	568	SDA
1075	858	816	SDA
1075	859	110	SEA
1075	969	752	SEA
1075	980	462	SEA
1090	167	333	SEA
1090	800	14	SEA
1090	811	212	SDA
1090	856	869	SEA
1090	858	524	SEA
1090	859	567	SEA
1090	969	456	SEA
1090	980	525	SEA
1093	167	1606	SEA
1093	800	564	SEA
1093	811	83	SDA
1093	856	890	SEA
1093	858	542	SEA
1093	859	1602	SDA
1093	969	373	SDA
1093	980	588	SEA
1099	800	321	SEA
1099	811	31	SDA
1099	856	886	SEA
1099	858	328	SDA
1099	859	280	SDA
1099	969	184	SEA
1099	980	52	SEA
1103	800	307	SEA
1103	811	33	SEA
1103	856	404	LSD
1103	858	256	SEA
1103	859	209	SEA
1103	969	585	SEA
1103	980	382	SEA
1105	800	307	SEA
1105	811	187	SEA
1105	856	392	LSD
1105	858	325	SEA
1105	859	216	SEA
1105	969	343	SEA
1105	980	288	SDA
1108	800	594	SEA
1108	811	84	SEA
1108	811A	1457	SEA
1108	856	339	LSD
1108	858	730	SDA
1108	859	225	SEA
1108	969	296	SEA
1108	980	242	SEA
1112	800	573	SEA
1112	811	384	SEA
1112	811A	1522	SEA
1112	856	259	LSD
1112	858	780	SDA
1112	859	111	SEA
1112	969	252	SEA
1112	980	638	SEA
1119	167	243	SEA
1119	800	307	SEA
1119	811	167	SEA
1119	856	230	SDA
1119	858	261	SDA
1119	859	94	SDA
1119	969	33	SDA
1119	980	130	SEA
1127	800	451	SEA
1127	811	402	SEA
1127	856	278	SEA
1127	858	294	SDA
1127	859	114	SEA
1127	969	96	SEA
1127	980	594	SEA
1130	800	516	SEA
1130	811	561	SEA
1130	856	405	SEA
1130	858	4	SEA
1130	859	552	SEA
1130	969	774	SEA
1130	980	710	SDA
1132	800	553	SEA
1132	811	619	SEA
1132	856	474	SEA
1132	858	13	SEA
1132	859	588	SEA
1132	969	875	SEA
1132	980	715	SDA
1136	800	449	SEA
1136	811	305	SDA
1136	856	4	SEA
1136	858	88	SDA
1136	859	611	SEA
1136	969	942	SEA
1136	980	457	SEA
1140	800	530	SEA
1140	811	357	SEA
1140	856	49	SEA
1140	858	20	SDA
1140	859	638	SEA
1140	969	313	SEA
1140	980	511	SDA
1146	167	1771	SEA
1146	800	451	SEA
1146	811	11	SEA
1146	856	265	SEA
1146	858	455	SEA
1146	859	550	SEA
1146	969	302	SDA
1146	980	584	SEA
1149	167	1732	SEA
1149	800	623	SEA
1149	811	61	SEA
1149	856	134	SEA
1149	858	603	SDA
1149	859	798	SDA
1149	969	246	SDA
1149	980	538	SEA
1153	800	22	SEA
1153	811	368	SEA
1153	856	293	SEA
1153	858	635	SEA
1153	859	827	SEA
1153	969	861	SEA
1153	980	572	SEA
1154	800	27	SEA
1154	811	407	SEA
1154	856	768	SEA
1154	858	223	SDA
1154	859	818	SEA
1154	969	827	SEA
1154	980	580	SEA
1157	800	7	SEA
1157	811	320	SEA
1157	856	773	SEA
1157	858	178	SDA
1157	859	494	SDA
1157	969	910	SEA
1157	980	643	SEA
1164	800	336	SEA
1164	811	36	SEA
1164	856	125	SEA
1164	858	161	SDA
1164	859	445	SDA
1164	969	272	SEA
1164	980	614	SEA
1168	167	1800	SEA
1168	800	512	SEA
1168	811	25	SEA
1168	856	219	SEA
1168	858	671	SEA
1168	859	517	SDA
1168	969	386	SEA
1168	980	814	SEA
1181	167	1594	SEA
1181	800	486	SEA
1181	811	63	SEA
1181	856	243	SEA
1181	858	352	SDA
1181	859	540	SEA
1181	969	379	SEA
1181	980	712	SEA
1183	167	1566	SEA
1183	800	579	SEA
1183	811	51	SEA
1183	856	166	SEA
1183	858	220	SEA
1183	859	505	SEA
1183	969	239	SEA
1183	980	712	SEA
1188	800	505	SEA
1188	811	162	SEA
1188	856	662	SEA
1188	858	767	SEA
1188	859	649	SEA
1188	969	22	SEA
1188	980	820	SEA
1190	800	512	SEA
1190	811	574	SEA
1190	856	689	SEA
1190	858	380	SDA
1190	859	612	SEA
1190	969	43	SDA
1190	980	828	SEA
1200	167	1800	SEA
1200	800	212	SEA
1200	811	292	SEA
1200	856	198	SEA
1200	858	445	SEA
1200	859	1103	SEA
1200	969	125	SDA
1200	980	104	SEA
1205	167	197	SEA
1205	800	401	SEA
1205	811	426	SEA
1205	856	202	SEA
1205	858	400	SDA
1205	859	718	SEA
1205	969	8	SEA
1205	980	778	SEA
1209	167	351	SEA
1209	800	416	SEA
1209	811	272	SEA
1209	856	231	SEA
1209	858	372	SDA
1209	859	729	SEA
1209	969	660	SEA
1209	980	784	SEA
1210	167	409	SEA
1210	800	506	SEA
1210	811	229	SEA
1210	856	231	SEA
1210	858	605	SEA
1210	859	663	SDA
1210	969	93	SEA
1210	980	899	SEA
1214	800	451	SEA
1214	811	293	SEA
1214	856	248	SEA
1214	858	598	SEA
1214	859	642	SEA
1214	969	347	SDA
1214	980	935	SEA
1228	167	1800	SEA
1228	800	446	SEA
1228	811	494	SEA
1228	856	431	SEA
1228	858	495	SDA
1228	859	654	SEA
1228	969	199	SEA
1228	980	286	SEA
1239	167	1585	SEA
1239	800	335	SEA
1239	811	186	SEA
1239	856	327	SEA
1239	858	477	SEA
1239	859	1184	SEA
1239	969	288	SDA
1239	980	878	SEA
1240	167	1593	SEA
1240	800	292	SEA
1240	811	264	SEA
1240	856	317	SEA
1240	858	510	SEA
1240	859	1215	SEA
1240	969	320	SDA
1240	980	873	SEA
1243	167	1516	SEA
1243	800	477	SEA
1243	811	632	SEA
1243	856	287	SEA
1243	858	393	SEA
1243	859	1190	SEA
1243	969	516	SDA
1243	980	865	SEA
1248	800	345	SEA
1248	811	210	SDA
1248	856	271	SEA
1248	858	378	SEA
1248	859	482	SEA
1248	969	579	SEA
1248	980	724	SEA
1252	800	384	SEA
1252	811	321	SEA
1252	856	176	SDA
1252	858	637	SDA
1252	859	377	SEA
1252	969	505	SEA
1252	980	704	SEA
1255	167	1800	SEA
1255	800	479	SEA
1255	811	392	SEA
1255	856	126	SDA
1255	858	489	SDA
1255	859	347	SEA
1255	969	739	SEA
1255	980	395	SEA
1256	167	1800	SEA
1256	800	438	SEA
1256	811	446	SEA
1256	856	85	SEA
1256	858	423	SDA
1256	859	347	SEA
1256	969	811	SEA
1256	980	460	SEA
1257	167	1800	SEA
1257	800	438	SEA
1257	811	446	SEA
1257	856	85	SEA
1257	858	423	SDA
1257	859	347	SEA
1257	969	811	SEA
1257	980	460	SEA
1264	167	1797	SEA
1264	800	423	SEA
1264	811	315	SEA
1264	856	182	SEA
1264	858	561	SEA
1264	859	276	SEA
1264	969	730	SEA
1264	980	1071	SEA
1265	167	1796	SEA
1265	800	430	SEA
1265	811	298	SEA
1265	856	748	SEA
1265	858	21	SDA
1265	859	247	SEA
1265	969	543	SEA
1265	980	900	SEA
1275	800	462	SEA
1275	811	242	SEA
1275	856	573	SEA
1275	858	818	SEA
1275	859	1202	SEA
1275	969	514	SEA
1275	980	1083	SEA
1278	800	309	SEA
1278	811	251	SEA
1278	856	490	SEA
1278	858	785	SEA
1278	859	949	SEA
1278	969	506	SEA
1278	980	1054	SEA
1279	800	309	SEA
1279	811	251	SEA
1279	856	490	SEA
1279	858	785	SEA
1279	859	949	SEA
1279	969	506	SEA
1279	980	1054	SEA
1280	800	307	SEA
1280	811	276	SEA
1280	856	893	SEA
1280	858	763	SEA
1280	859	963	SEA
1280	969	468	SEA
1280	980	819	SEA
1284	800	398	SEA
1284	811	501	SEA
1284	856	1003	SEA
1284	858	65	SEA
1284	859	822	SEA
1284	969	510	SEA
1284	980	889	SEA
1289	167	1800	SEA
1289	800	564	SEA
1289	811	527	SEA
1289	856	1239	SEA
1289	858	46	SDA
1289	859	1391	SEA
1289	969	391	SEA
1289	980	975	SEA
1295	167	149	SEA
1295	800	224	SEA
1295	811	322	SEA
1295	856	1239	SEA
1295	858	633	SEA
1295	859	1319	SEA
1295	969	608	SEA
1295	980	719	SEA
1296	167	149	SEA
1296	800	224	SEA
1296	811	322	SEA
1296	856	1239	SEA
1296	858	633	SEA
1296	859	1319	SEA
1296	969	608	SEA
1296	980	719	SEA
1301	167	1539	SEA
1301	800	211	SEA
1301	811	344	SEA
1301	856	1235	SEA
1301	858	613	SEA
1301	859	1174	SEA
1301	969	429	SEA
1301	980	327	SEA
1306	800	304	SEA
1306	811	435	SEA
1306	856	55	SEA
1306	858	190	SEA
1306	859	829	SDA
1306	969	484	SEA
1306	980	744	SEA
1308	800	462	SEA
1308	811	544	SEA
1308	856	113	SEA
1308	858	88	SEA
1308	859	605	SDA
1308	969	442	SEA
1308	980	844	SEA
1312	800	527	SEA
1312	811	441	SEA
1312	856	100	SEA
1312	858	145	SEA
1312	859	755	SEA
1312	969	533	SEA
1312	980	211	SEA
1319	167	1800	SEA
1319	800	392	SEA
1319	811	394	SEA
1319	856	139	SEA
1319	858	401	SEA
1319	859	637	SEA
1319	969	227	SEA
1319	980	570	SEA
