363	117M	880	SEA
363	169	351	SEA
363	882	832	SEA
363	883	459	SEA
385	117M	712	SEA
385	169	668	SEA
385	882	788	SEA
385	883	368	SEA
408	117M	675	SEA
408	169	330	SDA
408	169A	420	SEA
408	882	145	SEA
408	883	110	SEA
409	117M	530	SEA
409	169	325	SDA
409	169A	420	SEA
409	882	100	SEA
409	883	10	SEA
421	117M	779	SEA
421	169	336	SEA
421	882	326	SEA
421	883	101	SEA
422	117M	808	SEA
422	169	321	SEA
422	169A	72	SEA
422	882	315	SEA
422	883	132	SEA
435	117M	265	SEA
435	169	272	SEA
435	882	612	SEA
435	883	91	SEA
439	117M	353	SEA
439	169	274	SEA
439	882	669	SEA
439	883	395	SEA
448	117M	996	SEA
448	169	330	SEA
448	882	635	SEA
448	883	241	SEA
458	117M	733	SEA
458	169	285	SEA
458	882	822	SEA
458	883	101	SEA
463	117M	996	SEA
463	169	486	SEA
463	882	465	SEA
463	883	104	SEA
494	117M	381	SEA
494	169	106	SEA
494	882	670	SEA
494	883	97	SEA
507	117M	871	SEA
507	169	370	SEA
507	882	1071	SEA
507	883	621	SEA
512	117M	428	SEA
512	169	288	SEA
512	882	465	SEA
512	883	605	SEA
529	117	616	SEA
529	117M	155	SEA
529	169	682	SEA
529	882	862	SEA
529	883	608	SEA
543	117	625	SEA
543	169	706	SEA
543	882	678	SEA
543	883	398	SEA
549	117	600	SEA
549	169	296	SEA
549	882	936	SEA
549	883	341	SEA
554	117	554	SEA
554	169	428	SEA
554	882	970	SEA
554	883	478	SEA
568	117	894	SEA
568	169	174	SEA
568	882	756	SEA
568	883	286	SEA
593	117	503	SEA
593	169	221	SEA
593	882	619	SEA
593	883	601	SEA
606	117	772	SEA
606	169	527	SEA
606	882	536	SEA
606	883	746	SEA
607	117	862	SEA
607	169	714	SEA
607	882	577	SEA
607	883	695	SEA
629	117	633	SEA
629	169	548	SEA
629	882	360	SEA
629	883	903	SEA
637	117	743	SEA
637	169	389	SEA
637	882	844	SEA
637	883	686	SEA
654	117	730	SEA
654	169	297	SEA
654	882	568	SEA
654	883	959	SEA
694	117	825	SEA
694	169	332	SEA
694	882	774	SEA
694	883	1004	SEA
710	117	704	SEA
710	169	574	SEA
710	882	869	SEA
710	883	812	SEA
720	117	1119	SEA
720	169	495	SEA
720	882	774	SEA
720	883	730	SEA
727	117	715	SEA
727	169	453	SEA
727	882	792	SEA
727	883	649	SEA
729	117	712	SEA
729	169	448	SEA
729	882	830	SEA
729	883	581	SEA
751	117	867	SEA
751	169	359	SEA
751	882	431	SEA
751	883	1097	SEA
757	117	826	SEA
757	169	303	SEA
757	882	714	SEA
757	883	1088	SEA
759	117	821	SEA
759	169	795	SEA
759	882	718	SEA
759	883	1080	SEA
760	117	933	SEA
760	169	795	SEA
760	882	804	SEA
760	883	1030	SEA
761	117	1004	SEA
761	169	849	SEA
761	882	765	SEA
761	883	1025	SEA
765	117	981	SEA
765	169	5	SEA
765	882	583	SEA
765	883	362	SEA
768	117	974	SEA
768	169	30	SEA
768	882	564	SEA
768	883	278	SEA
770	117	981	SEA
770	169	106	SEA
770	882	568	SEA
770	883	325	SEA
771	117	929	SEA
771	169	92	SEA
771	882	523	SEA
771	883	392	SEA
772	117	929	SEA
772	169	92	SEA
772	882	523	SEA
772	883	392	SEA
774	117	794	SEA
774	169	17	SEA
774	882	547	SEA
774	883	407	SEA
778	117	964	SEA
778	169	666	SEA
778	882	759	SEA
778	883	890	SEA
791	117	862	SEA
791	169	19	SEA
791	882	667	SEA
791	883	793	SEA
798	117	1026	SEA
798	169	75	SEA
798	882	616	SEA
798	883	896	SEA
801	117	993	SEA
801	169	51	SEA
801	882	672	SEA
801	883	856	SEA
804	117	982	SEA
804	169	729	SEA
804	882	669	SEA
804	883	798	SEA
808	117	772	SEA
808	169	146	SEA
808	882	683	SEA
808	883	739	SEA
810	117	793	SEA
810	169	149	SEA
810	882	782	SEA
810	883	757	SEA
819	117	740	SEA
819	169	448	SEA
819	882	627	SEA
819	883	360	SEA
834	117	839	SEA
834	169	466	SEA
834	882	559	SEA
834	883	802	SEA
840	117	632	SEA
840	169	140	SEA
840	882	607	SEA
840	883	770	SEA
847	117	651	SEA
847	169	68	SEA
847	882	783	SEA
847	883	821	SEA
853	117	932	SEA
853	169	366	SEA
853	882	1132	SEA
853	883	654	SEA
859	117	910	SEA
859	169	358	SEA
859	882	478	SEA
859	883	765	SEA
863	117	969	SEA
863	169	634	SEA
863	882	468	SDA
863	883	859	SEA
871	117	1007	SEA
871	169	9	SEA
871	882	815	SEA
871	883	725	SEA
876	117	1268	SEA
876	169	86	SEA
876	882	270	SEA
876	883	787	SEA
887	117	643	SEA
887	169	119	SEA
887	882	428	SEA
887	883	1118	SEA
889	117	557	SEA
889	169	136	SEA
889	882	456	SEA
889	883	1096	SEA
893	117	654	SEA
893	169	85	SEA
893	882	870	SEA
893	883	1153	SEA
895	117	669	SEA
895	169	480	SEA
895	882	862	SEA
895	883	391	SEA
901	117	919	SEA
901	169	235	SEA
901	882	423	SEA
901	883	410	SEA
908	117	939	SEA
908	169	506	SEA
908	882	646	SEA
908	883	250	SEA
918	117	933	SEA
918	169	875	SEA
918	882	769	SEA
918	883	991	SEA
920	117	870	SEA
920	169	854	SEA
920	882	760	SEA
920	883	970	SEA
922	117	777	SEA
922	169	293	SEA
922	882	812	SEA
922	883	903	SEA
923	117	783	SEA
923	169	222	SEA
923	882	862	SEA
923	883	937	SEA
924	117	870	SEA
924	169	287	SEA
924	882	413	SDA
924	883	963	SEA
926	117	891	SEA
926	169	315	SEA
926	882	745	SEA
926	883	1058	SEA
932	117	1027	SEA
932	169	343	SEA
932	882	418	SEA
932	883	484	SEA
933	117	1051	SEA
933	169	340	SEA
933	882	419	SEA
933	883	501	SEA
936	117	913	SEA
936	169	86	SEA
936	882	459	SEA
936	883	678	SEA
937	117	877	SEA
937	169	88	SEA
937	882	443	SEA
937	883	528	SEA
940	117	605	SEA
940	169	663	SEA
940	882	1028	SEA
940	883	474	SEA
941	117	624	SEA
941	169	646	SEA
941	882	832	SEA
941	883	427	SEA
943	117	707	SEA
943	169	342	SEA
943	882	788	SEA
943	883	472	SEA
944	117	728	SEA
944	169	278	SEA
944	882	795	SEA
944	883	503	SEA
950	117	782	SEA
950	169	251	SEA
950	882	871	SEA
950	883	807	SEA
952	117	914	SEA
952	169	145	SEA
952	882	830	SEA
952	883	866	SEA
953	117	883	SEA
953	169	152	SEA
953	882	866	SEA
953	883	864	SEA
965	117	931	SEA
965	169	478	SEA
965	882	881	SEA
965	883	660	SEA
967	117	951	SEA
967	169	479	SEA
967	882	717	SEA
967	883	886	SEA
972	117	789	SEA
972	169	679	SEA
972	882	660	SEA
972	883	949	SEA
986	117	1062	SEA
986	169	107	SEA
986	882	786	SEA
986	883	830	SEA
987	117	1140	SEA
987	169	77	SEA
987	882	715	SEA
987	883	832	SEA
989	117	1120	SEA
989	169	63	SEA
989	882	717	SEA
989	883	783	SEA
992	117	1067	SEA
992	169	838	SEA
992	882	737	SEA
992	883	630	SEA
1000	117	738	SEA
1000	169	973	SEA
1000	882	720	SEA
1000	883	689	SEA
1006	117	584	SEA
1006	169	799	SDA
1006	882	639	SEA
1006	883	695	SEA
1007	117	584	SEA
1007	169	799	SDA
1007	882	639	SEA
1007	883	695	SEA
1008	117	607	SEA
1008	169	384	SEA
1008	882	600	SEA
1008	883	661	SEA
1010	117	631	SEA
1010	169	347	SEA
1010	882	569	SEA
1010	883	666	SEA
1013	117	662	SEA
1013	169	382	SEA
1013	882	791	SEA
1013	883	760	SEA
1014	117	642	SEA
1014	169	440	SEA
1014	882	764	SEA
1014	883	740	SEA
1016	117	670	SEA
1016	169	370	SEA
1016	882	795	SEA
1016	883	765	SEA
1019	117	843	SEA
1019	169	380	SEA
1019	882	685	SEA
1019	883	532	SEA
1023	117	901	SEA
1023	169	314	SEA
1023	882	901	SEA
1023	883	500	SEA
1026	117	829	SEA
1026	169	266	SEA
1026	882	764	SEA
1026	883	542	SEA
1028	117	687	SEA
1028	169	440	SEA
1028	882	773	SEA
1028	883	460	SEA
1033	117	1118	SEA
1033	169	512	SEA
1033	882	605	SEA
1033	883	429	SEA
1037	117	1213	SEA
1037	169	415	SDA
1037	882	868	SEA
1037	883	507	SEA
1040	117	1348	SEA
1040	169	363	SDA
1040	882	876	SEA
1040	883	428	SEA
1042	117	1335	SEA
1042	169	427	SDA
1042	882	898	SEA
1042	883	307	SEA
1048	117	788	SEA
1048	169	305	SDA
1048	882	573	SDA
1048	883	608	SEA
1049	117	836	SEA
1049	169	191	SEA
1049	882	626	SEA
1049	883	521	SEA
1051	117	823	SEA
1051	169	243	SEA
1051	882	546	SEA
1051	883	454	SEA
1053	117	808	SEA
1053	169	201	SEA
1053	882	563	SEA
1053	883	526	SEA
1057	117	1000	SDA
1057	117M	652	SDA
1057	169	350	SEA
1057	882	611	SEA
1057	883	557	SEA
1059	117	996	SEA
1059	117M	657	SDA
1059	169	592	SEA
1059	882	807	SEA
1059	883	674	SEA
1063	117M	652	SDA
1063	169	531	SEA
1063	882	1059	SEA
1063	883	742	SEA
1064	117M	634	SDA
1064	169	585	SEA
1064	882	1144	SEA
1064	883	734	SEA
1067	117M	552	SDA
1067	169	243	SEA
1067	882	293	SEA
1067	883	728	SEA
1069	117M	473	SDA
1069	169	228	SEA
1069	882	280	SEA
1069	883	719	SEA
1071	117M	518	SDA
1071	169	255	SDA
1071	882	291	SEA
1071	883	769	SEA
1074	117M	471	SEA
1074	169	175	SDA
1074	882	224	SEA
1074	883	834	SEA
1075	117M	463	SEA
1075	169	93	SDA
1075	882	519	SEA
1075	883	869	SEA
1090	117M	411	SEA
1090	169	451	SEA
1090	882	540	SEA
1090	883	199	SEA
1093	117M	839	SEA
1093	169	530	SDA
1093	882	608	SEA
1093	883	228	SEA
1099	117M	720	SEA
1099	169	14	SEA
1099	882	604	SEA
1099	883	666	SEA
1103	117M	472	SEA
1103	169	9	SEA
1103	882	596	SEA
1103	883	821	SEA
1105	117M	546	SEA
1105	169	10	SEA
1105	882	605	SEA
1105	883	810	SEA
1108	117M	555	SDA
1108	169	509	SEA
1108	882	553	SEA
1108	883	803	SEA
1112	117M	565	SEA
1112	169	436	SEA
1112	882	758	SEA
1112	883	53	SEA
1119	117M	623	SEA
1119	169	271	SEA
1119	882	392	SDA
1119	883	107	SEA
1127	117M	1432	SDA
1127	169	704	SEA
1127	882	209	SDA
1127	883	342	SEA
1130	117M	1379	SDA
1130	169	621	SEA
1130	882	213	SEA
1130	883	351	SEA
1132	117M	737	SEA
1132	169	622	SEA
1132	882	136	SEA
1132	883	246	SEA
1136	117M	694	SEA
1136	169	693	SDA
1136	882	147	SEA
1136	883	815	SEA
1140	117M	573	SEA
1140	169	671	SDA
1140	882	716	SEA
1140	883	740	SEA
1146	117M	642	SEA
1146	169	880	SEA
1146	882	828	SEA
1146	883	233	SEA
1149	117M	683	SEA
1149	169	948	SEA
1149	882	596	SEA
1149	883	218	SEA
1153	117M	613	SEA
1153	169	925	SEA
1153	882	538	SEA
1153	883	116	SDA
1154	117M	604	SEA
1154	169	955	SEA
1154	882	563	SEA
1154	883	88	SEA
1157	117M	572	SEA
1157	169	658	SEA
1157	882	573	SEA
1157	883	622	SEA
1164	117M	396	SEA
1164	169	625	SDA
1164	882	690	SEA
1164	883	571	SEA
1168	117M	1076	SEA
1168	169	660	SDA
1168	882	755	SEA
1168	883	371	SEA
1181	117M	446	SEA
1181	169	396	SEA
1181	882	527	SEA
1181	883	702	SEA
1183	117M	461	SEA
1183	169	420	SEA
1183	882	475	SEA
1183	883	742	SEA
1183	883B	155	SEA
1188	117M	568	SEA
1188	169	1008	SEA
1188	882	478	SEA
1188	883	729	SEA
1190	117M	561	SEA
1190	169	981	SEA
1190	882	477	SEA
1190	883	670	SEA
1200	117	849	SEA
1200	169	960	SEA
1200	882	489	SDA
1200	883	556	SEA
1205	117	755	SEA
1205	169	912	SEA
1205	882	449	SEA
1205	883	410	SEA
1209	117	846	SEA
1209	169	899	SEA
1209	882	453	SEA
1209	883	783	SEA
1210	117	855	SEA
1210	169	894	SEA
1210	882	434	SEA
1210	883	801	SEA
1214	117	862	SEA
1214	169	21	SEA
1214	882	495	SEA
1214	883	478	SEA
1228	117	777	SEA
1228	169	528	SEA
1228	882	497	SEA
1228	883	982	SEA
1239	117	996	SEA
1239	169	638	SEA
1239	882	597	SEA
1239	883	747	SEA
1240	117	962	SEA
1240	169	608	SEA
1240	882	595	SEA
1240	883	703	SEA
1243	117	920	SEA
1243	169	612	SEA
1243	882	601	SEA
1243	883	674	SEA
1248	117	1130	SEA
1248	169	741	SEA
1248	882	638	SEA
1248	883	1014	SEA
1252	117	1163	SEA
1252	169	520	SEA
1252	882	502	SEA
1252	883	1005	SEA
1255	117	758	SEA
1255	169	580	SEA
1255	882	376	SEA
1255	883	942	SEA
1257	117	740	SEA
1257	169	510	SEA
1257	882	322	SEA
1257	883	968	SEA
1264	117	927	SEA
1264	169	398	SEA
1264	882	302	SEA
1264	883	955	SEA
1265	117	840	SEA
1265	169	362	SEA
1265	882	766	SEA
1265	883	1015	SDA
1275	117	762	SEA
1275	169	508	SEA
1275	882	659	SEA
1275	883	752	SEA
1278	117	750	SEA
1278	169	475	SEA
1278	882	674	SEA
1278	883	854	SEA
1279	117	750	SEA
1279	169	475	SEA
1279	882	674	SEA
1279	883	854	SEA
1280	117	783	SEA
1280	169	512	SEA
1280	882	673	SEA
1280	883	873	SEA
1284	117	801	SEA
1284	169	607	SEA
1284	882	431	SEA
1284	883	783	SEA
1289	117	899	SEA
1289	169	681	SEA
1289	882	361	SEA
1289	883	845	SEA
1295	117	929	SEA
1295	169	257	SEA
1295	882	717	SEA
1295	883	345	SEA
1296	117	929	SEA
1296	169	257	SEA
1296	882	717	SEA
1296	883	345	SEA
1301	117	982	SEA
1301	169	94	SEA
1301	882	650	SEA
1301	883	278	SEA
1306	117	847	SEA
1306	169	118	SEA
1306	882	583	SEA
1306	883	345	SEA
1308	117	868	SEA
1308	169	90	SEA
1308	882	552	SEA
1308	883	1654	SEA
1312	117	911	SEA
1312	169	1278	SEA
1312	882	592	SEA
1312	883	1752	SEA
1319	117	951	SEA
1319	169	1131	SEA
1319	882	514	SEA
1319	883	159	SEA
