363	169	433	SEA
363	856	946	SEA
375	169	294	SEA
375	856	282	SEA
385	169	12	SDA
385	856	133	SEA
385	981	600	SEA
395	169	446	SEA
395	856	501	SEA
395	981	600	SEA
408	169	231	SEA
408	856	315	SEA
408	981	519	SEA
409	169	260	SEA
409	856	254	SEA
409	981	459	SEA
414	169	455	SEA
414	856	136	SEA
414	981	324	SEA
421	169	779	SDA
421	856	91	SEA
421	981	270	SEA
422	169	757	SDA
422	856	68	SEA
422	981	334	SEA
435	169	736	SDA
435	856	509	SEA
435	981	508	SEA
439	169	81	SEA
439	856	72	SDA
439	981	572	SDA
448	169	85	SEA
448	856	403	SEA
448	981	387	SDA
450	169	696	SEA
450	856	392	SEA
450	981	329	SEA
453	169	631	LSD
453	856	281	SDA
453	981	238	SEA
458	169	589	LSD
458	856	203	SDA
458	981	511	SEA
463	169	600	SDA
463	856	186	SEA
463	981	318	SDA
465	169	145	SDA
465	856	129	SEA
465	981	302	SDA
488	169	150	SDA
488	856	231	SDA
488	981	546	SEA
490	169	118	SDA
490	856	609	SDA
490	981	669	SEA
494	169	147	SDA
494	856	73	SEA
494	981	732	SEA
500	169	87	SEA
500	856	159	SDA
500	981	561	SEA
507	169	935	SDA
507	856	385	SEA
507	981	535	SEA
508	169	1009	SDA
508	856	363	SEA
508	981	593	SEA
512	169	907	SEA
512	856	387	SDA
512	981	154	SEA
513	169	954	SEA
513	856	306	SEA
513	981	275	SEA
516	169	158	SDA
516	856	343	SEA
516	981	362	SEA
517	169	132	SDA
517	856	334	SEA
517	981	293	SEA
520	169	105	SDA
520	856	512	SEA
520	981	358	SEA
529	169	42	SDA
529	856	210	SEA
529	981	729	SEA
531	169	14	SDA
531	856	232	SEA
531	981	624	SEA
536	169	467	SEA
536	856	537	SEA
536	981	485	SEA
542	169	407	SDA
542	856	5	SEA
542	981	615	SEA
543	169	407	SDA
543	856	5	SEA
543	981	615	SEA
549	169	447	SEA
549	856	428	SEA
549	981	284	SEA
554	169	522	SEA
554	856	710	SEA
554	981	722	SEA
564	169	205	SEA
564	856	404	SEA
568	169	454	SEA
568	856	472	SEA
593	169	426	SEA
593	856	431	SEA
596	169	415	SEA
596	856	330	SEA
597	169	473	SEA
597	856	377	SEA
606	169	279	SEA
606	856	705	SEA
607	169	199	SEA
607	856	247	SEA
610	169	883	SEA
610	856	134	SEA
615	169	531	SEA
615	856	149	SEA
629	169	286	SEA
629	856	919	SEA
630	169	286	SEA
630	856	919	SEA
637	169	571	SEA
637	856	479	SEA
654	169	601	SEA
654	856	1053	SEA
663	169	630	SEA
663	856	502	SEA
667	169	578	SEA
667	856	527	SEA
672	169	628	SEA
672	856	243	SEA
692	169	168	SEA
692	856	447	SEA
694	169	318	SEA
694	856	513	SEA
710	169	499	SEA
710	856	627	SEA
718	169	890	SEA
718	856	603	SEA
720	169	137	SEA
720	856	622	SEA
727	169	245	SEA
727	856	692	SEA
729	169	226	SEA
729	856	582	SEA
739	169	312	SEA
739	856	316	SEA
740	169	335	SEA
740	856	269	SEA
745	169	397	SEA
745	856	924	SEA
749	169	546	SEA
749	856	471	SEA
751	169	572	SEA
751	856	531	SEA
757	169	598	SEA
757	856	412	SEA
759	169	501	SEA
759	856	428	SEA
760	169	517	SEA
760	856	434	SEA
761	169	484	SEA
761	856	460	SEA
765	169	361	SEA
765	856	500	SEA
770	169	455	SEA
770	856	918	SEA
771	169	492	SEA
771	856	996	SEA
772	169	492	SEA
772	856	996	SEA
774	169	300	SEA
774	856	1011	SEA
775	169	300	SEA
775	856	1011	SEA
778	169	208	SEA
778	856	396	SEA
779	169	256	SEA
779	856	655	SEA
783	169	449	SEA
783	856	553	SEA
791	169	400	SEA
791	856	568	SEA
798	169	665	SEA
798	856	446	SEA
801	169	640	SEA
801	856	433	SEA
804	169	743	SEA
804	856	329	SEA
808	169	690	SEA
808	856	778	SEA
810	169	721	SEA
810	856	720	SEA
819	169	196	SEA
819	856	519	SEA
834	169	427	SEA
834	856	568	SEA
840	169	634	SEA
840	856	452	SEA
847	169	528	SEA
847	856	641	SEA
853	169	499	SEA
853	856	561	SEA
859	169	833	SEA
859	856	325	SEA
863	169	732	SEA
863	856	340	SEA
871	169	58	SEA
871	856	692	SEA
876	169	86	SEA
876	856	556	SEA
887	169	254	SEA
887	856	675	SEA
889	169	270	SEA
889	856	571	SEA
893	169	5	SEA
893	856	580	SEA
895	169	98	SEA
895	856	724	SEA
901	169	822	SEA
901	856	826	SEA
908	169	40	SEA
908	856	610	SEA
918	169	359	SEA
918	856	769	SEA
920	169	454	SEA
920	856	33	SEA
922	169	494	SEA
922	856	10	SEA
923	169	466	SEA
923	856	13	SEA
924	169	141	SEA
924	856	43	SEA
926	169	98	SEA
926	856	13	SEA
932	169	360	SEA
932	856	621	SEA
933	169	408	SEA
933	856	516	SEA
936	169	325	SEA
936	856	372	SEA
937	169	361	SEA
937	856	392	SEA
940	169	503	SEA
940	856	373	SEA
941	169	453	SEA
941	856	385	SEA
943	169	494	SEA
943	856	720	SEA
944	169	527	SEA
944	856	756	SEA
950	169	372	SEA
950	856	372	SEA
952	169	434	SEA
952	856	307	SEA
953	169	126	SEA
953	856	365	SEA
965	169	504	SEA
965	856	571	SEA
967	169	679	SEA
967	856	420	SEA
972	169	713	SEA
972	856	466	SEA
986	169	426	SEA
986	856	305	SEA
987	169	491	SDA
987	856	306	SEA
989	169	465	SDA
989	856	274	SEA
992	169	522	SEA
992	856	253	SEA
1000	169	62	SEA
1000	856	165	SEA
1006	169	50	SEA
1006	856	94	SEA
1007	169	50	SEA
1007	856	94	SEA
1008	169	65	SEA
1008	856	103	SEA
1010	169	95	SEA
1010	856	101	SEA
1013	169	8	SEA
1013	856	66	SEA
1014	169	644	SEA
1014	856	372	SEA
1016	169	148	SEA
1016	856	229	SEA
1019	169	246	SEA
1019	856	228	SEA
1023	169	253	SEA
1023	856	141	SEA
1026	169	105	SEA
1026	856	310	SEA
1028	169	31	SEA
1028	856	422	SEA
1033	169	467	SEA
1033	856	64	SEA
1037	169	439	SEA
1037	856	6	SEA
1040	169	646	SEA
1040	856	92	SEA
1042	169	657	SEA
1042	856	87	SEA
1048	169	63	SEA
1048	856	35	SEA
1049	169	50	SEA
1049	856	601	SEA
1051	169	44	SEA
1051	856	569	SEA
1053	169	65	SEA
1053	856	548	SEA
1057	169	134	SEA
1057	856	512	SEA
1059	169	22	SEA
1059	856	108	SEA
1063	169	802	SEA
1063	856	118	SEA
1064	169	741	SEA
1064	856	145	SEA
1067	169	142	SEA
1067	856	198	SEA
1069	169	74	SEA
1069	856	265	SEA
1071	169	188	SEA
1071	856	38	SEA
1074	169	109	SEA
1074	856	219	SEA
1075	169	124	SEA
1075	856	322	SEA
1090	169	204	SEA
1090	856	494	SEA
1093	169	183	SEA
1093	856	447	SEA
1099	169	498	SEA
1099	856	101	SEA
1103	169	484	SEA
1103	856	209	SEA
1105	169	457	SEA
1105	856	203	SEA
1108	169	479	SEA
1108	856	201	SEA
1112	169	350	SEA
1112	856	186	SEA
1119	169	661	SEA
1119	856	61	SEA
1127	169	382	SEA
1127	856	102	SEA
1130	169	421	SEA
1130	856	250	SEA
1132	169	446	SEA
1132	856	273	SEA
1136	169	246	SEA
1136	856	146	SEA
1140	169	279	SEA
1140	856	107	SEA
1146	169	819	SEA
1146	856	550	SEA
1149	169	165	SEA
1149	856	558	SEA
1153	169	5	SEA
1153	856	385	SEA
1154	169	6	SEA
1154	856	346	SEA
1157	169	77	SEA
1157	856	468	SEA
1164	169	333	SEA
1164	856	7	SEA
1168	169	522	SEA
1168	856	6	SEA
1181	169	310	SEA
1181	856	68	SEA
1183	169	444	SEA
1183	856	106	SEA
1188	169	597	SEA
1188	856	234	SEA
1190	169	548	SEA
1190	856	278	SEA
1200	169	574	SEA
1200	856	824	SEA
1205	169	678	SEA
1205	856	40	SEA
1209	169	446	SEA
1209	856	27	SEA
1210	169	383	SEA
1210	856	53	SEA
1214	169	340	SEA
1214	856	8	SEA
1228	169	1094	SEA
1228	856	763	SEA
1239	169	29	SEA
1239	856	482	SEA
1240	169	30	SEA
1240	856	408	SEA
1243	169	4	SEA
1243	856	462	SEA
1248	169	24	SEA
1248	856	721	SEA
1252	169	955	SEA
1252	856	616	SEA
1255	169	861	SEA
1255	856	762	SEA
1257	169	853	SEA
1257	856	825	SEA
1264	169	692	SEA
1264	856	592	SEA
1265	169	696	SEA
1265	856	679	SEA
1275	169	671	SEA
1275	856	1251	SEA
1278	169	661	SEA
1278	856	359	SEA
1279	169	661	SEA
1279	856	359	SEA
1280	169	669	SEA
1280	856	319	SEA
1284	169	433	SEA
1284	856	719	SEA
1289	169	507	SEA
1289	856	654	SEA
1295	169	549	SEA
1295	856	87	SEA
1296	169	549	SEA
1296	856	87	SEA
1301	169	449	SEA
1301	856	10	SEA
1306	169	291	SEA
1306	856	4	SEA
1308	169	367	SEA
1308	856	10	SEA
1312	169	621	SEA
1312	856	658	SEA
1319	169	573	SDA
1319	856	974	SEA
