363	169	165	SEA
363	860	588	SEA
392	169	739	SEA
392	860	576	SEA
408	169	683	SEA
408	860	569	SEA
409	169	629	SEA
409	860	613	SEA
414	169	113	SEA
414	860	594	SEA
421	169	372	SEA
421	860	420	SEA
422	169	367	SEA
422	860	433	SEA
435	169	106	SEA
435	860	808	SEA
439	169	140	SEA
439	860	781	SEA
448	169	570	SEA
448	860	647	SEA
453	169	478	SEA
453	860	642	SEA
458	169	219	SEA
458	860	311	SEA
463	169	287	SEA
463	860	278	SEA
490	169	15	SEA
490	860	723	SEA
494	169	102	SEA
494	860	727	SEA
500	169	6	SEA
500	860	869	SEA
507	169	609	SEA
507	860	635	SEA
512	169	453	SEA
512	860	703	SEA
520	169	407	SEA
520	860	774	SEA
529	169	382	SEA
529	860	774	SEA
536	169	405	SEA
536	860	872	SEA
542	169	436	SEA
542	860	766	SEA
543	169	436	SEA
543	860	766	SEA
549	169	276	SEA
549	860	652	SEA
554	169	313	SEA
554	860	718	SEA
564	169	276	SEA
564	860	685	SEA
568	169	311	SEA
568	860	715	SEA
578	169	441	SEA
578	860	877	SEA
593	169	421	SEA
593	860	890	SEA
596	169	392	SEA
596	860	918	SEA
606	169	473	SEA
606	860	625	SEA
607	169	456	SEA
607	860	623	SEA
610	169	381	SEA
610	860	616	SEA
623	169	504	SEA
623	860	874	SEA
624	169	495	SEA
624	860	881	SEA
654	169	386	SEA
654	860	999	SEA
684	169	594	SEA
684	860	774	SEA
694	169	545	SEA
694	860	625	SEA
701	169	165	SEA
701	860	744	SEA
710	169	796	SEA
710	860	508	SEA
718	169	283	SEA
718	860	534	SEA
720	169	218	SEA
720	860	570	SEA
727	169	568	SEA
727	860	789	SEA
729	169	573	SEA
729	860	811	SEA
757	169	271	SEA
757	860	791	SEA
760	169	497	SEA
760	860	874	SEA
761	169	492	SEA
761	860	842	SEA
765	169	332	SEA
765	860	848	SEA
768	169	304	SEA
768	860	843	SEA
770	169	264	SEA
770	860	843	SEA
771	169	237	SEA
771	860	791	SEA
772	169	237	SEA
772	860	791	SEA
773	169	467	SEA
773	860	836	SEA
774	169	472	SEA
774	860	824	SEA
775	169	472	SEA
775	860	824	SEA
778	169	887	SEA
778	860	716	SEA
779	169	857	SEA
779	860	748	SEA
783	169	759	SEA
783	860	817	SEA
791	169	213	SEA
791	860	788	SEA
798	169	199	SEA
798	860	1145	SEA
801	169	205	SEA
801	860	1159	SEA
804	169	384	SEA
804	860	425	SEA
808	169	417	SEA
808	860	870	SEA
810	169	453	SEA
810	860	752	SEA
819	169	563	SEA
819	860	884	SEA
834	169	585	SEA
834	860	1233	SEA
840	169	340	SEA
840	860	472	SEA
847	169	248	SDA
847	860	524	SEA
853	169	244	SDA
853	860	453	SDA
859	169	361	SEA
859	860	313	SDA
863	169	415	SEA
863	860	925	SEA
871	169	157	SEA
871	860	888	SEA
876	169	718	SEA
876	860	907	SEA
887	169	5	SEA
887	860	847	SEA
889	169	10	SEA
889	860	824	SEA
893	169	12	SEA
893	860	806	SEA
895	169	8	SEA
895	860	803	SEA
901	169	368	SEA
901	860	904	SEA
908	169	160	SEA
908	860	1085	SEA
918	169	378	SEA
918	860	496	SEA
920	169	343	SEA
920	860	493	SEA
922	169	376	SEA
922	860	480	SEA
923	169	337	SEA
923	860	462	SEA
924	169	469	SEA
924	860	464	SEA
926	169	513	SEA
926	860	469	SEA
932	169	167	SEA
932	860	953	SEA
933	169	213	SEA
933	860	1219	SEA
936	169	164	SEA
936	860	1175	SEA
937	169	199	SEA
937	860	1195	SEA
940	169	419	SEA
940	860	1436	SEA
941	169	734	SEA
941	860	1422	SEA
943	169	765	SEA
943	860	1438	SEA
944	169	636	SEA
944	860	1438	SEA
950	169	207	SEA
950	860	938	SEA
952	169	220	SEA
952	860	925	SEA
953	169	205	SEA
953	860	862	SEA
965	169	439	SEA
965	860	878	SEA
967	169	355	SEA
967	860	911	SEA
972	169	294	SEA
972	860	893	SEA
986	169	291	SEA
986	860	845	SEA
987	169	177	SEA
987	860	842	SEA
989	169	398	SEA
989	860	513	SEA
992	169	487	SEA
992	860	898	SEA
1000	169	48	SEA
1000	860	679	SEA
1006	169	185	SEA
1006	860	591	SEA
1007	169	185	SEA
1007	860	591	SEA
1008	169	577	SEA
1008	860	653	SEA
1010	169	592	SEA
1010	860	621	SDA
1013	169	408	SEA
1013	860	519	SDA
1014	169	434	SEA
1014	860	529	SDA
1016	169	529	SEA
1016	860	543	SDA
1019	169	535	SEA
1019	860	631	SEA
1023	169	238	SEA
1023	860	505	SEA
1026	169	330	SEA
1026	860	596	SEA
1028	169	277	SEA
1028	860	1095	SEA
1033	169	121	SEA
1033	860	1122	SDA
1037	169	697	SEA
1037	860	269	SEA
1040	169	652	SEA
1040	860	716	SEA
1042	169	102	SEA
1042	860	666	SDA
1048	169	143	SEA
1048	860	581	SDA
1049	169	82	SDA
1049	860	583	SDA
1051	169	128	SDA
1051	860	563	SDA
1053	169	74	SDA
1053	860	545	SDA
1057	169	131	SEA
1057	860	582	SDA
1059	169	184	SEA
1059	860	753	SEA
1063	169	171	SDA
1063	860	748	SDA
1064	169	123	SDA
1064	860	800	SDA
1067	169	332	SEA
1067	860	728	SDA
1069	169	248	SEA
1069	860	660	SDA
1071	169	689	SEA
1071	860	660	SDA
1074	169	447	SEA
1074	860	704	SDA
1075	169	359	SEA
1075	860	733	SDA
1090	169	749	SEA
1090	860	873	SEA
1093	169	658	SEA
1093	860	760	SEA
1099	169	668	SEA
1099	860	715	SEA
1103	169	723	SEA
1103	860	461	SDA
1105	169	684	SEA
1105	860	551	SDA
1108	169	180	SEA
1108	860	520	SDA
1112	169	295	SEA
1112	860	423	SEA
1119	169	770	SEA
1119	860	491	SEA
1127	169	530	SEA
1127	860	589	SDA
1130	169	559	SEA
1130	860	500	SEA
1132	169	466	SEA
1132	860	522	SEA
1136	169	32	SEA
1136	860	545	SEA
1140	169	507	SEA
1140	860	651	SDA
1146	169	416	SEA
1146	860	606	SEA
1149	169	581	SEA
1149	860	615	SDA
1153	169	474	SEA
1153	860	638	SEA
1154	169	445	SEA
1154	860	643	SEA
1157	169	409	SEA
1157	860	560	SEA
1164	169	699	SEA
1164	860	441	SEA
1168	169	604	SEA
1168	860	317	SEA
1181	169	469	SEA
1181	860	653	SEA
1183	169	473	SEA
1183	860	651	SEA
1188	169	451	SEA
1188	860	978	SEA
1190	169	523	SEA
1190	860	1083	SEA
1200	169	778	SEA
1200	860	698	SEA
1205	169	900	SEA
1205	860	773	SEA
1209	169	308	SEA
1209	860	924	SEA
1210	169	269	SEA
1210	860	924	SEA
1214	169	288	SEA
1214	860	901	SDA
1228	169	850	SEA
1228	860	1260	SEA
1239	169	811	SEA
1239	860	844	SEA
1240	169	811	SEA
1240	860	820	SEA
1243	169	839	SEA
1243	860	758	SEA
1248	169	734	SEA
1248	860	706	SEA
1252	169	707	SEA
1252	860	949	SEA
1255	169	713	SEA
1255	860	956	SEA
1257	169	721	SEA
1257	860	1009	SEA
1264	169	666	SEA
1264	860	729	SEA
1265	169	618	SEA
1265	860	738	SEA
1275	169	622	SEA
1275	860	999	SEA
1278	169	714	SEA
1278	860	1096	SEA
1279	169	714	SEA
1279	860	1096	SEA
1280	169	732	SEA
1280	860	1103	SEA
1284	169	552	SEA
1284	860	609	SEA
1289	169	567	SEA
1289	860	657	SEA
1295	169	679	SEA
1295	860	973	SEA
1296	169	679	SEA
1296	860	973	SEA
1301	169	489	SEA
1301	860	983	SEA
1306	169	902	SEA
1306	860	848	SEA
1308	169	774	SEA
1308	860	867	SEA
1312	169	863	SEA
1312	860	681	SEA
1319	169	282	SEA
1319	860	761	SEA
