363	103	713	SEA
363	117M	663	SEA
375	103	762	SEA
375	117A	660	SEA
375	117M	580	SEA
385	103	465	SEA
385	117A	660	SEA
385	117M	601	SEA
392	103	445	SEA
392	117A	660	SEA
392	117M	657	SEA
395	103	413	SEA
395	117A	660	SEA
395	117M	584	SEA
408	103	379	SEA
408	117A	840	SEA
408	117M	554	SEA
409	103	974	SEA
409	117A	840	SEA
409	117M	1182	SEA
414	103	984	SEA
414	117A	840	SEA
414	117M	1068	SEA
421	103	493	SEA
421	117A	840	SEA
421	117M	1090	SEA
422	103	495	SEA
422	117A	840	SEA
422	117M	1108	SEA
435	103	558	SEA
435	117A	840	SEA
435	117M	910	SEA
436	103	618	SEA
436	117A	840	SEA
436	117M	987	SEA
439	103	1074	SEA
439	117A	840	SEA
439	117M	927	SEA
441	103	1122	SEA
441	117A	840	SEA
441	117M	953	SEA
448	103	704	SDA
448	117M	516	SDA
457	103	730	SEA
457	117M	526	SEA
458	103	679	SEA
458	117M	522	SEA
463	103	719	SEA
463	117M	631	SEA
465	103	692	SEA
465	117M	622	SEA
490	103	489	SEA
490	117	780	SEA
490	117M	408	SEA
492	103	469	SEA
492	117	780	SEA
492	117M	110	SEA
494	103	495	SEA
494	117	780	SEA
494	117M	103	SEA
500	103	501	SEA
500	117	392	SEA
500	117M	36	SEA
507	103	891	SEA
507	117	430	SEA
508	103	871	SEA
508	117	435	SEA
513	103	1002	SEA
513	117	774	SEA
516	103	1040	SEA
516	117	783	SEA
517	103	999	SEA
517	117	729	SEA
520	103	1179	SEA
520	117	635	SEA
529	103	590	SEA
529	117	595	SEA
531	103	562	SEA
531	117	589	SEA
536	103	545	SEA
536	117	875	SEA
541	103	608	SEA
541	117	551	SEA
542	103	606	SEA
542	117	520	SEA
543	103	606	SEA
543	117	520	SEA
549	103	997	SEA
549	117	513	SEA
554	103	550	SEA
554	117	615	SEA
558	103	469	SEA
558	117	744	SEA
564	103	431	SEA
564	117	820	SEA
566	103	434	SEA
566	117	760	SEA
568	103	391	SEA
568	117	459	SEA
578	103	811	SEA
578	117	804	SEA
593	103	897	SEA
593	117	930	SEA
596	103	425	SEA
596	117	959	SEA
597	103	414	SEA
597	117	850	SEA
606	103	191	SEA
606	117	646	SEA
607	103	173	SEA
607	117	586	SEA
615	103	783	SEA
615	117	464	SEA
623	103	776	SEA
623	117	669	SEA
624	103	787	SEA
624	117	633	SEA
629	103	868	SEA
629	117	744	SEA
630	103	868	SEA
630	117	744	SEA
637	103	891	SEA
637	117	705	SEA
654	103	1057	SEA
654	117	594	SEA
663	103	773	SEA
663	117	831	SEA
667	103	725	SEA
667	117	796	SEA
673	103	741	SEA
673	117	873	SEA
684	103	989	SEA
684	117	1018	SEA
692	103	681	SEA
692	117	906	SEA
694	103	626	SEA
694	117	631	SEA
701	103	608	SEA
701	117	950	SEA
710	103	838	SEA
710	117	894	SEA
718	103	899	SEA
718	117	961	SEA
720	103	894	SEA
720	117	987	SEA
727	103	1021	SEA
727	117	648	SEA
729	103	1033	SEA
729	117	746	SEA
739	103	1000	SEA
739	117	894	SEA
740	103	972	SEA
740	117	847	SEA
745	103	741	SEA
745	117	870	SEA
749	103	707	SEA
749	117	958	SEA
750	103	729	SEA
750	117	887	SEA
751	103	729	SEA
751	117	887	SEA
757	103	826	SEA
757	117	744	SEA
759	103	886	SEA
759	117	779	SEA
760	103	868	SEA
760	117	870	SEA
761	103	1277	SEA
761	117	872	SEA
765	103	1278	SEA
765	117	873	SEA
768	103	1329	SEA
768	117	820	SEA
770	103	1272	SEA
770	117	889	SEA
771	103	1297	SEA
771	117	688	SEA
772	103	1297	SEA
772	117	688	SEA
773	103	1322	SEA
773	117	950	SEA
774	103	1239	SEA
774	117	945	SEA
778	103	1023	SEA
778	117	922	SEA
779	103	1012	SEA
779	117	909	SEA
783	103	1002	SEA
783	117	853	SEA
791	103	1043	SEA
791	117	834	SEA
798	103	1001	SEA
798	117	767	SEA
801	103	1078	SEA
801	117	829	SEA
804	103	998	SEA
804	117	827	SEA
808	103	980	SEA
808	117	693	SEA
810	103	1018	SEA
810	117	630	SEA
819	103	649	SEA
819	117	994	SEA
834	103	866	SEA
834	117	921	SEA
840	103	736	SEA
840	117	988	SEA
847	103	795	SEA
847	117	642	SEA
853	103	956	SEA
853	117	875	SEA
859	103	891	SEA
859	117	683	SEA
863	103	891	SEA
863	117	704	SEA
871	103	926	SEA
871	117	1044	SEA
876	103	935	SEA
876	117	584	SEA
887	103	593	SEA
887	117	817	SEA
889	103	670	SEA
889	117	796	SEA
893	103	812	SEA
893	117	911	SEA
895	103	877	SEA
895	117	875	SEA
901	103	855	SEA
901	117	878	SEA
908	103	892	SEA
908	117	863	SEA
918	103	873	SEA
918	117	621	SEA
920	103	891	SEA
920	117	650	SEA
922	103	923	SEA
922	117	716	SEA
923	103	845	SEA
923	117	699	SEA
924	103	799	SEA
924	117	1024	SEA
926	103	867	SEA
926	117	1049	SEA
932	103	886	SEA
932	117	957	SEA
933	103	866	SEA
933	117	969	SEA
936	103	805	SEA
936	117	764	SEA
937	103	790	SEA
937	117	733	SEA
940	103	804	SEA
940	117	699	SEA
941	103	732	SEA
941	117	736	SEA
943	103	712	SEA
943	117	748	SEA
944	103	720	SEA
944	117	749	SEA
950	103	597	SEA
950	117	784	SEA
952	103	607	SEA
952	117	838	SEA
953	103	557	SEA
953	117	880	SEA
965	103	911	SEA
965	117	894	SEA
967	103	627	SEA
967	117	945	SEA
972	103	554	SEA
972	117	869	SEA
986	103	729	SEA
986	117	943	SEA
987	103	766	SEA
987	117	949	SEA
989	103	776	SEA
989	117	945	SEA
992	103	1026	SEA
992	117	823	SEA
1000	103	698	SEA
1000	117	1063	SEA
1006	103	509	SEA
1006	117	1001	SEA
1007	103	509	SEA
1007	117	1001	SEA
1008	103	492	SEA
1008	117	1019	SEA
1010	103	548	SEA
1010	117	971	SEA
1013	103	455	SEA
1013	117	967	SEA
1014	103	993	SEA
1014	117	1015	SEA
1016	103	996	SEA
1016	117	1064	SEA
1019	103	1031	SEA
1019	117	1059	SEA
1019	117M	600	SEA
1023	103	688	SEA
1023	117	934	SEA
1023	117M	479	SEA
1026	103	709	SEA
1026	117	947	SEA
1026	117M	327	SEA
1028	103	731	SEA
1028	117M	317	SEA
1033	103	684	SEA
1033	117M	472	SEA
1037	103	1114	SEA
1037	117M	508	SEA
1040	103	1180	SEA
1040	117M	618	SEA
1042	103	1110	SEA
1042	117M	561	SEA
1048	103	37	SDA
1048	117M	542	SEA
1049	103	27	SEA
1049	117M	615	SEA
1051	103	70	SEA
1051	117M	621	SEA
1053	103	81	SEA
1053	117M	586	SEA
1057	103	85	SDA
1057	117M	393	SEA
1059	103	126	SDA
1059	117M	327	SEA
1063	103	92	SDA
1063	117M	372	SEA
1064	103	84	SDA
1064	117M	390	SEA
1067	103	32	SDA
1067	117M	747	SDA
1069	103	10	SDA
1069	117M	654	SDA
1071	103	506	SDA
1071	117M	682	SDA
1074	103	549	SDA
1074	117M	1026	SEA
1075	103	562	SDA
1075	117M	927	SEA
1090	103	779	SEA
1090	117M	1362	SEA
1093	103	520	SDA
1093	117M	1366	SEA
1099	103	551	SDA
1099	117M	701	SEA
1103	103	593	SDA
1103	117M	693	SEA
1105	103	616	SDA
1105	117M	771	SEA
1108	103	589	SDA
1108	117M	774	SEA
1112	103	508	SDA
1112	117M	802	SEA
1119	103	768	SEA
1119	117M	492	SEA
1127	103	458	SEA
1127	117M	622	SEA
1130	103	622	SEA
1130	117M	578	SEA
1132	103	579	SEA
1132	117M	1282	SEA
1136	103	1528	SEA
1136	117M	1235	SEA
1140	103	1684	SEA
1140	117M	1220	SEA
1146	103	319	SDA
1146	117M	499	SEA
1149	103	272	SEA
1149	117M	543	SEA
1153	103	337	SEA
1153	117M	654	SEA
1154	103	259	SEA
1154	117M	676	SEA
1157	103	269	SEA
1157	117M	645	SEA
1164	103	252	SEA
1164	117	779	SEA
1164	117M	780	SEA
1168	103	74	SEA
1168	117	521	SEA
1181	103	789	SEA
1181	117	750	SEA
1183	103	807	SEA
1183	117	843	SEA
1188	103	755	SDA
1188	117	875	SEA
1190	103	827	SDA
1190	117	947	SEA
1200	103	762	SEA
1200	117	819	SEA
1205	103	769	SEA
1205	117	726	SEA
1209	103	891	SEA
1209	117	760	SEA
1210	103	855	SEA
1210	117	742	SEA
1214	103	888	SDA
1214	117	963	SEA
1228	103	1015	SEA
1228	117	886	SEA
1239	103	782	SEA
1239	117	871	SEA
1240	103	790	SEA
1240	117	877	SEA
1243	103	805	SEA
1243	117	865	SEA
1248	103	771	SEA
1248	117	908	SEA
1252	103	884	SEA
1252	117	875	SEA
1255	103	943	SEA
1255	117	711	SEA
1256	103	1004	SEA
1256	117	719	SEA
1257	103	1004	SEA
1257	117	719	SEA
1264	103	874	SEA
1264	117	992	SEA
1265	103	918	SEA
1265	117	1028	SEA
1267	103	703	SEA
1267	117	986	SEA
1275	103	762	SEA
1275	117	702	SEA
1278	103	788	SEA
1278	117	768	SEA
1279	103	788	SEA
1279	117	768	SEA
1280	103	805	SEA
1280	117	796	SEA
1284	103	1127	SEA
1284	117	843	SEA
1289	103	1098	SEA
1289	117	734	SEA
1295	103	954	SEA
1295	117	752	SEA
1296	103	954	SEA
1296	117	752	SEA
1301	103	929	SEA
1301	117	824	SEA
1306	103	946	SEA
1306	117	675	SEA
1308	103	983	SEA
1308	117	636	SEA
1312	103	969	SEA
1312	117	613	SEA
1319	103	973	SEA
1319	117	1059	SEA
