363	13	453	SEA
363	133	830	SEA
363	146	719	SEA
363	147	629	SEA
363	853	578	SEA
375	13	493	SEA
375	133	550	SEA
375	146	641	SEA
375	147	1065	SEA
375	853	823	SEA
408	13	497	SEA
408	133	937	SEA
408	146	459	SEA
408	147	385	SEA
408	506	705	SEA
408	853	697	SEA
409	13	562	SEA
409	133	881	SEA
409	146	399	SEA
409	147	416	SEA
409	506	702	SEA
409	853	619	SEA
414	13	477	SEA
414	133	481	SEA
414	146	23	SEA
414	147	388	SEA
414	506	690	SEA
414	853	842	SEA
421	13	228	SEA
421	133	590	SEA
421	146	378	SEA
421	147	639	SEA
421	506	352	SDA
421	853	213	SEA
422	13	305	SEA
422	133	511	SEA
422	146	403	SEA
422	147	656	SEA
422	506	300	SDA
422	853	312	SEA
435	13	713	SDA
435	133	833	SEA
435	146	308	SDA
435	147	686	SEA
435	506	562	SEA
435	853	1191	SEA
439	13	650	SDA
439	133	481	SEA
439	146	286	SEA
439	147	530	SEA
439	506	874	SEA
439	853	289	SEA
458	13	981	SEA
458	133	1079	SEA
458	146	362	SEA
458	147	890	SEA
458	506	880	SEA
458	853	656	SEA
463	13	1752	SDA
463	133	1120	SEA
463	146	408	SEA
463	147	7	SEA
463	506	669	SEA
463	853	742	SEA
465	13	1820	SDA
465	133	1036	SEA
465	146	596	SEA
465	147	3	SEA
465	506	728	SEA
465	853	776	SEA
494	13	482	SDA
494	133	753	SEA
494	146	347	SEA
494	147	856	SEA
494	506	368	SDA
494	853	691	SEA
517	13	141	SEA
517	133	709	SEA
517	146	611	SEA
517	147	607	SEA
517	506	405	SDA
517	853	900	SEA
529	13	768	SEA
529	133	678	SEA
529	146	679	SEA
529	147	944	SEA
529	506	281	SEA
529	853	284	SEA
542	13	578	SEA
542	133	866	SEA
542	146	632	SEA
542	147	639	SEA
542	506	596	SEA
542	853	655	SEA
543	13	578	SEA
543	133	866	SEA
543	146	632	SEA
543	147	639	SEA
543	506	596	SEA
543	853	655	SEA
549	13	540	SEA
549	133	805	SEA
549	146	578	SEA
549	147	799	SEA
549	506	733	SEA
549	853	820	SEA
554	13	545	SEA
554	133	691	SEA
554	146	471	SEA
554	147	886	SEA
554	506	245	SEA
554	853	1064	SEA
568	13	221	SEA
568	133	285	SEA
568	146	548	SEA
568	147	589	SEA
568	506	212	SEA
568	853	962	SEA
593	13	574	SEA
593	133	554	SEA
593	146	605	SEA
593	147	504	SEA
593	506	931	SEA
593	853	684	SEA
606	13	389	SEA
606	133	457	SEA
606	146	689	SEA
606	147	896	SEA
606	506	1060	SEA
606	853	844	SEA
607	13	332	SEA
607	133	480	SEA
607	146	705	SEA
607	147	717	SEA
607	506	1083	SEA
607	853	830	SEA
623	13	1149	SEA
623	133	375	SEA
623	146	650	SEA
623	147	293	SEA
623	506	1141	SEA
623	853	863	SEA
684	13	710	SEA
684	133	696	SEA
684	146	714	SEA
684	147	1230	SEA
684	506	1112	SEA
684	853	866	SEA
694	13	1123	SEA
694	133	931	SEA
694	146	773	SEA
694	147	431	SEA
694	506	1104	SEA
694	853	703	SEA
710	13	565	SEA
710	133	870	SEA
710	146	667	SEA
710	147	590	SEA
710	506	1320	SEA
710	853	837	SEA
718	13	687	SEA
718	133	762	SEA
718	146	600	SEA
718	147	1087	SEA
718	506	1045	SEA
718	853	270	SEA
729	13	832	SEA
729	133	688	SEA
729	146	813	SEA
729	147	1000	SEA
729	506	1039	SEA
729	853	1061	SEA
757	13	644	SEA
757	133	610	SEA
757	146	697	SEA
757	147	1204	SEA
757	506	807	SEA
757	853	852	SEA
760	13	544	SEA
760	133	604	SEA
760	146	658	SEA
760	147	1145	SEA
760	506	764	SEA
760	853	874	SEA
761	13	520	SEA
761	133	616	SEA
761	146	673	SEA
761	147	1124	SEA
761	506	771	SEA
761	853	457	SEA
765	13	676	SDA
765	133	588	SEA
765	146	899	SEA
765	147	1108	SEA
765	506	1406	SEA
765	853	752	SEA
768	13	1030	SEA
768	133	873	SEA
768	146	799	SEA
768	147	1097	SEA
768	506	1491	SEA
768	853	736	SEA
771	13	1054	SEA
771	133	893	SEA
771	146	687	SEA
771	147	999	SEA
771	506	1358	SEA
771	853	905	SEA
775	13	985	SEA
775	133	878	SEA
775	146	691	SEA
775	147	1062	SEA
775	506	1229	SEA
775	853	407	SEA
778	13	894	SEA
778	133	824	SEA
778	146	900	SEA
778	147	1080	SEA
778	506	1320	SEA
778	853	704	SEA
791	13	862	SEA
791	133	949	SDA
791	146	663	SEA
791	147	654	SEA
791	506	1363	SEA
791	853	678	SEA
801	13	813	SEA
801	133	1115	SEA
801	146	698	SEA
801	147	604	SEA
801	506	1209	SDA
801	853	743	SEA
804	13	713	SEA
804	133	408	SEA
804	146	701	SEA
804	147	643	SEA
804	506	1111	SDA
804	853	752	SEA
808	13	737	SEA
808	133	377	SEA
808	146	673	SEA
808	147	651	SEA
808	506	1198	SEA
808	853	794	SEA
810	13	712	SEA
810	133	356	SEA
810	146	605	SEA
810	147	606	SEA
810	506	1119	SEA
810	853	883	SEA
819	13	1245	SEA
819	133	322	SEA
819	146	736	SEA
819	147	870	SEA
819	506	1105	SEA
819	853	766	SEA
834	13	5	SEA
834	133	890	SEA
834	146	383	SDA
834	147	300	SEA
834	506	1209	SEA
834	853	642	SEA
840	13	19	SEA
840	133	813	SEA
840	146	440	SEA
840	147	775	SEA
840	506	1015	SEA
840	853	507	SEA
847	13	7	SEA
847	133	930	SEA
847	146	689	SEA
847	147	481	SEA
847	506	1033	SEA
847	853	925	SEA
853	13	1141	SEA
853	133	592	SDA
853	146	668	SEA
853	147	514	SEA
853	506	1001	SEA
853	853	688	SEA
859	13	903	SEA
859	133	528	SDA
859	146	769	SEA
859	147	1063	SEA
859	506	980	SEA
859	853	587	SEA
863	13	951	SEA
863	133	534	SEA
863	146	744	SEA
863	147	1128	SEA
863	506	958	SEA
863	853	438	SEA
871	13	1004	SDA
871	133	816	SEA
871	146	839	SEA
871	147	115	SEA
871	506	954	SEA
871	853	990	SEA
876	13	160	SEA
876	133	760	SEA
876	146	805	SEA
876	147	52	SEA
876	506	786	SEA
876	853	932	SEA
887	13	126	SEA
887	133	662	SEA
887	146	779	SEA
887	147	690	SEA
887	506	1133	SEA
887	853	523	SEA
889	13	150	SEA
889	133	636	SEA
889	146	719	SEA
889	147	677	SEA
889	506	1131	SEA
889	853	560	SEA
893	13	236	SEA
893	133	705	SEA
893	146	680	SEA
893	147	277	SEA
893	506	1103	SEA
893	853	521	SEA
895	13	589	SEA
895	133	706	SEA
895	146	692	SEA
895	147	296	SEA
895	506	1046	SEA
895	853	503	SEA
901	13	870	SEA
901	133	693	SEA
901	146	839	SEA
901	147	293	SEA
901	506	805	SEA
901	853	749	SEA
908	13	728	SDA
908	133	648	SEA
908	146	814	SEA
908	147	300	SEA
908	506	875	SEA
908	853	767	SEA
918	13	736	SDA
918	133	1069	SEA
918	146	691	SEA
918	147	189	SEA
918	506	868	SEA
918	853	806	SEA
920	13	701	SEA
920	133	1052	SEA
920	146	685	SEA
920	147	129	SEA
920	506	868	SEA
920	853	831	SEA
922	13	710	SEA
922	133	1071	SEA
922	146	699	SEA
922	147	92	SEA
922	506	965	SEA
922	853	841	SEA
923	13	273	SEA
923	133	881	SEA
923	146	700	SEA
923	147	64	SEA
923	506	896	SEA
923	853	830	SEA
924	13	187	SEA
924	133	889	SEA
924	146	714	SEA
924	147	439	SEA
924	506	872	SEA
924	853	898	SEA
926	13	248	SEA
926	133	857	SEA
926	146	688	SEA
926	147	555	SEA
926	506	861	SEA
926	853	997	SEA
932	13	187	SEA
932	133	906	SDA
932	146	839	SEA
932	147	518	SEA
932	506	1420	SEA
932	853	354	SEA
933	13	164	SEA
933	133	915	SDA
933	146	779	SEA
933	147	534	SEA
933	506	1412	SEA
933	853	413	SEA
936	13	892	SEA
936	133	912	SDA
936	146	595	SEA
936	147	551	SEA
936	506	1496	SEA
936	853	656	SEA
937	13	779	SEA
937	133	812	SDA
937	146	603	SEA
937	147	421	SEA
937	506	1514	SEA
937	853	723	SEA
940	13	661	SEA
940	133	653	SEA
940	146	633	SEA
940	147	1115	SEA
940	506	1489	SEA
940	853	584	SEA
941	13	707	SEA
941	133	584	SEA
941	146	633	SEA
941	147	1162	SEA
941	506	797	SEA
941	853	598	SEA
943	13	724	SEA
943	133	511	SEA
943	146	673	SEA
943	147	1157	SEA
943	506	800	SEA
943	853	715	SEA
944	13	728	SEA
944	133	572	SEA
944	146	709	SEA
944	147	1172	SEA
944	506	810	SEA
944	853	766	SEA
950	13	739	SEA
950	133	521	SEA
950	146	762	SEA
950	147	12	SEA
950	506	958	SEA
950	853	727	SEA
952	13	766	SEA
952	133	609	SEA
952	146	781	SEA
952	147	57	SEA
952	506	963	SEA
952	853	754	SEA
953	13	1019	SEA
953	133	550	SEA
953	146	751	SEA
953	147	6	SEA
953	506	923	SEA
953	853	832	SEA
965	13	475	SEA
965	133	959	SEA
965	146	718	SEA
965	147	52	SEA
965	506	868	SEA
965	853	845	SEA
967	13	497	SEA
967	133	877	SEA
967	146	715	SEA
967	147	1060	SEA
967	506	792	SEA
967	853	874	SEA
972	13	495	SEA
972	133	827	SEA
972	146	654	SEA
972	147	930	SEA
972	506	754	SEA
972	853	832	SEA
986	13	1127	SEA
986	133	826	SEA
986	146	684	SEA
986	147	670	SEA
986	506	1162	SEA
986	853	769	SEA
987	13	166	SEA
987	133	815	SEA
987	146	623	SEA
987	147	721	SEA
987	506	1148	SEA
987	853	792	SEA
989	13	108	SEA
989	133	388	SEA
989	146	568	SEA
989	147	742	SEA
989	506	1156	SEA
989	853	776	SEA
992	13	71	SEA
992	133	520	SEA
992	146	765	SEA
992	147	679	SEA
992	506	1183	SEA
992	853	711	SEA
1000	13	85	SEA
1000	133	624	SEA
1000	146	852	SEA
1000	147	467	SEA
1000	506	1202	SEA
1000	853	827	SEA
1006	13	447	SEA
1006	133	670	SEA
1006	146	839	SEA
1006	147	452	SEA
1006	506	1107	SEA
1006	853	816	SEA
1007	13	447	SEA
1007	133	670	SEA
1007	146	839	SEA
1007	147	452	SEA
1007	506	1107	SEA
1007	853	816	SEA
1008	13	399	SEA
1008	133	593	SEA
1008	146	779	SEA
1008	147	466	SEA
1008	506	1083	SEA
1008	853	835	SEA
1010	13	431	SEA
1010	133	567	SEA
1010	146	595	SEA
1010	147	1380	SEA
1010	506	1410	SEA
1010	853	825	SEA
1013	13	470	SEA
1013	133	388	SEA
1013	146	660	SEA
1013	147	1337	SEA
1013	506	1518	SEA
1013	853	958	SEA
1014	13	453	SEA
1014	133	404	SEA
1014	146	637	SEA
1014	147	1418	SEA
1014	506	1605	SEA
1014	853	1071	SEA
1016	13	596	SEA
1016	133	362	SEA
1016	146	681	SEA
1016	147	1053	SEA
1016	506	1653	SEA
1016	853	1099	SEA
1019	13	615	SEA
1019	133	281	SEA
1019	146	746	SEA
1019	147	1136	SEA
1019	506	1598	SEA
1019	853	368	SEA
1023	13	551	SEA
1023	133	197	SEA
1023	146	779	SEA
1023	147	1219	SEA
1023	506	1546	SEA
1023	853	806	SEA
1026	13	831	SEA
1026	133	1052	SEA
1026	146	620	SEA
1026	147	1413	SEA
1026	506	692	SDA
1026	853	818	SEA
1028	13	899	SEA
1028	133	1015	SEA
1028	146	610	SEA
1028	147	1453	SEA
1028	506	705	SDA
1028	853	915	SEA
1033	13	416	SEA
1033	133	140	SEA
1033	146	664	SEA
1033	147	1363	SEA
1033	506	928	SDA
1033	853	335	SEA
1037	13	339	SEA
1037	133	108	SDA
1037	146	839	SEA
1037	147	1	SEA
1037	506	891	SDA
1037	853	912	SEA
1040	13	373	SEA
1040	133	60	SDA
1040	146	712	SEA
1040	147	8	SEA
1040	506	908	SEA
1040	853	851	SDA
1042	13	446	SDA
1042	133	185	SDA
1042	146	654	SEA
1042	147	3	SEA
1042	506	922	SEA
1042	853	806	SDA
1048	13	396	SDA
1048	133	92	SEA
1048	146	720	SEA
1048	147	57	SEA
1048	506	932	SEA
1048	853	1049	SDA
1049	13	617	SEA
1049	133	77	SEA
1049	146	720	SEA
1049	147	84	SEA
1049	506	1332	SEA
1049	853	665	SEA
1051	13	575	SEA
1051	133	327	SEA
1051	146	659	SEA
1051	147	25	SEA
1051	506	1254	SEA
1051	853	680	SEA
1053	13	589	SEA
1053	133	311	SEA
1053	146	472	SEA
1053	147	54	SEA
1053	506	1240	SEA
1053	853	628	SEA
1057	13	595	SEA
1057	133	1057	SDA
1057	146	448	SEA
1057	147	579	SEA
1057	506	1300	SEA
1057	853	560	SEA
1059	13	674	SEA
1059	133	717	SDA
1059	146	455	SEA
1059	147	569	SEA
1059	506	1351	SEA
1059	853	740	SEA
1063	13	536	SEA
1063	133	551	SDA
1063	146	400	SEA
1063	147	618	SEA
1063	506	1034	SEA
1063	853	779	SEA
1064	13	527	SEA
1064	133	579	SDA
1064	146	538	SEA
1064	147	615	SEA
1064	506	1010	SEA
1064	853	739	SEA
1067	13	483	SEA
1067	133	567	SEA
1067	146	743	SEA
1067	147	665	SEA
1067	506	1005	SEA
1067	853	787	SEA
1069	13	348	SEA
1069	133	587	SEA
1069	146	349	SEA
1069	147	607	SEA
1069	506	995	SEA
1069	853	836	SEA
1071	13	332	SEA
1071	133	525	SEA
1071	146	366	SEA
1071	147	714	SEA
1071	506	1110	SDA
1071	853	621	SDA
1074	13	902	SEA
1074	133	480	SEA
1074	146	344	SEA
1074	147	699	SEA
1074	506	1076	SEA
1074	853	763	SEA
1075	13	910	SEA
1075	133	424	SEA
1075	146	398	SEA
1075	147	748	SEA
1075	506	1087	SEA
1075	853	1037	SEA
1090	13	441	SDA
1090	133	954	SEA
1090	146	606	SEA
1090	147	289	SEA
1090	506	964	SDA
1090	853	595	SDA
1093	13	437	SDA
1093	133	384	SDA
1093	146	359	SEA
1093	147	457	SEA
1093	506	972	SDA
1093	853	785	SDA
1099	13	534	SEA
1099	133	481	SDA
1099	146	720	SEA
1099	147	794	SEA
1099	506	956	SDA
1099	853	756	SDA
1103	13	426	SEA
1103	133	407	SDA
1103	146	473	SEA
1103	147	1116	SEA
1103	506	1027	SEA
1103	853	748	SDA
1105	13	709	SDA
1105	133	315	SDA
1105	146	478	SEA
1105	147	1146	SEA
1105	506	934	SEA
1105	853	789	SDA
1108	13	796	SDA
1108	133	295	SDA
1108	146	522	SEA
1108	147	1165	SEA
1108	506	776	SDA
1108	853	805	SEA
1112	13	787	SDA
1112	133	734	SDA
1112	146	554	SEA
1112	147	1021	SEA
1112	506	856	SDA
1112	853	938	SEA
1119	13	463	SEA
1119	133	216	SDA
1119	146	273	SEA
1119	147	244	SEA
1119	506	644	SEA
1119	853	663	SDA
1127	13	442	SEA
1127	133	377	SEA
1127	146	698	SEA
1127	147	344	SDA
1127	506	592	SEA
1127	853	644	SEA
1130	13	509	SEA
1130	133	501	SEA
1130	146	316	SEA
1130	147	917	SEA
1130	506	1251	SEA
1130	853	661	SDA
1132	13	647	SEA
1132	133	514	SEA
1132	146	332	SEA
1132	147	1055	SEA
1132	506	1194	SEA
1132	853	598	SDA
1136	13	537	SEA
1136	133	639	SEA
1136	146	383	SEA
1136	147	1007	SEA
1136	506	1135	SEA
1136	853	654	SDA
1140	13	428	SDA
1140	133	531	SEA
1140	146	610	SEA
1140	147	272	SEA
1140	506	1136	SEA
1140	853	680	SDA
1146	13	394	SDA
1146	133	442	SDA
1146	146	376	SEA
1146	147	242	SEA
1146	506	1333	SDA
1146	853	684	SEA
1149	13	464	SDA
1149	133	430	SDA
1149	146	566	SEA
1149	147	233	SEA
1149	506	1291	SEA
1149	853	788	SEA
1153	13	849	SEA
1153	133	484	SDA
1153	146	568	SEA
1153	147	312	SEA
1153	506	1119	SEA
1153	853	925	SDA
1154	13	826	SEA
1154	133	445	SDA
1154	146	578	SEA
1154	147	278	SEA
1154	506	1056	SEA
1154	853	987	SEA
1157	13	841	SEA
1157	133	548	SDA
1157	146	594	SEA
1157	147	410	SEA
1157	506	996	SEA
1157	853	239	SEA
1164	13	552	SDA
1164	133	660	SDA
1164	146	412	SEA
1164	147	223	SEA
1164	506	1327	SEA
1164	853	670	SDA
1168	13	705	SEA
1168	133	425	SDA
1168	146	395	SEA
1168	147	187	SEA
1168	506	1391	SEA
1168	853	967	SDA
1181	13	753	SEA
1181	133	569	SDA
1181	146	649	SEA
1181	147	572	SEA
1181	506	1395	SDA
1181	853	607	SEA
1183	13	700	SEA
1183	133	532	SDA
1183	146	656	SEA
1183	147	571	SEA
1183	506	1379	SDA
1183	853	703	SEA
1188	13	804	SEA
1188	133	627	SDA
1188	146	779	SEA
1188	147	427	SEA
1188	506	1466	SEA
1188	853	934	SEA
1190	13	818	SEA
1190	133	569	SEA
1190	146	589	SEA
1190	147	451	SEA
1190	506	1429	SEA
1190	853	1458	SEA
1200	13	1098	SEA
1200	133	540	SEA
1200	146	590	SEA
1200	147	1033	SEA
1200	506	1412	SEA
1200	853	370	SEA
1205	13	1267	SEA
1205	133	1104	SEA
1205	146	688	SEA
1205	147	23	SEA
1205	506	1152	SEA
1205	853	880	SEA
1209	13	1265	SEA
1209	133	1121	SEA
1209	146	754	SEA
1209	147	11	SEA
1209	506	1083	SEA
1210	13	1238	SEA
1210	133	997	SEA
1210	146	762	SEA
1210	147	6	SEA
1210	506	1091	SEA
1214	13	951	SDA
1214	133	908	SEA
1214	146	900	SEA
1214	147	4	SEA
1214	506	1084	SEA
1228	13	550	SDA
1228	133	374	SEA
1228	146	700	SEA
1228	147	524	SEA
1228	506	1369	SEA
1228	853	537	SEA
1239	13	1117	SEA
1239	133	450	SEA
1239	146	701	SEA
1239	147	711	SEA
1239	506	1171	SEA
1239	853	458	SDA
1240	13	1082	SEA
1240	133	507	SEA
1240	146	674	SEA
1240	147	495	SEA
1240	506	1147	SEA
1240	853	448	SDA
1243	13	1123	SEA
1243	133	564	SEA
1243	146	671	SEA
1243	147	479	SEA
1243	506	1144	SEA
1243	853	973	SEA
1248	13	914	SDA
1248	133	978	SEA
1248	146	779	SEA
1248	147	358	SEA
1248	506	1321	SEA
1248	853	1032	SEA
1252	13	1017	SDA
1252	133	893	SEA
1252	146	781	SEA
1252	147	474	SEA
1252	506	1400	SEA
1252	853	943	SEA
1255	13	1015	SEA
1255	133	670	SDA
1255	146	779	SEA
1255	147	737	SEA
1255	506	1336	SEA
1255	853	486	SEA
1257	13	1058	SEA
1257	133	571	SDA
1257	146	801	SEA
1257	147	767	SEA
1257	506	1344	SEA
1257	853	744	SEA
1264	13	946	SDA
1264	133	571	SEA
1264	146	858	SEA
1264	147	541	SEA
1264	506	1338	SEA
1264	853	771	SEA
1265	13	991	SDA
1265	133	586	SEA
1265	146	858	SEA
1265	147	503	SEA
1265	506	1206	SEA
1265	853	834	SEA
1275	13	984	SEA
1275	133	434	SEA
1275	146	899	SEA
1275	147	558	SEA
1275	506	1318	SEA
1275	853	1011	SEA
1278	13	843	SEA
1278	133	606	SEA
1278	146	719	SEA
1278	147	494	SEA
1278	506	1223	SEA
1278	853	1080	SEA
1280	13	590	SEA
1280	133	566	SEA
1280	146	679	SEA
1280	147	458	SEA
1280	506	1232	SEA
1280	853	1126	SEA
1284	13	482	SEA
1284	133	786	SEA
1284	146	575	SEA
1284	147	600	SEA
1284	506	1070	SEA
1295	13	630	SEA
1295	133	148	SDA
1295	146	791	SEA
1295	147	873	SEA
1295	506	1261	SEA
1295	853	1037	SEA
1296	13	630	SEA
1296	133	148	SDA
1296	146	791	SEA
1296	147	873	SEA
1296	506	1261	SEA
1296	853	1037	SEA
1301	13	697	SEA
1301	133	105	SDA
1301	146	733	SEA
1301	147	35	SEA
1301	506	1314	SEA
1301	853	901	SEA
1306	13	731	SEA
1306	133	766	SEA
1306	146	839	SEA
1306	147	93	SEA
1306	506	1282	SEA
1306	853	1993	SEA
1308	13	593	SEA
1308	133	744	SEA
1308	146	719	SEA
1308	147	86	SEA
1308	506	1133	SEA
1308	853	943	SEA
1312	13	386	SEA
1312	133	530	SEA
1312	146	763	SEA
1312	147	898	SEA
1312	506	1140	SEA
1312	853	1039	SEA
1319	13	161	SEA
1319	133	301	SEA
1319	146	760	SEA
1319	147	131	SDA
1319	506	1091	SEA
1319	853	903	SEA
