363	22	705	SEA
363	24	475	SEA
363	43	617	SEA
363	58	685	SEA
363	62	553	SEA
363	70	499	SEA
363	76	526	SEA
363	80	716	SEA
363	80A	68	SEA
375	22	211	SEA
375	24	647	SEA
375	43	490	SEA
375	58	526	SEA
375	62	536	SEA
375	70	431	SEA
375	76	767	SEA
375	80	848	SEA
375	80A	135	SEA
385	22	144	SEA
385	24	519	SEA
385	43	335	SDA
385	58	695	SEA
385	62	576	SEA
385	70	398	SEA
385	76	637	SEA
385	80	791	SEA
385	80A	418	SEA
408	22	598	SEA
408	24	672	SDA
408	43	748	SEA
408	58	695	SEA
408	62	804	SDA
408	70	109	SEA
408	76	555	SEA
408	80	811	SEA
408	80A	1413	SEA
409	22	629	SEA
409	24	694	SDA
409	43	836	SEA
409	58	719	SEA
409	62	770	SDA
409	70	186	SEA
409	76	547	SEA
409	80	857	SEA
409	80A	1419	SEA
421	22	630	SEA
421	24	231	SDA
421	43	717	SDA
421	58	508	SEA
421	62	650	SDA
421	70	670	SEA
421	76	544	SDA
421	80	466	SEA
421	80A	1633	SEA
422	22	737	SEA
422	24	170	SDA
422	43	672	SEA
422	58	598	SEA
422	62	646	SDA
422	70	690	SEA
422	76	510	SDA
422	80	429	SEA
422	80A	1627	SEA
435	22	358	SEA
435	24	686	SDA
435	43	709	SEA
435	58	96	SEA
435	62	192	SDA
435	70	368	SEA
435	76	775	SEA
435	80	458	SEA
439	22	595	SEA
439	24	696	SDA
439	43	798	SEA
439	58	236	SEA
439	62	198	SDA
439	70	317	SEA
439	76	670	SEA
439	80	459	SEA
448	22	588	SEA
448	24	689	SDA
448	43	706	SDA
448	58	657	SEA
448	62	468	SEA
448	70	704	SEA
448	76	1096	SDA
448	80	330	SEA
448	80A	2165	SEA
458	22	556	SDA
458	24	511	SDA
458	43	687	SEA
458	58	649	SEA
458	62	479	SEA
458	70	369	SEA
458	76	845	SEA
458	80	224	SEA
463	22	770	SEA
463	24	386	SEA
463	43	47	SDA
463	58	663	SEA
463	62	433	SEA
463	70	337	SDA
463	76	980	SDA
463	80	223	SDA
490	22	730	SEA
490	24	261	SDA
490	43	179	SEA
490	58	750	SDA
490	62	218	SDA
490	70	355	SDA
490	76	335	SDA
490	80	432	SEA
490	80A	1185	SDA
494	22	682	SDA
494	24	341	SDA
494	43	261	SEA
494	58	739	SDA
494	62	276	SDA
494	70	462	SDA
494	76	742	SDA
494	80	401	SEA
494	80A	1153	SDA
507	22	631	SEA
507	24	732	SDA
507	43	475	SEA
507	58	174	SDA
507	62	130	SDA
507	70	254	SEA
507	76	578	SDA
507	80	1072	SDA
529	22	713	SDA
529	24	873	SEA
529	43	202	SEA
529	58	581	SEA
529	62	319	SDA
529	70	342	SEA
529	76	545	SEA
529	80	19	SEA
542	22	681	SEA
542	24	719	SDA
542	43	549	SEA
542	58	640	SEA
542	62	87	SEA
542	70	454	SEA
542	76	952	SEA
542	80	783	SEA
554	22	189	SDA
554	24	489	SDA
554	43	1492	SEA
554	58	382	SEA
554	62	175	SEA
554	70	379	SDA
554	76	682	SEA
554	80	825	SEA
558	22	25	SEA
558	24	685	SEA
558	43	1382	SEA
558	58	267	SEA
558	62	204	SEA
558	70	284	SEA
558	76	1363	SEA
558	80	895	SEA
558	80A	1520	SEA
568	22	597	SEA
568	24	570	SEA
568	43	809	SEA
568	58	604	SEA
568	62	1077	SEA
568	70	543	SEA
568	76	1209	SEA
568	80	787	SEA
568	80A	1215	SEA
593	22	635	SEA
593	24	848	SEA
593	43	803	SEA
593	58	876	SEA
593	62	169	SEA
593	70	177	SEA
593	76	725	SEA
593	80	1547	SEA
596	22	706	SEA
596	24	1145	SEA
596	43	789	SEA
596	58	1032	SEA
596	62	116	SEA
596	70	158	SEA
596	76	751	SEA
596	80	902	SEA
606	22	623	SEA
606	24	625	SEA
606	43	940	SEA
606	58	480	SEA
606	62	949	SEA
606	70	561	SEA
606	76	717	SEA
606	80	989	SEA
607	22	636	SEA
607	24	598	SEA
607	43	1017	SEA
607	58	405	SEA
607	62	956	SEA
607	70	552	SEA
607	76	684	SEA
607	80	1004	SEA
615	22	532	SEA
615	24	984	SEA
615	43	811	SEA
615	58	515	SEA
615	62	529	SEA
615	70	543	SEA
615	76	1206	SEA
615	80	896	SEA
623	22	824	SEA
623	24	483	SEA
623	43	879	SEA
623	58	1018	SEA
623	62	475	SEA
623	70	736	SEA
623	76	862	SEA
623	80	1044	SEA
624	22	757	SEA
624	24	634	SEA
624	43	790	SEA
624	58	954	SEA
624	62	415	SEA
624	70	1270	SDA
624	76	942	SEA
624	80	1050	SEA
652	22	478	SEA
652	24	788	SEA
652	43	1213	SEA
652	58	394	SEA
652	62	747	SEA
652	70	598	SEA
652	76	368	SEA
652	80	1300	SEA
654	22	462	SEA
654	24	722	SEA
654	43	1174	SEA
654	58	406	SEA
654	62	776	SEA
654	70	542	SEA
654	76	309	SEA
654	80	1331	SEA
663	22	839	SEA
663	24	991	SEA
663	43	881	SEA
663	58	1034	SEA
663	62	485	SEA
663	70	683	SDA
663	76	859	SEA
663	80	634	SEA
667	22	460	SEA
667	24	531	SEA
667	43	975	SEA
667	58	675	SEA
667	62	426	SEA
667	70	696	SEA
667	76	840	SEA
667	80	712	SEA
692	22	534	SEA
692	24	752	SEA
692	43	985	SEA
692	58	681	SEA
692	62	1016	SEA
692	70	302	SEA
692	76	711	SEA
692	80	1078	SEA
694	22	518	SEA
694	24	625	SEA
694	43	1033	SEA
694	58	985	SEA
694	62	884	SEA
694	70	256	SEA
694	76	706	SEA
694	80	1057	SEA
710	22	748	SEA
710	24	1435	SEA
710	43	608	SEA
710	58	1134	SEA
710	62	910	SEA
710	70	518	SDA
710	76	737	SEA
710	80	850	SEA
718	22	170	SEA
718	24	1491	SEA
718	43	608	SEA
718	58	1291	SEA
718	62	745	SEA
718	70	419	SEA
718	76	783	SEA
718	80	906	SEA
720	22	468	SEA
720	24	489	SEA
720	43	678	SEA
720	58	830	SEA
720	62	725	SEA
720	70	399	SEA
720	76	1165	SEA
720	80	878	SEA
727	22	972	SEA
727	24	1138	SEA
727	43	606	SEA
727	58	836	SEA
727	62	690	SEA
727	70	555	SEA
727	76	1100	SEA
727	80	868	SEA
729	22	938	SEA
729	24	614	SEA
729	43	1053	SEA
729	58	907	SEA
729	62	734	SEA
729	70	743	SEA
729	76	1145	SEA
729	80	892	SEA
757	22	725	SEA
757	24	420	SEA
757	43	1199	SEA
757	58	730	SEA
757	62	593	SEA
757	70	964	SEA
757	76	907	SDA
757	80	889	SEA
760	22	741	SEA
760	24	371	SEA
760	43	1148	SEA
760	58	737	SEA
760	62	614	SEA
760	70	884	SEA
760	76	888	SDA
760	80	973	SEA
761	22	644	SEA
761	24	354	SEA
761	43	1127	SEA
761	58	969	SEA
761	62	642	SEA
761	70	903	SEA
761	76	921	SDA
761	80	915	SEA
768	22	789	SEA
768	24	269	SEA
768	43	1059	SEA
768	58	945	SEA
768	62	829	SEA
768	70	1621	SEA
768	76	1022	SEA
768	80	843	SEA
770	22	1001	SEA
770	24	373	SEA
770	43	974	SEA
770	58	1099	SEA
770	62	909	SEA
770	70	1555	SEA
770	76	685	SEA
770	80	815	SEA
771	22	989	SEA
771	24	425	SEA
771	43	979	SEA
771	58	917	SEA
771	62	836	SEA
771	70	1567	SEA
771	76	685	SEA
771	80	828	SEA
772	22	989	SEA
772	24	425	SEA
772	43	979	SEA
772	58	917	SEA
772	62	836	SEA
772	70	1567	SEA
772	76	685	SEA
772	80	828	SEA
773	22	931	SEA
773	24	562	SEA
773	43	1020	SEA
773	58	938	SEA
773	62	791	SEA
773	70	1612	SEA
773	76	685	SEA
773	80	849	SEA
774	22	901	SEA
774	24	595	SEA
774	43	1030	SEA
774	58	984	SEA
774	62	693	SEA
774	70	1663	SEA
774	76	720	SEA
774	80	827	SEA
778	22	496	SEA
778	24	1009	SEA
778	43	901	SEA
778	58	1059	SEA
778	62	644	SEA
778	70	880	SEA
778	76	820	SEA
778	80	737	SEA
791	22	857	SEA
791	24	198	SEA
791	43	1020	SEA
791	58	833	SEA
791	62	634	SEA
791	70	1014	SEA
791	76	1795	SEA
791	80	689	SEA
798	22	900	SEA
798	24	194	SEA
798	43	1026	SEA
798	58	928	SEA
798	62	531	SEA
798	70	1025	SEA
798	76	1733	SEA
798	80	642	SEA
801	22	773	SEA
801	24	159	SEA
801	43	995	SEA
801	58	969	SEA
801	62	902	SEA
801	70	989	SEA
801	76	1724	SEA
801	80	672	SEA
804	22	759	SEA
804	24	633	SEA
804	43	983	SEA
804	58	1062	SEA
804	62	846	SEA
804	70	1118	SEA
804	76	1669	SEA
804	80	1009	SEA
808	22	716	SEA
808	24	422	SEA
808	43	863	SEA
808	58	688	SEA
808	62	849	SEA
808	70	647	SEA
808	76	645	SEA
808	80	1058	SEA
810	22	791	SEA
810	24	393	SEA
810	43	792	SEA
810	58	657	SEA
810	62	626	SEA
810	70	659	SEA
810	76	713	SEA
810	80	1043	SEA
819	22	829	SEA
819	24	786	SEA
819	43	747	SEA
819	58	911	SEA
819	62	688	SEA
819	70	689	SEA
819	76	766	SEA
819	80	1212	SEA
834	22	892	SEA
834	24	488	SDA
834	43	921	SEA
834	58	903	SEA
834	62	878	LSD
834	70	756	SEA
834	76	1175	SEA
834	80	886	SEA
840	22	601	SEA
840	24	761	SEA
840	43	1101	SEA
840	58	1106	SEA
840	62	772	SEA
840	70	900	SEA
840	76	616	SEA
840	80	853	SEA
847	22	537	SEA
847	24	1034	SEA
847	43	1187	SEA
847	58	1642	SEA
847	62	771	SEA
847	70	894	SEA
847	76	867	SEA
847	80	994	SEA
853	22	460	SEA
853	24	304	SEA
853	43	643	SEA
853	58	1643	SEA
853	62	770	SEA
853	70	805	SEA
853	76	715	SEA
853	80	468	SEA
859	22	1049	SEA
859	24	512	SEA
859	43	585	SEA
859	58	1592	SEA
859	62	743	SEA
859	70	806	SEA
859	76	836	SEA
859	80	430	SEA
863	22	894	SEA
863	24	547	SEA
863	43	686	SEA
863	62	1509	SEA
863	70	875	SEA
863	76	735	SEA
863	80	440	SEA
871	22	859	SEA
871	24	663	SEA
871	43	1002	SEA
871	58	983	SEA
871	62	1406	SEA
871	70	720	SEA
871	76	734	SEA
871	80	515	SEA
876	22	922	SEA
876	24	701	SEA
876	43	1003	SEA
876	58	867	SEA
876	62	464	SEA
876	70	753	SEA
876	76	803	SEA
876	80	596	SEA
887	22	615	SEA
887	24	456	SEA
887	43	1021	SEA
887	58	716	SEA
887	62	466	SEA
887	70	952	SEA
887	76	2030	SEA
887	80	902	SEA
889	22	672	SEA
889	24	468	SEA
889	43	1066	SEA
889	58	610	SEA
889	62	361	SEA
889	70	880	SEA
889	80	900	SEA
893	22	647	SEA
893	24	425	SEA
893	43	962	SEA
893	58	551	SEA
893	62	376	SEA
893	70	963	SEA
893	76	2336	SEA
893	80	875	SEA
895	22	1006	SEA
895	24	355	SEA
895	43	934	SEA
895	58	583	SEA
895	62	357	SEA
895	70	969	SEA
895	76	2358	SEA
895	80	854	SEA
901	22	986	SEA
901	24	805	SEA
901	43	669	SEA
901	58	1190	SEA
901	62	1134	SEA
901	70	974	SEA
901	80	796	SEA
908	22	687	SEA
908	24	1590	SEA
908	43	615	SEA
908	58	1119	SEA
908	62	517	SEA
908	70	883	SEA
908	76	886	SEA
908	80	938	SEA
918	22	813	SEA
918	24	680	SEA
918	43	734	SEA
918	58	876	SEA
918	62	592	SEA
918	70	723	SEA
918	76	692	SEA
918	80	943	SEA
920	22	732	SEA
920	24	692	SEA
920	43	713	SEA
920	58	914	SEA
920	62	546	SEA
920	70	734	SEA
920	76	623	SEA
920	80	977	SEA
922	22	669	SEA
922	24	638	SEA
922	43	1014	SEA
922	58	1013	SEA
922	62	489	SEA
922	70	687	SEA
922	76	622	SEA
922	80	1108	SEA
923	22	673	SEA
923	24	630	SEA
923	43	961	SEA
923	58	981	SEA
923	62	433	SEA
923	70	987	SEA
923	76	548	SEA
923	80	1131	SEA
924	22	688	SEA
924	24	643	SEA
924	43	1037	SEA
924	58	932	SEA
924	62	418	SEA
924	70	938	SEA
924	76	555	SEA
924	80	1258	SEA
926	22	745	SEA
926	24	824	SEA
926	43	947	SEA
926	58	873	SEA
926	62	383	SEA
926	70	970	SEA
926	76	563	SEA
926	80	1446	SEA
932	22	663	SEA
932	24	795	SEA
932	43	1032	SEA
932	58	812	SEA
932	62	425	SEA
932	70	913	SEA
932	76	580	SEA
932	80	1444	SEA
933	22	645	SEA
933	24	754	SEA
933	43	944	SEA
933	58	836	SEA
933	62	418	SEA
933	70	821	SEA
933	76	622	SEA
933	80	1437	SEA
936	22	504	SEA
936	24	499	SEA
936	43	1022	SEA
936	58	975	SEA
936	62	712	SEA
936	70	1097	SEA
936	76	512	SEA
936	80	1391	SEA
937	22	505	SEA
937	24	695	SEA
937	43	1031	SEA
937	58	994	SEA
937	62	677	SEA
937	70	1107	SEA
937	76	798	SEA
937	80	596	SEA
940	22	550	SEA
940	24	630	SEA
940	43	1074	SEA
940	58	937	SEA
940	62	87	SEA
940	70	1089	SEA
940	76	743	SEA
940	80	714	SEA
941	22	551	SEA
941	24	639	SEA
941	43	1117	SEA
941	58	971	SEA
941	62	183	SEA
941	70	1067	SEA
941	76	788	SEA
941	80	732	SEA
943	22	526	SEA
943	24	576	SEA
943	43	1068	SEA
943	58	996	SEA
943	62	205	SEA
943	70	1191	SEA
943	76	830	SEA
943	80	716	SEA
944	22	474	SEA
944	24	557	SEA
944	43	1043	SEA
944	58	1057	SEA
944	62	195	SEA
944	70	1271	SEA
944	76	794	SEA
944	80	680	SEA
950	22	683	SEA
950	24	648	SEA
950	43	877	SEA
950	58	327	SEA
950	62	246	SEA
950	70	674	SEA
950	76	1601	SEA
950	80	730	SEA
952	22	718	SEA
952	24	643	SEA
952	43	1011	SEA
952	58	415	SEA
952	62	656	SEA
952	70	711	SEA
952	76	1673	SEA
952	80	674	SEA
953	22	709	SEA
953	24	663	SEA
953	43	1062	SEA
953	58	417	SEA
953	62	661	SEA
953	70	733	SEA
953	76	1684	SEA
953	80	731	SEA
965	22	870	SEA
965	24	813	SEA
965	43	856	SEA
965	58	238	SEA
965	62	151	SEA
965	70	784	SEA
965	76	771	SEA
965	80	979	SEA
967	22	679	SEA
967	24	966	SEA
967	43	853	SEA
967	58	525	SEA
967	62	161	SEA
967	70	691	SEA
967	76	811	SEA
967	80	913	SEA
972	22	561	SEA
972	24	402	SEA
972	43	760	SEA
972	58	731	SEA
972	62	710	SEA
972	70	1048	SEA
972	76	818	SEA
972	80	868	SEA
986	22	638	SEA
986	24	569	SEA
986	43	848	SEA
986	58	771	SEA
986	62	673	SEA
986	70	439	SEA
986	76	731	SEA
986	80	675	SEA
987	22	678	SEA
987	24	529	SEA
987	43	885	SEA
987	58	726	SEA
987	62	684	SEA
987	70	434	SEA
987	76	994	SEA
987	80	640	SEA
989	22	665	SEA
989	24	521	SEA
989	43	868	SEA
989	58	639	SEA
989	62	365	SEA
989	70	414	SEA
989	76	1033	SEA
989	80	575	SEA
992	22	796	SEA
992	24	671	SEA
992	43	790	SEA
992	58	929	SEA
992	62	399	SEA
992	70	419	SEA
992	76	1048	SEA
992	80	2049	SEA
1000	22	592	SEA
1000	24	482	SEA
1000	43	1388	SEA
1000	58	914	SEA
1000	62	289	SEA
1000	70	493	SEA
1000	76	873	SDA
1006	22	564	SEA
1006	24	416	SEA
1006	43	584	SEA
1006	58	331	SEA
1006	62	274	SEA
1006	70	789	SEA
1006	76	977	SDA
1006	80	659	SEA
1007	22	564	SEA
1007	24	416	SEA
1007	43	584	SEA
1007	58	331	SEA
1007	62	274	SEA
1007	70	789	SEA
1007	76	977	SDA
1007	80	659	SEA
1008	22	577	SEA
1008	24	463	SEA
1008	43	621	SEA
1008	58	386	SEA
1008	62	430	SEA
1008	70	788	SEA
1008	76	996	SDA
1008	80	599	SEA
1010	22	614	SEA
1010	24	523	SEA
1010	43	682	SEA
1010	58	270	SEA
1010	62	396	SEA
1010	70	775	SEA
1010	76	980	SDA
1010	80	386	SEA
1013	22	709	SEA
1013	24	492	SEA
1013	43	561	SEA
1013	58	336	SEA
1013	62	599	SEA
1013	70	730	SEA
1013	76	974	SEA
1013	80	352	SEA
1014	22	613	SEA
1014	24	583	SEA
1014	43	543	SEA
1014	58	307	SEA
1014	62	575	SEA
1014	70	246	SDA
1014	76	489	SEA
1014	80	346	SEA
1016	22	654	SEA
1016	24	566	SEA
1016	43	597	SEA
1016	58	187	SEA
1016	62	647	SEA
1016	70	159	SDA
1016	76	453	SEA
1016	80	268	SEA
1019	22	551	SEA
1019	24	621	SEA
1019	43	588	SEA
1019	58	445	SEA
1019	62	531	SEA
1019	70	139	SDA
1019	76	382	SEA
1019	80	496	SEA
1023	22	525	SEA
1023	24	455	SEA
1023	43	588	SEA
1023	58	456	SEA
1023	62	387	SEA
1023	70	124	SEA
1023	76	399	SEA
1023	80	430	SEA
1026	22	1275	SEA
1026	24	464	SEA
1026	43	562	SEA
1026	58	873	SEA
1026	62	372	SEA
1026	70	380	SEA
1026	76	436	SEA
1026	80	558	SEA
1028	22	1323	SEA
1028	24	456	SEA
1028	43	605	SEA
1028	58	857	SEA
1028	62	398	SEA
1028	70	463	SEA
1028	76	319	SEA
1028	80	624	SEA
1033	22	1000	SEA
1033	24	633	SEA
1033	43	901	SEA
1033	58	491	SEA
1033	62	1240	SEA
1033	70	224	SEA
1033	76	740	SEA
1033	80	528	SEA
1037	22	256	SEA
1037	24	661	SEA
1037	43	969	SEA
1037	58	442	SEA
1037	62	427	SEA
1037	70	154	SEA
1037	76	556	SEA
1037	80	483	SEA
1040	22	372	SEA
1040	24	662	SEA
1040	43	1036	SEA
1040	58	447	SEA
1040	62	395	SEA
1040	70	913	SEA
1040	76	496	SEA
1040	80	585	SEA
1042	22	636	SEA
1042	24	623	SEA
1042	43	692	SEA
1042	58	403	SEA
1042	62	417	SEA
1042	70	880	SEA
1042	76	478	SEA
1042	80	544	SEA
1048	22	634	SEA
1048	24	695	SEA
1048	43	645	SEA
1048	58	422	SEA
1048	62	522	SEA
1048	70	30	SEA
1048	76	851	SEA
1048	80	1753	SEA
1049	22	660	SEA
1049	24	663	SEA
1049	43	587	SEA
1049	58	408	SEA
1049	62	497	SEA
1049	70	87	SEA
1049	76	801	SEA
1049	80	1691	SEA
1051	22	523	SEA
1051	24	705	SEA
1051	43	549	SEA
1051	58	201	SEA
1051	62	474	SEA
1051	70	152	SEA
1051	76	821	SEA
1051	80	1313	SEA
1053	22	489	SEA
1053	24	720	SEA
1053	43	557	SEA
1053	58	169	SEA
1053	62	485	SEA
1053	70	144	SEA
1053	76	875	SEA
1053	80	1268	SEA
1057	22	913	SEA
1057	24	635	SEA
1057	43	479	SEA
1057	58	746	SEA
1057	62	498	SEA
1057	70	33	SEA
1057	76	800	SEA
1057	80	1365	SEA
1059	22	863	SEA
1059	24	643	SEA
1059	43	877	SEA
1059	58	633	SEA
1059	62	549	SEA
1059	70	67	SEA
1059	76	790	SEA
1059	80	626	SEA
1063	22	801	SEA
1063	24	630	SEA
1063	43	898	SEA
1063	58	650	SEA
1063	62	622	SEA
1063	70	458	SEA
1063	76	828	SEA
1063	80	672	SEA
1064	22	719	SEA
1064	24	792	SEA
1064	43	801	SEA
1064	58	551	SEA
1064	62	665	SEA
1064	70	391	SEA
1064	76	824	SEA
1064	80	645	SEA
1067	22	609	SEA
1067	24	668	SEA
1067	43	756	SEA
1067	58	560	SEA
1067	62	724	SEA
1067	70	291	SEA
1067	76	726	SEA
1067	80	583	SEA
1069	22	570	SEA
1069	24	635	SEA
1069	43	695	SEA
1069	58	605	SEA
1069	62	749	SEA
1069	70	594	SEA
1069	76	746	SEA
1069	80	648	SEA
1071	22	641	SEA
1071	24	537	SEA
1071	43	1052	SEA
1071	58	550	SEA
1071	62	443	SEA
1071	70	469	SEA
1071	76	627	SEA
1071	80	780	SEA
1074	22	641	SEA
1074	24	469	SEA
1074	43	1080	SEA
1074	58	517	SEA
1074	62	491	SEA
1074	70	345	SEA
1074	76	593	SEA
1074	80	782	SEA
1075	22	661	SEA
1075	24	437	SEA
1075	43	1089	SEA
1075	58	925	SEA
1075	62	460	SEA
1075	70	379	SEA
1075	76	552	SEA
1075	80	750	SEA
1090	22	624	SEA
1090	24	693	SEA
1090	43	596	SEA
1090	58	529	SEA
1090	62	430	SEA
1090	70	205	SEA
1090	76	1426	SEA
1090	80	858	SDA
1093	22	625	SEA
1093	24	574	SEA
1093	43	551	SEA
1093	58	589	SEA
1093	62	362	SEA
1093	70	231	SEA
1093	76	717	SEA
1093	80	1073	SEA
1099	22	554	SEA
1099	24	690	SEA
1099	43	505	SEA
1099	58	590	SEA
1099	62	385	SEA
1099	70	184	SEA
1099	76	735	SEA
1099	80	1089	SEA
1103	22	707	SEA
1103	24	444	SEA
1103	43	495	SEA
1103	58	658	SEA
1103	62	643	SEA
1103	70	358	SEA
1103	70M	120	SEA
1103	76	694	SEA
1103	80	1231	SEA
1105	22	811	SEA
1105	24	422	SEA
1105	43	544	SEA
1105	58	764	SEA
1105	62	540	SEA
1105	70	493	SEA
1105	70M	153	SEA
1105	76	702	SEA
1105	80	773	SEA
1108	22	594	SEA
1108	24	416	SEA
1108	43	614	SEA
1108	58	760	SEA
1108	62	565	SEA
1108	70	595	SEA
1108	70M	174	SEA
1108	76	656	SEA
1108	80	854	SEA
1112	22	704	SEA
1112	24	459	SEA
1112	43	1083	SEA
1112	58	881	SEA
1112	62	364	SEA
1112	70	666	SEA
1112	70M	334	SEA
1112	76	758	SEA
1112	80	966	SDA
1119	22	654	SEA
1119	24	528	SEA
1119	43	790	SEA
1119	58	835	SEA
1119	62	518	SEA
1119	62A	1341	SEA
1119	70	571	SDA
1119	70M	886	SEA
1119	76	2055	SEA
1119	80	992	SEA
1127	22	835	SEA
1127	24	743	SEA
1127	43	417	SEA
1127	58	762	SEA
1127	62	581	SEA
1127	62A	1809	SEA
1127	70M	847	SEA
1127	80	966	SEA
1130	22	843	SEA
1130	24	659	SEA
1130	43	1253	SEA
1130	58	910	SEA
1130	62	497	SEA
1130	62A	1737	SEA
1130	70M	848	SEA
1130	76	861	SDA
1130	80	961	SEA
1132	22	858	SEA
1132	24	601	SEA
1132	43	1132	SEA
1132	58	986	SEA
1132	62	542	SEA
1132	62A	1730	SEA
1132	70M	855	SEA
1132	76	769	SDA
1132	80	1034	SEA
1136	22	629	SEA
1136	24	655	SEA
1136	43	1128	SEA
1136	58	844	SEA
1136	62	665	SEA
1136	62A	1836	SEA
1136	70M	877	SEA
1136	76	783	SDA
1136	80	971	SEA
1140	22	607	SEA
1140	24	509	SEA
1140	43	689	SEA
1140	58	951	SEA
1140	62	1249	SEA
1140	70M	851	SEA
1140	76	798	SDA
1140	80	1453	SEA
1146	22	493	SEA
1146	24	799	SEA
1146	43	794	SEA
1146	58	824	SEA
1146	62	1243	SEA
1146	70M	740	SDA
1146	76	849	SEA
1146	80	1416	SEA
1149	22	785	SEA
1149	24	616	SEA
1149	43	796	SEA
1149	58	715	SEA
1149	62	270	SEA
1149	70M	694	SDA
1149	76	899	SEA
1149	80	1855	SEA
1153	22	839	SEA
1153	24	632	SEA
1153	43	1016	SEA
1153	58	550	SEA
1153	62	288	SEA
1153	70M	756	SEA
1153	76	882	SEA
1153	80	807	SEA
1154	22	771	SEA
1154	24	641	SEA
1154	43	963	SEA
1154	58	546	SEA
1154	62	307	SEA
1154	70M	701	SEA
1154	76	922	SEA
1154	80	760	SEA
1157	22	846	SEA
1157	24	588	SEA
1157	43	1065	SEA
1157	58	559	SEA
1157	62	247	SEA
1157	70M	681	SEA
1157	76	872	SEA
1157	80	802	SEA
1164	22	528	SEA
1164	24	506	SEA
1164	43	787	SEA
1164	58	1085	SEA
1164	62	395	SEA
1164	70M	942	SEA
1164	76	454	SDA
1164	80	739	SEA
1168	22	467	SEA
1168	24	905	SEA
1168	43	785	SEA
1168	58	586	SEA
1168	62	360	SEA
1168	70M	1057	SEA
1168	76	427	SEA
1168	80	920	SEA
1181	22	716	SEA
1181	24	542	SEA
1181	43	1257	SEA
1181	58	1101	SEA
1181	62	391	SEA
1181	70M	840	SDA
1181	76	589	SEA
1181	80	1244	SEA
1183	22	746	SEA
1183	24	521	SEA
1183	43	1225	SEA
1183	58	1103	SEA
1183	62	308	SEA
1183	70M	711	SDA
1183	76	1068	SEA
1183	80	1119	SEA
1188	22	913	SEA
1188	24	597	SEA
1188	43	1234	SEA
1188	58	623	SEA
1188	62	723	SEA
1188	70M	761	SEA
1188	76	1040	SEA
1188	80	864	SEA
1190	22	1015	SEA
1190	24	639	SEA
1190	43	1258	SEA
1190	58	654	SEA
1190	62	647	SEA
1190	70M	700	SEA
1190	76	1017	SEA
1190	80	1070	SEA
1200	22	743	SEA
1200	24	608	SEA
1200	43	376	SEA
1200	58	882	SEA
1200	62	915	SEA
1200	70M	590	SEA
1200	76	720	SEA
1200	80	1201	SEA
1205	22	774	SEA
1205	24	793	SEA
1205	43	329	SEA
1205	58	694	SEA
1205	62	419	SEA
1205	62A	1492	SEA
1205	70M	577	SEA
1205	76	744	SEA
1205	80	711	SEA
1209	22	883	SEA
1209	24	837	SEA
1209	43	401	SEA
1209	58	1938	SEA
1209	62	492	SEA
1209	62A	1551	SEA
1209	70M	598	SEA
1209	76	1062	SEA
1209	80	948	SEA
1210	22	871	SEA
1210	24	798	SEA
1210	43	335	SEA
1210	58	1943	SEA
1210	62	486	SEA
1210	62A	1475	SEA
1210	70M	491	SEA
1210	76	1050	SEA
1210	80	936	SEA
1214	22	1003	SEA
1214	24	579	SEA
1214	43	871	SEA
1214	58	2122	SEA
1214	62	482	SEA
1214	62A	1538	SEA
1214	70M	919	SEA
1214	76	971	SEA
1214	80	1189	SEA
1228	22	706	SEA
1228	24	624	SEA
1228	43	1048	SEA
1228	58	767	SEA
1228	62	680	SEA
1228	70M	785	SEA
1228	76	919	SEA
1228	80	1148	SEA
1239	22	852	SEA
1239	24	624	SEA
1239	43	802	SEA
1239	58	899	SEA
1239	62	876	SEA
1239	70M	897	SEA
1239	76	1861	SEA
1239	80	1060	SEA
1240	22	878	SEA
1240	24	677	SEA
1240	43	763	SEA
1240	58	941	SEA
1240	62	844	SEA
1240	70M	883	SEA
1240	76	1866	SEA
1240	80	983	SEA
1243	22	827	SEA
1243	24	704	SEA
1243	43	767	SEA
1243	58	937	SEA
1243	62	839	SEA
1243	70M	928	SEA
1243	76	1840	SEA
1243	80	975	SEA
1248	22	893	SEA
1248	24	710	SEA
1248	43	789	SEA
1248	58	973	SEA
1248	62	889	SEA
1248	70M	868	SEA
1248	76	1824	SEA
1248	80	1472	SEA
1252	22	817	SEA
1252	24	638	SEA
1252	43	832	SEA
1252	58	884	SEA
1252	62	788	SEA
1252	70M	689	SEA
1252	76	916	SEA
1252	80	1291	SEA
1255	22	816	SEA
1255	24	809	SEA
1255	43	931	SEA
1255	58	1312	SEA
1255	62	800	SEA
1255	70M	727	SEA
1255	76	591	SEA
1255	80	1324	SEA
1257	22	867	SEA
1257	24	874	SEA
1257	43	905	SEA
1257	58	1285	SEA
1257	62	770	SEA
1257	70M	707	SEA
1257	76	648	SEA
1257	80	1398	SEA
1264	22	957	SEA
1264	24	567	SEA
1264	43	857	SEA
1264	58	1384	SEA
1264	62	771	SEA
1264	70M	702	SEA
1264	76	527	SEA
1264	80	1207	SEA
1265	22	872	SEA
1265	24	497	SEA
1265	43	872	SEA
1265	58	1561	SEA
1265	62	794	SEA
1265	70M	1036	SEA
1265	76	516	SEA
1265	80	1174	SEA
1275	22	949	SEA
1275	24	425	SEA
1275	43	1765	SEA
1275	58	821	SEA
1275	62	885	SEA
1275	70M	1114	SEA
1275	76	455	SEA
1275	80	1336	SEA
1278	22	998	SEA
1278	24	766	SEA
1278	43	1794	SEA
1278	58	726	SEA
1278	62	906	SEA
1278	70M	961	SEA
1278	76	418	SEA
1278	80	1481	SEA
1280	22	1133	SEA
1280	24	764	SEA
1280	43	1831	SEA
1280	58	730	SEA
1280	62	875	SEA
1280	70M	973	SEA
1280	76	369	SEA
1280	80	1511	SEA
1284	22	960	SEA
1284	24	460	SEA
1284	43	894	SEA
1284	58	875	SEA
1284	62	1245	SEA
1284	70M	861	SEA
1284	76	1134	SEA
1295	22	1073	SEA
1295	24	597	SEA
1295	43	875	SEA
1295	58	833	SEA
1295	62	1347	SEA
1295	70M	765	SEA
1295	76	1038	SEA
1295	80	512	SEA
1296	22	1073	SEA
1296	24	597	SEA
1296	43	875	SEA
1296	58	833	SEA
1296	62	1347	SEA
1296	70M	765	SEA
1296	76	1038	SEA
1296	80	512	SEA
1301	22	1069	SEA
1301	24	648	SEA
1301	43	892	SEA
1301	58	1365	SEA
1301	62	680	SEA
1301	70M	621	SEA
1301	76	1094	SEA
1301	80	464	SEA
1306	22	1113	SEA
1306	24	698	SEA
1306	43	808	SEA
1306	58	1442	SEA
1306	62	761	SEA
1306	70M	509	SEA
1306	76	1786	SEA
1306	80	590	SEA
1308	22	1084	SEA
1308	24	511	SEA
1308	43	750	SEA
1308	58	1520	SEA
1308	62	852	SEA
1308	70M	412	SEA
1308	76	1832	SEA
1308	80	668	SEA
1312	22	983	SEA
1312	24	488	SEA
1312	43	817	SEA
1312	58	1432	SEA
1312	62	867	SEA
1312	70M	781	SEA
1312	76	1646	SEA
1312	80	635	SEA
1319	22	995	SEA
1319	24	392	SEA
1319	43	1120	SEA
1319	58	1419	SEA
1319	62	1438	SEA
1319	70M	675	SEA
1319	76	1771	SEA
1319	80	705	SEA
