363	325	783	SEA
363	329	479	SEA
375	325	427	SEA
375	329	280	SEA
385	325	480	SEA
385	329	297	SEA
395	325	670	SEA
395	329	303	SEA
408	325	445	SEA
408	329	446	SEA
409	325	366	SEA
409	329	481	SEA
421	325	845	SEA
421	329	339	SEA
422	325	846	SEA
422	329	338	SEA
435	325	127	SEA
435	329	333	SEA
439	325	12	SEA
439	329	249	SEA
448	325	150	SEA
448	329	390	SEA
450	325	204	SEA
450	329	345	SEA
453	325	133	SEA
453	329	395	SEA
458	325	137	SEA
458	329	200	SEA
463	325	307	SEA
463	329	479	SEA
465	325	307	SEA
465	329	191	SEA
494	325	792	SEA
494	329	427	SEA
507	325	182	SEA
507	329	71	SEA
512	325	299	SEA
512	329	289	SEA
520	325	462	SEA
520	329	475	SEA
529	325	283	SEA
529	329	720	SEA
541	325	273	SEA
541	329	660	SEA
543	325	233	SEA
543	329	639	SEA
549	325	195	SEA
549	329	243	SEA
554	325	466	SEA
554	329	480	SEA
568	325	221	SEA
568	329	419	SEA
578	325	357	SEA
578	329	315	SEA
593	325	158	SEA
593	329	419	SEA
596	325	526	SEA
596	329	434	SEA
606	325	648	SEA
606	329	455	SEA
607	325	665	SEA
607	329	520	SEA
615	325	220	SEA
615	329	351	SEA
624	325	234	SEA
624	329	432	SEA
629	325	403	SEA
629	329	328	SEA
630	325	403	SEA
630	329	328	SEA
637	325	469	SEA
637	329	534	SEA
672	325	795	SEA
672	329	480	SEA
692	325	765	SEA
692	329	482	SEA
694	325	795	SEA
694	329	467	SEA
710	325	878	SEA
710	329	337	SEA
718	325	693	SEA
718	329	408	SEA
720	325	592	SEA
720	329	369	SEA
727	325	664	SEA
727	329	1082	SEA
729	325	760	SEA
729	329	414	SEA
739	325	665	SEA
739	329	479	SEA
740	325	686	SEA
740	329	486	SEA
749	325	549	SEA
749	329	359	SEA
751	325	565	SEA
751	329	358	SEA
757	325	894	SEA
757	329	311	SEA
759	325	944	SEA
759	329	316	SEA
760	325	942	SEA
760	329	444	SEA
761	325	1009	SEA
761	329	439	SEA
765	325	611	SEA
765	329	248	SEA
768	325	561	SEA
768	329	284	SEA
771	325	626	SEA
771	329	346	SEA
772	325	626	SEA
772	329	346	SEA
773	325	739	SEA
773	329	393	SEA
774	325	751	SEA
774	329	380	SEA
775	325	751	SEA
775	329	380	SEA
778	325	945	SEA
778	329	385	SEA
783	325	838	SEA
783	329	439	SEA
791	325	684	SEA
791	329	354	SEA
798	325	841	SEA
798	329	1137	SEA
801	325	847	SEA
801	329	1111	SEA
804	325	869	SEA
804	329	619	SEA
808	325	659	SEA
808	329	1070	SEA
810	325	660	SEA
810	329	436	SEA
819	325	798	SEA
819	329	438	SEA
834	325	692	SEA
834	329	376	SEA
840	325	736	SEA
840	329	1199	SEA
847	325	629	SEA
847	329	1118	SEA
853	325	758	SEA
853	329	437	SEA
859	325	782	SEA
859	329	386	SEA
863	325	613	SEA
863	329	559	SEA
871	325	979	SEA
871	329	382	SEA
876	325	956	SEA
876	329	496	SEA
887	325	801	SEA
887	329	1143	SDA
889	325	751	SEA
889	329	454	SDA
893	325	807	SEA
893	329	423	SDA
895	325	791	SEA
895	329	497	SEA
901	325	730	SEA
901	329	584	SEA
908	325	773	SEA
908	329	346	SEA
918	325	718	SEA
918	329	325	SEA
920	325	663	SEA
920	329	333	SEA
922	325	892	SEA
922	329	268	SEA
923	325	863	SEA
923	329	266	SEA
924	325	880	SEA
924	329	210	SEA
926	325	843	SEA
926	329	464	SEA
932	325	813	SEA
932	329	435	SEA
933	325	145	SEA
933	329	465	SEA
936	325	161	SEA
936	329	599	SEA
937	325	163	SEA
937	329	447	SDA
940	325	218	SEA
940	329	451	SDA
941	325	201	SEA
941	329	466	SDA
943	325	225	SEA
943	329	1102	SDA
944	325	541	SEA
944	329	449	SDA
950	325	471	SEA
950	329	471	SEA
952	325	434	SEA
952	329	376	SEA
953	325	428	SEA
953	329	455	SEA
965	325	882	SEA
965	329	433	SEA
967	325	856	SEA
967	329	394	SEA
972	325	829	SEA
972	329	491	SEA
986	325	773	SEA
986	329	376	SEA
987	325	813	SEA
987	329	432	SEA
989	325	746	SEA
989	329	381	SEA
992	325	849	SEA
992	329	473	SEA
1000	325	484	SEA
1000	329	419	SEA
1006	325	602	SEA
1006	329	488	SEA
1007	325	602	SEA
1007	329	488	SEA
1008	325	605	SEA
1008	329	427	SEA
1010	325	474	SEA
1010	329	447	SEA
1013	325	380	SEA
1013	329	660	SEA
1014	325	316	SEA
1014	329	599	SEA
1016	325	307	SEA
1016	329	518	SEA
1019	325	214	SEA
1019	329	542	SEA
1023	325	252	SEA
1023	329	720	SEA
1026	325	273	SEA
1026	329	541	SEA
1028	325	218	SEA
1028	329	505	SEA
1033	325	259	SEA
1033	329	492	SEA
1037	325	355	SEA
1037	329	719	SEA
1040	325	402	SEA
1040	329	496	SDA
1048	325	301	SEA
1048	329	506	SDA
1049	325	371	SEA
1049	329	332	SEA
1051	325	543	SEA
1051	329	353	SDA
1053	325	513	SEA
1053	329	363	SDA
1057	325	299	SEA
1057	329	340	SDA
1059	325	328	SEA
1059	329	565	SDA
1063	325	369	SEA
1063	329	260	SDA
1064	325	274	SEA
1064	329	247	SEA
1067	325	502	SEA
1067	329	262	SDA
1069	325	418	SEA
1069	329	341	SDA
1071	325	631	SEA
1071	329	277	SDA
1074	325	671	SEA
1074	329	305	SDA
1075	325	503	SEA
1075	329	315	SDA
1090	325	96	SEA
1090	329	312	SEA
1093	325	174	SEA
1093	329	244	SEA
1099	325	605	SEA
1099	329	287	SDA
1103	325	607	SEA
1103	329	296	SDA
1105	325	626	SEA
1105	329	553	SDA
1108	325	576	SDA
1108	329	313	SEA
1112	325	535	SEA
1112	329	351	SEA
1119	325	603	SEA
1119	329	357	SDA
1127	325	51	SEA
1127	329	224	SDA
1130	325	122	SEA
1130	329	518	SDA
1132	325	113	SEA
1132	329	520	SDA
1136	325	5	SEA
1136	329	357	SDA
1140	325	275	SEA
1140	329	395	SDA
1146	325	497	SEA
1146	329	764	SEA
1149	325	463	SEA
1149	329	810	SEA
1153	325	324	SEA
1153	329	114	SEA
1154	325	329	SEA
1154	329	109	SEA
1157	325	351	SEA
1157	329	51	SEA
1164	325	107	SEA
1164	329	77	SEA
1168	325	477	SEA
1168	329	317	SDA
1181	325	864	SEA
1181	329	390	SEA
1183	325	829	SEA
1183	329	450	SDA
1188	325	844	SEA
1188	329	479	SEA
1190	325	905	SEA
1190	329	359	SEA
1200	325	847	SDA
1200	329	287	SDA
1205	325	937	SEA
1205	329	438	SEA
1209	325	987	SEA
1209	329	509	SEA
1210	325	629	SEA
1210	329	542	SEA
1214	325	480	SEA
1214	329	452	SEA
1228	325	830	SEA
1228	329	404	SEA
1239	325	656	SEA
1239	329	659	SEA
1240	325	632	SEA
1240	329	619	SEA
1243	325	567	SEA
1243	329	447	SDA
1248	325	666	SEA
1248	329	466	SDA
1252	325	650	SEA
1252	329	492	SEA
1255	325	659	SEA
1255	329	496	SDA
1257	325	697	SEA
1257	329	476	SDA
1264	325	1009	SEA
1264	329	548	SEA
1265	325	975	SEA
1265	329	1244	SEA
1275	325	707	SEA
1275	329	660	SEA
1278	325	572	SEA
1278	329	247	SEA
1280	325	592	SEA
1280	329	247	SDA
1284	325	624	SEA
1284	329	216	SDA
1295	325	913	SEA
1295	329	560	SEA
1296	325	913	SEA
1296	329	560	SEA
1301	325	657	SDA
1301	329	535	SEA
1306	325	817	SEA
1306	329	488	SEA
1308	325	869	SEA
1308	329	506	SDA
1312	325	698	SEA
1312	329	486	SDA
1319	325	641	SEA
1319	329	491	SEA
