363	101	598	SEA
363	116	718	SDA
363	329	714	SEA
363	72	638	SEA
408	101	643	SEA
408	116	393	SEA
408	165	537	SDA
408	329	720	SEA
408	72	151	SEA
409	101	658	SEA
409	116	401	SEA
409	165	494	SDA
409	329	725	SEA
409	72	64	SEA
421	101	504	SDA
421	116	470	SEA
421	165	365	SDA
421	329	559	SEA
421	72	372	SEA
422	101	525	SDA
422	116	478	SEA
422	165	344	SEA
422	329	443	SEA
422	72	290	SEA
435	101	622	SEA
435	116	630	SEA
435	165	476	SDA
435	329	336	SDA
435	72	547	SEA
435	72A	600	SEA
439	101	374	SEA
439	116	516	SEA
439	165	399	SDA
439	329	108	SDA
439	72	162	SEA
439	72A	199	SEA
448	101	375	SEA
448	116	292	SEA
448	165	1004	SEA
448	329	219	SDA
448	72	531	SEA
448	72A	454	SEA
458	101	687	SEA
458	116	284	SEA
458	165	660	SEA
458	329	631	SEA
458	72	211	SDA
458	72A	542	SEA
463	101	866	SEA
463	116	750	SEA
463	165	682	SEA
463	329	260	SDA
463	72	394	SEA
463	72A	585	SEA
494	101	1007	SEA
494	116	280	SEA
494	165	510	SEA
494	329	320	SEA
494	72	155	SDA
529	101	535	SDA
529	116	849	SDA
529	165	608	SDA
529	329	156	SEA
529	72	371	SEA
543	101	685	SEA
543	116	815	SEA
543	165	488	SEA
543	329	699	SEA
543	72	343	SDA
549	101	380	SEA
549	116	47	SEA
549	165	679	SEA
549	329	1101	SEA
549	72	366	SEA
554	101	279	SEA
554	116	205	SEA
554	165	911	SEA
554	329	991	SEA
554	72	108	SEA
568	101	478	SEA
568	116	226	SEA
568	165	482	SEA
568	329	482	SEA
568	72	556	SEA
593	101	536	SEA
593	116	770	SEA
593	165	604	SEA
593	329	373	SEA
593	72	652	SEA
606	101	328	SEA
606	116	408	SEA
606	165	631	SEA
606	329	589	SEA
606	72	364	SEA
607	101	285	SEA
607	116	448	SEA
607	165	610	SEA
607	329	561	SEA
607	72	352	SEA
629	101	377	SEA
629	116	360	SEA
629	165	710	SEA
629	329	646	SEA
629	72	640	SEA
637	101	498	SEA
637	116	223	SEA
637	165	815	SEA
637	329	433	SEA
637	72	483	SEA
654	101	636	SEA
654	116	295	SEA
654	165	490	SEA
654	329	757	SEA
654	72	670	SEA
694	101	622	SEA
694	116	975	SEA
694	165	1306	SEA
694	329	645	SEA
694	72	656	SEA
710	101	619	SDA
710	116	749	SEA
710	165	937	SEA
710	329	708	SEA
710	72	448	SEA
718	101	725	SEA
718	116	652	SEA
718	165	825	SEA
718	329	732	SEA
718	72	362	SEA
727	101	838	SEA
727	116	703	SEA
727	165	1003	SEA
727	329	650	SEA
727	72	763	SEA
729	101	834	SEA
729	116	691	SEA
729	165	1015	SEA
729	329	537	SEA
729	72	906	SEA
751	101	647	SEA
751	116	781	SEA
751	165	715	SEA
751	329	685	SEA
751	72	506	SEA
757	101	765	SEA
757	116	744	SEA
757	165	999	SEA
757	329	817	SEA
757	72	633	SEA
759	101	763	SEA
759	116	776	SEA
759	165	958	SEA
759	329	834	SEA
759	72	621	SEA
760	101	821	SEA
760	116	739	SEA
760	165	956	SEA
760	329	787	SEA
760	72	572	SEA
765	101	939	SEA
765	116	562	SEA
765	165	469	SEA
765	329	784	SEA
765	72	508	SEA
768	101	969	SEA
768	116	633	SEA
768	165	547	SEA
768	329	679	SEA
768	72	414	SEA
770	101	876	SEA
770	116	545	SEA
770	165	474	SEA
770	329	642	SEA
770	72	448	SEA
771	101	887	SEA
771	116	532	SEA
771	165	494	SEA
771	329	678	SEA
771	72	458	SEA
772	101	887	SEA
772	116	532	SEA
772	165	494	SEA
772	329	678	SEA
772	72	458	SEA
774	101	878	SEA
774	116	559	SEA
774	165	464	SEA
774	329	697	SEA
774	72	360	SEA
778	101	810	SEA
778	116	481	SEA
778	165	1276	SEA
778	329	553	SEA
778	72	544	SEA
791	101	482	SEA
791	116	640	SEA
791	165	847	SEA
791	329	671	SEA
791	72	363	SEA
798	101	549	SEA
798	116	224	SEA
798	165	826	SEA
798	329	770	SEA
798	72	922	SEA
801	101	513	SEA
801	116	252	SEA
801	165	826	SEA
801	329	717	SEA
801	72	848	SEA
804	101	458	SEA
804	116	169	SEA
804	165	870	SEA
804	329	521	SDA
804	72	424	SEA
808	101	805	SEA
808	116	727	SEA
808	165	1033	SDA
808	329	396	SDA
808	72	164	SEA
810	101	775	SEA
810	116	871	SEA
810	165	1004	SDA
810	329	275	SDA
810	72	103	SEA
819	101	929	SDA
819	116	1018	SEA
819	165	782	SDA
819	329	860	SEA
819	72	570	SEA
834	101	566	SEA
834	116	390	LSD
834	165	932	SEA
834	329	488	SEA
834	72	709	SEA
840	101	591	SDA
840	116	373	SDA
840	165	984	SDA
840	329	387	LSD
840	72	641	SEA
847	101	719	SEA
847	116	546	SEA
847	165	1119	SDA
847	329	358	SEA
847	72	243	SEA
853	101	692	SEA
853	116	315	SEA
853	165	388	SEA
853	329	264	SEA
853	72	191	SEA
859	101	824	SEA
859	116	268	SEA
859	165	425	SEA
859	329	595	SEA
859	72	370	SEA
863	101	761	SEA
863	116	352	SEA
863	165	540	SEA
863	329	731	SEA
863	72	415	SEA
871	101	653	SEA
871	116	465	SEA
871	165	1169	SEA
871	329	717	SEA
871	72	407	SEA
876	101	714	SEA
876	116	474	SEA
876	165	943	SEA
876	329	809	SEA
876	72	434	SEA
887	101	770	SEA
887	116	539	SEA
887	165	806	SEA
887	329	459	SEA
887	72	604	SEA
889	101	798	SEA
889	116	624	SEA
889	165	851	SEA
889	329	438	SEA
889	72	532	SEA
893	101	688	SEA
893	116	538	SEA
893	165	734	SDA
893	329	468	SEA
893	72	532	SEA
895	101	755	SEA
895	116	670	SEA
895	165	856	SEA
895	329	636	SEA
895	72	364	SEA
901	101	576	SEA
901	116	654	SEA
901	165	794	SEA
901	329	631	SEA
901	72	429	SEA
908	101	780	SEA
908	116	912	SEA
908	165	555	SEA
908	329	610	SEA
908	72	674	SEA
918	101	435	SEA
918	116	467	SEA
918	165	587	SEA
918	329	655	SEA
918	72	418	SEA
920	101	440	SEA
920	116	525	SEA
920	165	591	SEA
920	329	654	SEA
920	72	476	SEA
922	101	466	SEA
922	116	523	SEA
922	165	1190	SEA
922	329	761	SEA
922	72	560	SEA
923	101	482	SEA
923	116	513	SEA
923	165	1181	SEA
923	329	762	SEA
923	72	589	SEA
924	101	481	SEA
924	116	479	SEA
924	165	1182	SEA
924	329	718	SEA
924	72	612	SEA
926	101	467	SEA
926	116	589	SEA
926	165	1159	SEA
926	329	575	SEA
926	72	552	SEA
932	101	442	SEA
932	116	838	SEA
932	165	277	SEA
932	329	514	SEA
932	72	342	SEA
933	101	390	SEA
933	116	870	SEA
933	165	268	SEA
933	329	609	SEA
933	72	373	SEA
936	101	421	SEA
936	116	808	SEA
936	165	381	SEA
936	329	602	SEA
936	72	431	SEA
937	101	402	SEA
937	116	698	SEA
937	165	335	SEA
937	329	607	SEA
937	72	365	SEA
940	101	465	SEA
940	116	622	SEA
940	165	232	SEA
940	329	299	SEA
940	72	389	SEA
941	101	451	SEA
941	116	640	SEA
941	165	274	SEA
941	329	301	SEA
941	72	333	SEA
943	101	698	SEA
943	116	607	SEA
943	165	339	SEA
943	329	221	SEA
943	72	375	SEA
944	101	671	SEA
944	116	627	SEA
944	165	318	SEA
944	329	217	SEA
944	72	388	SEA
950	101	169	SEA
950	116	614	SEA
950	165	1609	SEA
950	329	665	SEA
950	72	783	SEA
952	101	162	SEA
952	116	457	SEA
952	165	1634	SEA
952	329	711	SEA
952	72	143	SDA
953	101	203	SEA
953	116	485	SEA
953	165	1567	SEA
953	329	663	SEA
953	72	142	SDA
965	101	423	SEA
965	116	612	SEA
965	165	1573	SDA
965	329	725	SEA
965	72	130	SDA
967	101	412	SEA
967	116	557	SEA
967	165	1500	SDA
967	329	730	SEA
967	72	423	SEA
972	101	391	SEA
972	116	806	SEA
972	165	1458	SEA
972	329	711	SEA
972	72	178	SEA
986	101	592	SEA
986	116	335	SEA
986	165	384	SEA
986	329	485	SEA
986	72	274	SEA
987	101	557	SEA
987	116	297	SEA
987	165	339	SEA
987	329	540	SEA
987	72	285	SEA
989	101	564	SEA
989	116	279	SEA
989	165	294	SEA
989	329	550	SEA
989	72	247	SEA
992	101	514	SEA
992	116	162	SEA
992	165	411	SEA
992	329	754	SEA
992	72	242	SEA
1000	101	369	SEA
1000	116	445	SEA
1000	165	455	SEA
1000	329	578	SEA
1000	72	143	SEA
1006	101	865	SEA
1006	116	497	SEA
1006	165	405	SEA
1006	329	556	SEA
1006	72	142	SEA
1007	101	865	SEA
1007	116	497	SEA
1007	165	405	SEA
1007	329	556	SEA
1007	72	142	SEA
1008	101	873	SEA
1008	116	484	SEA
1008	165	477	SEA
1008	329	636	SEA
1008	72	137	SEA
1010	101	887	SEA
1010	116	424	SEA
1010	165	903	SEA
1010	329	633	SEA
1010	72	94	SEA
1013	101	136	SDA
1013	116	282	SEA
1013	165	819	SEA
1013	329	573	SEA
1013	72	57	SEA
1014	101	193	SDA
1014	116	172	SEA
1014	165	806	SEA
1014	329	608	SEA
1014	72	56	SEA
1016	101	209	SEA
1016	116	174	SEA
1016	165	706	SEA
1016	329	482	SEA
1016	72	562	SEA
1019	101	277	SEA
1019	116	749	SEA
1019	165	645	SEA
1019	329	457	SEA
1019	72	580	SEA
1023	101	152	SEA
1023	116	731	SEA
1023	165	607	SEA
1023	329	387	SDA
1023	72	120	SEA
1026	101	154	SDA
1026	116	727	SEA
1026	165	676	SEA
1026	329	460	SEA
1026	72	227	SEA
1028	101	156	SDA
1028	116	722	SEA
1028	165	690	SEA
1028	329	436	SEA
1028	72	250	SEA
1033	101	389	SEA
1033	116	670	SEA
1033	165	594	SEA
1033	329	488	SEA
1033	72	1138	SEA
1037	101	375	SEA
1037	116	555	SEA
1037	165	701	SEA
1037	329	796	SEA
1037	72	19	SEA
1040	101	250	SEA
1040	116	455	SEA
1040	165	694	SDA
1040	329	776	SDA
1040	72	164	SEA
1042	101	838	SEA
1042	116	485	SEA
1042	165	1199	SEA
1042	329	660	SDA
1042	72	135	SEA
1048	101	398	SEA
1048	116	734	SEA
1048	165	1153	SEA
1048	329	693	SEA
1048	72	197	SDA
1049	101	418	SEA
1049	116	726	SEA
1049	165	1211	SDA
1049	329	693	SEA
1049	72	111	SDA
1051	101	388	SEA
1051	116	707	SDA
1051	165	1117	SDA
1051	329	644	SEA
1051	72	113	SDA
1053	101	394	SEA
1053	116	721	SDA
1053	165	1038	SDA
1053	329	651	SEA
1053	72	151	SDA
1057	101	616	SEA
1057	116	584	SEA
1057	165	1612	SEA
1057	329	625	SEA
1057	72	254	SEA
1059	101	559	SEA
1059	116	496	SEA
1059	165	1587	SDA
1059	329	653	SEA
1059	72	399	SEA
1063	101	293	SEA
1063	116	495	SEA
1063	165	1565	SDA
1063	329	486	SDA
1063	72	572	SEA
1064	101	300	SEA
1064	116	470	SEA
1064	165	1587	SDA
1064	329	486	SEA
1064	72	542	SEA
1067	101	282	SEA
1067	116	388	SEA
1067	165	1582	SDA
1067	329	508	SDA
1067	72	564	SEA
1069	101	308	SEA
1069	116	402	SEA
1069	165	1574	SDA
1069	329	487	SEA
1069	72	508	SEA
1071	101	334	SEA
1071	116	715	SEA
1071	165	598	SEA
1071	329	389	SEA
1071	72	458	SEA
1074	101	271	SEA
1074	116	666	SEA
1074	165	585	SEA
1074	329	625	SEA
1074	72	35	SDA
1075	101	844	SEA
1075	116	670	SEA
1075	165	611	SEA
1075	329	637	SEA
1075	72	3	SDA
1090	101	707	SEA
1090	116	683	SEA
1090	165	407	SDA
1090	329	655	SEA
1090	72	149	SDA
1093	101	611	SDA
1093	116	771	SEA
1093	165	482	SEA
1093	329	405	SEA
1093	72	312	SEA
1099	101	284	SEA
1099	116	813	SEA
1099	165	952	SEA
1099	329	442	SEA
1099	72	340	SEA
1103	101	338	SEA
1103	116	874	SEA
1103	165	1008	SEA
1103	329	638	SEA
1103	72	215	SEA
1105	101	270	SEA
1105	116	459	SDA
1105	165	968	SEA
1105	329	649	SEA
1105	72	322	SEA
1108	101	780	SEA
1108	116	478	SEA
1108	165	327	SDA
1108	329	397	SEA
1108	72	264	SEA
1112	101	194	SEA
1112	116	526	SEA
1112	165	367	SDA
1112	329	362	SEA
1112	72	196	SEA
1119	101	108	SEA
1119	116	495	SEA
1119	165	366	SDA
1119	329	353	SEA
1119	72	483	SEA
1127	101	379	SEA
1127	116	369	SEA
1127	165	1593	SDA
1127	329	358	SEA
1127	72	351	SEA
1130	101	937	SEA
1130	116	422	SEA
1130	165	406	SEA
1130	329	369	SEA
1130	72	429	SEA
1132	101	958	SEA
1132	116	447	SEA
1132	165	382	SEA
1132	329	364	SEA
1132	72	365	SEA
1136	101	104	SDA
1136	116	427	SEA
1136	165	337	SEA
1136	329	631	SEA
1136	72	300	SEA
1140	101	130	SEA
1140	116	486	SEA
1140	165	443	SEA
1140	329	578	SEA
1140	72	106	SEA
1146	101	205	SEA
1146	116	732	SEA
1146	165	212	SEA
1146	329	514	SEA
1146	72	690	SEA
1149	101	598	SEA
1149	116	710	SEA
1149	165	188	SEA
1149	329	563	SEA
1149	72	272	SEA
1153	101	457	SEA
1153	116	394	SEA
1153	165	210	SEA
1153	329	421	SEA
1153	72	201	SEA
1154	101	466	SEA
1154	116	404	SEA
1154	165	212	SEA
1154	329	427	SEA
1154	72	175	SEA
1157	101	417	SEA
1157	116	454	SEA
1157	165	538	SEA
1157	329	423	SEA
1157	72	191	SEA
1164	101	419	SEA
1164	116	492	SEA
1164	165	751	SEA
1164	329	823	SEA
1164	72	473	SEA
1168	101	428	SEA
1168	116	261	SEA
1168	165	623	SEA
1168	329	74	SEA
1168	72	258	SEA
1181	101	715	SEA
1181	116	526	SEA
1181	165	545	SEA
1181	329	9	SEA
1181	72	241	SEA
1183	101	723	SEA
1183	116	625	SEA
1183	165	524	SEA
1183	329	11	SEA
1183	72	218	SEA
1188	101	694	SEA
1188	116	573	SEA
1188	165	1699	SEA
1188	329	4	SEA
1188	72	590	SEA
1190	101	664	SEA
1190	116	502	SEA
1190	165	1730	SEA
1190	329	373	SEA
1190	72	497	SEA
1200	101	618	SEA
1200	116	611	SEA
1200	165	449	SEA
1200	329	942	SEA
1200	72	353	SEA
1205	101	167	SEA
1205	116	475	SEA
1205	165	631	SEA
1205	329	880	SEA
1205	72	712	SDA
1209	101	154	SEA
1209	116	366	SEA
1209	165	627	SEA
1209	329	209	SDA
1209	72	678	SEA
1210	101	178	SEA
1210	116	415	SEA
1210	165	585	SEA
1210	329	169	SDA
1210	72	634	SDA
1214	101	214	SEA
1214	116	610	SEA
1214	165	588	SEA
1214	329	112	SEA
1214	72	756	SDA
1228	101	747	SEA
1228	116	398	SEA
1228	165	601	SDA
1228	329	530	SEA
1228	72	906	SEA
1239	101	514	SEA
1239	116	495	SEA
1239	165	1110	SEA
1239	329	562	SEA
1239	72	971	SEA
1240	101	513	SEA
1240	116	666	SEA
1240	165	1152	SEA
1240	329	430	SEA
1240	72	963	SEA
1243	101	479	SEA
1243	116	609	SEA
1243	165	882	SEA
1243	329	613	SEA
1243	72	978	SEA
1248	101	969	SEA
1248	116	663	SEA
1248	165	879	SDA
1248	329	635	SEA
1248	72	1185	SEA
1252	101	252	SEA
1252	116	525	SEA
1252	165	882	SDA
1252	329	542	SEA
1252	72	810	SEA
1255	101	233	SEA
1255	116	414	SEA
1255	165	980	SDA
1255	329	582	SEA
1255	72	840	SEA
1257	101	200	SEA
1257	116	383	SEA
1257	165	897	SEA
1257	329	602	SEA
1257	72	848	SEA
1264	101	226	SEA
1264	116	800	SEA
1264	165	1673	SEA
1264	329	571	SEA
1264	72	1014	SEA
1265	101	199	SEA
1265	116	768	SEA
1265	165	1674	SEA
1265	329	502	SEA
1265	72	1073	SEA
1275	101	1074	SEA
1275	116	883	SEA
1275	165	1794	SEA
1275	329	356	SEA
1275	72	700	SEA
1278	101	1085	SEA
1278	116	813	SEA
1278	329	371	SEA
1278	72	867	SEA
1279	101	1085	SEA
1279	116	813	SEA
1279	329	371	SEA
1279	72	867	SEA
1280	101	1067	SEA
1280	116	847	SEA
1280	329	351	SEA
1280	72	935	SEA
1284	101	231	SEA
1284	116	508	SDA
1284	329	1132	SEA
1284	72	1211	SEA
1295	101	220	SEA
1295	116	537	SEA
1295	165	1434	SDA
1295	329	174	SEA
1296	101	220	SEA
1296	116	537	SEA
1296	165	1434	SDA
1296	329	174	SEA
1301	101	329	SEA
1301	116	671	SEA
1301	165	1392	SDA
1301	329	190	SEA
1301	72	899	SEA
1306	101	846	SEA
1306	116	585	SEA
1306	165	1406	SDA
1306	329	280	SEA
1306	72	974	SEA
1308	101	300	SDA
1308	116	650	SEA
1308	165	1418	SEA
1308	329	195	SEA
1308	72	1121	SEA
1312	101	280	SEA
1312	116	516	SEA
1312	165	528	SEA
1312	329	506	SEA
1312	72	984	SEA
1319	101	402	SEA
1319	116	603	SEA
1319	165	616	SEA
1319	329	395	SEA
1319	72	869	SEA
