363	386	342	SEA
385	386	625	SEA
408	386	663	SEA
409	386	733	SEA
421	386	416	SEA
422	386	383	SEA
435	386	308	SEA
439	386	316	SEA
448	386	426	SEA
458	386	524	SEA
463	386	115	SEA
494	386	223	SEA
507	386	388	SEA
529	386	559	SEA
543	386	319	SEA
549	386	94	SEA
554	386	535	SEA
568	386	566	SEA
593	386	616	SEA
606	386	758	SEA
607	386	698	SEA
629	386	715	SEA
637	386	784	SEA
694	386	532	SEA
710	386	789	SEA
718	386	991	SEA
720	386	1098	SEA
727	386	472	SEA
729	386	444	SEA
751	386	663	SEA
757	386	930	SEA
759	386	900	SEA
760	386	901	SEA
761	386	945	SEA
765	386	895	SEA
768	386	869	SEA
770	386	762	SEA
771	386	717	SEA
772	386	717	SEA
774	386	838	SEA
778	386	1033	SEA
791	386	551	SEA
798	386	499	SEA
801	386	500	SEA
804	386	862	SEA
808	386	808	SEA
810	386	825	SEA
819	386	674	SDA
834	386	1141	SEA
840	386	642	SDA
847	386	581	SEA
853	386	493	SDA
859	386	406	SEA
863	386	498	SEA
871	386	935	SEA
876	386	664	SEA
887	386	1149	SEA
889	386	1488	SEA
893	386	28	SEA
895	386	14	SEA
901	386	1023	SEA
908	386	829	SEA
918	386	753	SEA
920	386	824	SEA
922	386	870	SEA
923	386	801	SEA
924	386	861	SEA
926	386	900	SEA
932	386	646	SEA
933	386	609	SEA
936	386	602	SEA
937	386	600	SEA
940	386	688	SEA
941	386	688	SEA
943	386	676	SEA
944	386	813	SEA
950	386	907	SEA
952	386	742	SEA
953	386	590	SEA
965	386	631	SEA
967	386	749	SEA
972	386	826	SEA
986	386	625	SEA
987	386	537	SEA
989	386	753	SEA
992	386	763	SEA
1000	386	546	SEA
1006	386	529	SEA
1007	386	529	SEA
1008	386	618	SEA
1010	386	664	SEA
1013	386	441	SEA
1014	386	537	SEA
1016	386	433	SEA
1019	386	453	SEA
1023	386	516	SEA
1026	386	708	SEA
1028	386	688	SEA
1033	386	732	SEA
1037	386	760	SEA
1040	386	822	SEA
1042	386	406	SEA
1048	386	390	SEA
1049	386	380	SEA
1051	386	394	SEA
1053	386	388	SEA
1057	386	286	SEA
1059	386	886	SEA
1063	386	453	SEA
1064	386	451	SEA
1067	386	539	SEA
1069	386	561	SEA
1071	386	523	SEA
1074	386	327	SEA
1075	386	355	SEA
1090	386	286	SEA
1093	386	206	SEA
1099	386	553	SEA
1103	386	538	SEA
1105	386	660	SEA
1108	386	321	SEA
1112	386	191	SEA
1119	386	660	SEA
1127	386	449	SEA
1130	386	469	SEA
1132	386	254	SEA
1136	386	219	SEA
1140	386	336	SEA
1146	386	359	SEA
1149	386	525	SEA
1153	386	112	SEA
1154	386	245	SEA
1157	386	239	SEA
1164	386	494	SEA
1168	386	813	SEA
1181	386	58	SEA
1183	386	49	SEA
1188	386	922	SEA
1190	386	805	SEA
1200	386	7	SEA
1205	386	30	SEA
1209	386	649	SEA
1210	386	687	SEA
1214	386	744	SEA
1228	386	573	SEA
1239	386	705	SEA
1240	386	745	SEA
1243	386	777	SEA
1248	386	374	SEA
1252	386	307	SEA
1255	386	303	SEA
1257	386	315	SEA
1264	386	610	SEA
1265	386	595	SEA
1275	386	425	SEA
1278	386	493	SEA
1279	386	493	SEA
1280	386	405	SEA
1284	386	350	SEA
1289	386	669	SEA
1295	386	861	SEA
1296	386	861	SEA
1301	386	772	SEA
1306	386	455	SEA
1308	386	273	SEA
1312	386	446	SEA
1319	386	513	SEA
