363	119	1041	SEA
363	136	413	SEA
363	50	597	SEA
375	119	1124	SEA
375	136	448	SEA
375	50	344	SEA
395	119	844	SEA
395	136	288	SDA
395	50	398	SEA
408	119	1146	SDA
408	136	458	SDA
408	50	571	SEA
409	119	1159	SDA
409	136	434	SDA
409	50	510	SEA
421	119	434	SEA
421	136	574	SEA
421	50	188	SDA
435	119	214	SDA
435	136	112	LSD
435	50	373	SEA
439	119	211	SDA
439	136	425	SEA
439	50	412	SEA
453	119	613	SEA
453	136	562	SEA
453	50	444	SEA
463	119	690	SEA
463	136	547	SEA
463	50	692	SEA
490	119	995	SEA
490	136	828	SEA
490	50	433	SEA
494	119	997	SEA
494	136	1418	SEA
494	50	420	SEA
516	119	552	SEA
516	136	289	SEA
516	50	588	SEA
529	119	112	SEA
529	136	151	SEA
529	50	587	SEA
542	119	7	SEA
542	136	644	SEA
542	50	733	SEA
549	119	1514	SEA
549	136	855	SEA
549	50	496	SEA
554	119	1082	SEA
554	136	647	SEA
554	50	460	SEA
568	119	922	SEA
568	136	653	SEA
568	50	610	SEA
593	119	455	SEA
593	136	832	SEA
593	50	775	SEA
606	119	404	SEA
606	136	845	SEA
606	50	449	SEA
607	119	384	SEA
607	136	782	SEA
607	50	515	SEA
623	119	986	SEA
623	136	542	SEA
623	50	326	SEA
624	119	1042	SEA
624	136	488	SEA
624	50	495	SEA
663	136	1099	SEA
663	50	696	SEA
694	119	1131	SEA
694	136	629	SEA
694	50	681	SEA
710	119	1009	SEA
710	136	678	SEA
710	50	536	SEA
718	119	890	SEA
718	136	468	SEA
718	50	377	SEA
729	119	1087	SEA
729	136	866	SEA
729	50	432	SEA
757	119	1244	SEA
757	136	490	SEA
757	50	532	SEA
760	119	1243	SEA
760	136	537	SEA
760	50	670	SEA
761	119	1348	SEA
761	136	517	SEA
761	50	648	SEA
768	119	766	SEA
768	136	529	SEA
768	50	750	SEA
771	119	787	SEA
771	136	607	SEA
771	50	554	SEA
774	119	779	SEA
774	136	984	SEA
774	50	539	SEA
778	119	713	SEA
778	136	911	SEA
778	50	631	SEA
791	119	1529	SDA
791	136	1471	SEA
791	50	922	SEA
798	119	1097	SEA
798	136	268	SEA
798	50	676	SEA
801	119	1100	SDA
801	136	231	SEA
801	50	615	SEA
804	119	1122	SDA
804	136	172	SEA
804	50	768	SEA
808	119	1038	SEA
808	136	80	SEA
808	50	586	SEA
810	119	976	SEA
810	136	131	SDA
810	50	617	SEA
819	119	1085	SEA
819	136	122	SEA
819	50	693	SEA
834	119	679	LSD
834	136	1024	SDA
834	50	608	SEA
840	119	561	SDA
840	136	1132	SDA
840	50	617	SEA
847	119	1233	SDA
847	136	493	SDA
847	50	495	SEA
853	119	1209	SDA
853	136	447	SDA
853	50	454	SEA
859	119	1246	SEA
859	136	1097	SEA
859	50	481	SEA
863	119	1349	SEA
863	136	1049	SEA
863	50	507	SEA
871	119	1300	SEA
871	136	223	SDA
871	50	571	SEA
876	119	1302	SEA
876	136	178	SEA
876	50	537	SEA
887	119	1320	SEA
887	136	745	SEA
887	50	785	SEA
889	119	1303	SEA
889	136	746	SEA
889	50	820	SEA
893	119	596	SEA
893	136	517	SEA
893	50	869	SEA
895	119	624	SEA
895	136	476	SEA
895	50	660	SEA
901	119	638	SEA
901	136	503	SEA
901	50	652	SEA
908	119	581	SEA
908	136	377	SEA
908	50	894	SDA
918	119	733	SDA
918	136	566	SEA
918	50	581	SEA
920	119	724	SDA
920	136	553	SDA
920	50	603	SEA
922	119	709	SDA
922	136	623	SDA
922	50	672	SEA
923	119	701	SDA
923	136	569	SDA
923	50	495	SEA
924	119	722	SDA
924	136	556	SDA
924	50	511	SEA
926	119	770	SEA
926	136	558	SDA
926	50	509	SEA
932	119	668	SEA
932	136	322	SDA
932	50	536	SEA
933	119	681	SEA
933	136	321	SDA
933	50	469	SEA
936	119	613	SEA
936	136	373	SDA
936	50	375	SEA
937	119	601	SEA
937	136	335	SEA
937	50	356	SEA
940	119	671	SEA
940	136	605	SEA
940	50	303	SEA
941	119	649	SEA
941	136	587	SEA
941	50	302	SEA
943	119	549	SEA
943	136	555	SEA
943	50	600	SEA
944	119	547	SEA
944	136	493	SEA
944	50	566	SEA
950	119	1121	SEA
950	136	1021	SEA
950	50	186	SEA
952	119	1170	SEA
952	136	1065	SEA
952	50	112	SEA
953	119	1136	SEA
953	136	1031	SEA
953	50	102	SEA
965	119	1143	SEA
965	136	757	SEA
965	50	489	SEA
967	119	1124	SEA
967	136	722	SEA
967	50	539	SEA
972	119	933	SEA
972	136	464	SEA
972	50	444	SEA
986	119	1505	SEA
986	136	771	SEA
986	50	501	SEA
987	119	1508	SEA
987	136	795	SEA
987	50	499	SEA
992	119	1599	SEA
992	136	1050	SEA
992	50	411	SEA
1000	136	427	SDA
1000	50	763	SEA
1006	119	1439	SEA
1006	136	218	SDA
1006	50	561	SEA
1007	119	1439	SEA
1007	136	218	SDA
1007	50	561	SEA
1008	119	1451	SEA
1008	136	201	SDA
1008	50	613	SEA
1010	119	1485	SEA
1010	136	276	SDA
1010	50	756	SEA
1013	119	1538	SEA
1013	136	226	SDA
1013	50	839	SEA
1014	119	1525	SDA
1014	136	174	SDA
1014	50	205	SEA
1016	119	1450	SDA
1016	136	169	SDA
1016	50	467	SEA
1019	119	1539	SDA
1019	136	137	SDA
1019	50	467	SEA
1023	119	1445	SEA
1023	136	647	SEA
1023	50	495	SEA
1026	119	734	SEA
1026	136	706	SEA
1026	50	548	SEA
1028	119	720	SEA
1028	136	697	SEA
1028	50	618	SEA
1033	119	599	SEA
1033	136	648	SEA
1033	50	1006	SEA
1037	119	571	SEA
1037	136	901	SDA
1037	50	886	SEA
1040	119	649	SDA
1040	136	994	SDA
1040	50	864	SEA
1042	119	596	SDA
1042	136	994	SDA
1042	50	371	SEA
1048	119	546	SDA
1048	136	760	SDA
1048	50	615	SEA
1049	119	551	SDA
1049	136	809	SDA
1049	50	584	SEA
1051	119	562	SDA
1051	136	769	SDA
1051	50	615	SEA
1053	119	1102	SEA
1053	136	748	SDA
1053	50	587	SEA
1057	119	1158	SEA
1057	136	699	SDA
1057	50	594	SEA
1059	119	805	SEA
1059	136	712	SDA
1059	50	525	SEA
1063	119	588	SEA
1063	136	599	SDA
1063	50	752	SEA
1064	119	598	SEA
1064	136	942	SDA
1064	50	832	SEA
1067	119	644	SEA
1067	136	872	SDA
1067	50	874	SEA
1069	119	639	SEA
1069	136	850	SDA
1069	50	440	SEA
1071	119	582	SEA
1071	136	705	SDA
1071	50	424	SEA
1074	119	642	SEA
1074	136	852	SEA
1074	50	485	SEA
1075	119	663	SEA
1075	136	813	SDA
1075	50	821	SEA
1090	119	550	SEA
1090	136	605	SDA
1090	50	599	SEA
1093	119	607	SEA
1093	136	700	SDA
1093	50	619	SEA
1099	119	1472	SEA
1099	136	530	SDA
1099	50	603	SEA
1103	136	588	SDA
1103	50	971	SEA
1105	136	542	SDA
1105	50	249	SEA
1108	119	1412	SDA
1108	136	539	SDA
1108	50	500	SEA
1112	119	1401	SDA
1112	136	904	SDA
1112	50	485	SEA
1119	119	1403	SDA
1119	136	793	SDA
1119	50	443	SEA
1127	119	1413	SDA
1127	136	429	SDA
1127	50	347	SEA
1130	119	1295	SDA
1130	136	427	SDA
1130	50	653	SEA
1132	119	1287	SDA
1132	136	280	SDA
1132	50	642	SEA
1136	119	1064	SDA
1136	136	860	SDA
1136	50	532	SEA
1140	119	1218	SDA
1140	136	757	SEA
1140	50	549	SEA
1146	119	1053	SDA
1146	136	760	SDA
1146	50	657	SEA
1149	119	1220	SDA
1149	136	701	SEA
1149	50	593	SEA
1153	119	351	SEA
1153	136	686	SEA
1153	50	457	SEA
1154	119	450	SDA
1154	136	693	SEA
1154	50	810	SEA
1157	119	424	SDA
1157	136	791	SDA
1157	50	735	SEA
1164	119	515	SDA
1164	136	677	SDA
1164	50	445	SEA
1168	119	624	SDA
1168	136	837	SDA
1168	50	689	SEA
1181	119	727	SEA
1181	136	894	SDA
1181	50	590	SEA
1183	119	719	SEA
1183	136	920	SDA
1183	50	598	SEA
1188	119	883	SEA
1188	136	1011	SDA
1188	50	747	SEA
1190	119	834	SEA
1190	136	998	SDA
1190	50	787	SEA
1200	119	668	SEA
1200	136	901	SDA
1200	50	848	SEA
1205	119	654	SEA
1205	136	947	SDA
1205	50	761	SEA
1209	119	721	SEA
1209	136	980	SEA
1209	50	741	SEA
1210	119	693	SEA
1210	136	935	SEA
1210	50	680	SEA
1214	119	948	SEA
1214	136	1326	SEA
1214	50	884	SEA
1228	119	653	SDA
1228	136	848	SEA
1228	50	1056	SEA
1239	119	659	SEA
1239	136	903	SDA
1239	50	898	SEA
1240	119	963	SEA
1240	136	942	SDA
1240	50	879	SEA
1243	119	1002	SEA
1243	136	868	SDA
1243	50	908	SEA
1248	119	1020	SEA
1248	136	840	SDA
1248	50	875	SEA
1252	119	685	SEA
1252	136	1155	SDA
1252	50	981	SEA
1255	119	791	SEA
1255	136	1238	SDA
1255	50	597	SEA
1257	119	740	SEA
1257	136	1271	SDA
1257	50	517	SEA
1264	119	774	SEA
1264	136	1168	SEA
1264	50	1140	SEA
1265	119	811	SEA
1265	136	1227	SEA
1265	50	1140	SEA
1275	119	898	SEA
1275	136	679	SDA
1275	50	238	SEA
1278	119	878	SEA
1278	136	687	SDA
1278	50	310	SEA
1280	119	891	SEA
1280	136	645	SDA
1280	50	283	SEA
1284	119	657	SEA
1284	136	573	SDA
1284	50	305	SEA
1295	119	957	SEA
1295	136	1048	SEA
1295	50	906	SEA
1296	119	957	SEA
1296	136	1048	SEA
1296	50	906	SEA
1301	119	1004	SEA
1301	136	942	SDA
1301	50	940	SEA
1306	119	981	SEA
1306	136	1124	SEA
1306	50	699	SEA
1308	119	999	SEA
1308	136	1181	SEA
1308	50	662	SEA
1312	119	967	SEA
1312	136	1136	SEA
1312	50	708	SEA
1319	119	872	SEA
1319	136	1150	SDA
1319	50	879	SEA
