363	27	303	SEA
363	27A	360	SEA
363	87	283	SEA
363	89	418	SEA
363	89e	600	SEA
375	27	172	SEA
375	27A	360	SEA
375	87	306	SEA
375	89	405	SEA
375	89e	600	SEA
377	27	249	SEA
377	27A	262	SEA
377	87	331	SEA
377	89	505	SEA
377	89e	539	SEA
385	27	282	SEA
385	27A	82	SEA
385	87	362	SEA
385	89	270	SEA
385	89e	1017	SEA
392	27	199	SEA
392	27A	102	SEA
392	87	286	SEA
392	89	171	SEA
392	89e	614	SEA
396	27	98	SEA
396	27A	22	SEA
396	87	295	SEA
396	89	610	SEA
396	89e	496	SEA
400	27	253	SEA
400	27A	142	SEA
400	87	357	SEA
400	89	352	SEA
400	89e	562	SEA
408	27	459	SEA
408	27A	374	SEA
408	87	473	SEA
408	89	379	SEA
408	89e	396	SEA
409	27	493	SEA
409	27A	840	SEA
409	87	472	SEA
409	89	520	SEA
409	89e	506	SEA
421	27	187	SDA
421	27A	420	SEA
421	671	600	SEA
421	87	413	SEA
421	89	294	SEA
421	89e	256	SEA
422	27	64	SDA
422	27A	420	SEA
422	671	600	SEA
422	87	371	SEA
422	89	342	SEA
422	89e	340	SEA
427	27	23	SDA
427	27A	222	SEA
427	671	600	SEA
427	87	269	SEA
427	89	353	SEA
427	89e	491	SEA
432	27	403	SDA
432	27A	480	SEA
432	671	600	SEA
432	87	166	SEA
432	89	305	SEA
432	89e	408	SEA
435	27	296	SDA
435	27A	480	SEA
435	671	600	SEA
435	87	214	SEA
435	89	476	SEA
435	89e	412	SEA
439	27	474	SDA
439	27A	442	SEA
439	671	600	SEA
439	87	375	SEA
439	89	382	SEA
439	89e	420	SEA
441	27	382	SDA
441	27A	322	SEA
441	671	600	SEA
441	87	379	SEA
441	89	354	SEA
441	89e	415	SEA
448	27	366	SDA
448	27A	682	SEA
448	671	600	SEA
448	87	265	SEA
448	89	567	SEA
448	89e	441	SEA
453	27	288	SDA
453	27A	420	SEA
453	671	467	SEA
453	87	413	SEA
453	89	578	SEA
453	89e	368	SEA
458	27	72	SEA
458	27A	420	SEA
458	671	600	SEA
458	87	502	SEA
458	89	218	SEA
458	89e	250	SEA
463	27	453	SEA
463	27A	262	SEA
463	671	447	SEA
463	87	345	SEA
463	89	135	SEA
463	89e	233	SEA
465	27	363	SDA
465	27A	392	SEA
465	671	456	SEA
465	87	395	SEA
465	89	118	SEA
465	89e	365	SEA
490	27	467	SEA
490	27A	622	SEA
490	87	319	SEA
490	89	479	SEA
492	27	544	SEA
492	27A	562	SEA
492	87	356	SEA
492	89	571	SEA
494	27	519	SEA
494	27A	442	SEA
494	87	291	SEA
494	89	97	SEA
500	27	235	SDA
500	27A	960	SEA
500	87	335	SEA
500	89	412	SEA
507	27	614	SEA
507	27A	960	SEA
507	87	545	SEA
507	89	376	SEA
508	27	609	SEA
508	27A	942	SEA
508	87	596	SEA
508	89	375	SEA
512	27	201	SEA
512	27A	360	SEA
512	87	364	SEA
512	89	567	SEA
513	27	195	SEA
513	27A	360	SEA
513	87	383	SEA
513	89	606	SEA
516	27	78	SEA
516	27A	360	SEA
516	87	351	SEA
516	89	571	SEA
517	27	134	SDA
517	27A	360	SEA
517	87	388	SEA
517	89	293	SEA
520	27	411	SEA
520	27A	360	SEA
520	87	227	SEA
520	89	492	SEA
529	27	666	SEA
529	27A	882	SEA
529	87	532	SEA
529	89	411	SEA
531	27	1061	SEA
531	27A	822	SEA
531	87	613	SEA
531	89	1337	SEA
536	27	1135	SEA
536	27A	480	SEA
536	87	632	SEA
536	89	575	SEA
541	27	465	SEA
541	27A	480	SEA
541	87	671	SEA
541	89	2150	SEA
542	27	465	SEA
542	27A	480	SEA
542	87	691	SEA
542	89	2142	SEA
543	27	465	SEA
543	27A	480	SEA
543	87	691	SEA
543	89	2142	SEA
549	27	628	SEA
549	27A	443	SEA
549	87	76	SEA
554	27	11	SEA
554	27A	282	SEA
554	87	174	SEA
554	89	778	SEA
564	27	4	SDA
564	87	176	SEA
564	89	567	SEA
566	27	12	SDA
566	87	88	SEA
566	89	528	SEA
568	27	11	SEA
568	87	101	SEA
568	89	516	SEA
570	27	491	SEA
570	87	117	SEA
570	89	495	SEA
578	27	294	SEA
578	87	420	SEA
578	89	666	SEA
593	27	636	SEA
593	87	578	SEA
593	89	714	SEA
596	27	485	SEA
596	87	678	SEA
596	89	751	SEA
597	27	485	SEA
597	87	579	SEA
597	89	778	SEA
606	27	124	SEA
606	87	416	SEA
606	89	382	SEA
607	27	87	SEA
607	87	436	SEA
607	89	388	SEA
610	27	121	SEA
610	87	468	SEA
610	89	468	SEA
615	27	517	SEA
615	87	537	SEA
615	89	617	SEA
623	27	370	SEA
623	87	485	SEA
623	89	594	SEA
629	27	240	SEA
629	87	631	SEA
629	89	677	SEA
630	27	240	SEA
630	87	631	SEA
630	89	677	SEA
637	27	368	SEA
637	87	749	SEA
637	89	1423	SEA
654	27	423	SEA
654	87	274	SEA
654	89	701	SEA
663	27	407	SEA
663	87	510	SEA
663	89	659	SEA
667	27	500	SEA
667	87	501	SEA
667	89	419	SEA
673	27	356	SEA
673	87	500	SEA
673	89	1175	SEA
684	27	423	SEA
684	87	843	SEA
684	89	644	SEA
692	27	621	SEA
692	87	234	SEA
692	89	579	SEA
694	27	353	SEA
694	87	272	SEA
694	89	528	SEA
701	27	406	SEA
701	87	314	SEA
701	89	496	SEA
710	27	218	SEA
710	87	519	SEA
710	89	641	SEA
718	27	367	SEA
718	87	531	SEA
718	89	630	SEA
720	27	468	SEA
720	87	451	SEA
720	89	735	SEA
727	27	496	SEA
727	87	493	SEA
727	89	722	SEA
729	27	495	SEA
729	87	596	SEA
729	89	676	SEA
735	27	336	SEA
735	87	619	SEA
735	89	1464	SEA
736	27	341	SEA
736	87	824	SEA
736	89	701	SEA
739	27	268	SEA
739	87	867	SEA
739	89	745	SEA
740	27	254	SEA
740	87	877	SEA
740	89	745	SEA
745	27	282	SEA
745	87	899	SEA
745	89	701	SEA
749	27	508	SEA
749	87	1029	SEA
749	89	732	SEA
750	27	430	SEA
750	87	1096	SEA
750	89	748	SEA
751	27	430	SEA
751	87	1096	SEA
751	89	748	SEA
757	27	551	SEA
757	87	1193	SEA
757	89	1372	SEA
759	27	694	SEA
759	87	1185	SEA
759	89	1381	SEA
760	27	532	SEA
760	87	638	SEA
760	89	1421	SEA
761	27	532	SEA
761	87	619	SEA
761	89	1428	SEA
765	27	363	SEA
765	87	603	SEA
765	89	653	SEA
768	27	445	SEA
768	87	559	SEA
768	89	739	SEA
770	27	380	SEA
770	87	601	SEA
770	89	603	SEA
771	27	582	SEA
771	87	622	SEA
771	89	586	SEA
772	27	582	SEA
772	87	622	SEA
772	89	586	SEA
773	27	542	SEA
773	87	602	SEA
773	89	555	SEA
774	27	520	SEA
774	87	636	SEA
774	89	539	SEA
775	27	520	SEA
775	87	636	SEA
775	89	539	SEA
778	27	427	SEA
778	87	589	SEA
778	89	612	SEA
779	27	515	SEA
779	87	548	SEA
779	89	601	SEA
783	27	552	SEA
783	87	726	SEA
783	89	611	SEA
784	27	552	SEA
784	87	726	SEA
784	89	611	SEA
791	27	224	SEA
791	87	674	SEA
791	89	532	SEA
798	27	396	SEA
798	87	748	SEA
798	89	550	SEA
801	27	225	SEA
801	87	1080	SEA
801	89	510	SEA
804	27	182	SDA
804	87	1002	SEA
804	89	560	SEA
808	27	584	SEA
808	87	889	SEA
808	89	657	SEA
810	27	276	SEA
810	87	939	SEA
810	89	615	SEA
819	27	59	SEA
819	87	571	SEA
819	89	472	SEA
834	27	297	SDA
834	87	1105	SEA
834	89	641	SEA
840	27	274	SEA
840	87	424	SEA
840	89	547	SEA
847	27	902	SEA
847	87	589	SEA
847	89	592	SEA
853	27	559	SDA
853	87	588	SEA
853	89	621	SEA
859	27	421	SEA
859	87	684	SEA
859	89	667	SEA
863	27	511	SEA
863	87	632	SEA
863	89	242	SEA
871	27	348	SEA
871	87	533	SEA
871	89	436	SEA
876	27	333	SDA
876	87	246	SEA
876	89	377	SEA
887	27	466	SEA
887	87	964	SEA
887	89	304	SEA
889	27	501	SEA
889	87	870	SEA
889	89	306	SEA
893	27	236	SEA
893	87	4	SEA
893	89	357	SEA
895	27	220	SEA
895	87	2	SEA
895	89	341	SEA
901	27	506	SEA
901	87	138	SEA
901	89	396	SEA
908	27	480	SEA
908	87	18	SEA
908	89	814	SEA
918	27	405	SEA
918	87	205	SEA
918	89	617	SEA
920	27	212	SEA
920	87	204	SEA
920	89	626	SEA
922	27	222	SEA
922	87	110	SEA
922	89	221	SEA
923	27	286	SEA
923	87	11	SEA
923	89	204	SEA
924	27	247	SEA
924	87	38	SEA
924	89	293	SEA
926	27	132	SEA
926	87	57	SEA
926	89	267	SEA
932	27	408	SEA
932	87	821	SEA
932	89	178	SEA
933	27	352	SEA
933	87	814	SEA
933	89	137	SEA
936	27	234	SEA
936	87	216	SEA
936	89	604	SEA
937	27	245	SDA
937	87	299	SEA
937	89	677	SEA
940	27	489	SEA
940	87	348	SEA
940	89	732	SEA
941	27	457	SEA
941	87	369	SEA
941	89	768	SEA
943	27	306	SEA
943	87	352	SEA
943	89	743	SEA
944	27	328	SEA
944	87	314	SEA
944	89	758	SEA
950	27	315	SEA
950	87	608	SEA
950	89	1061	SEA
952	27	349	SEA
952	87	153	SEA
952	89	493	SEA
953	27	412	SEA
953	87	54	SEA
953	89	495	SEA
965	27	612	SEA
965	87	790	SEA
965	89	422	SEA
967	27	185	SEA
967	87	109	SEA
967	89	560	SEA
972	27	314	SEA
972	87	53	SEA
972	89	555	SEA
986	27	449	SEA
986	87	204	SEA
986	89	303	SEA
987	27	486	SEA
987	87	222	SEA
987	89	348	SEA
989	27	486	SEA
989	87	462	SEA
989	89	323	SEA
992	27	332	SEA
992	87	320	SEA
992	89	401	SEA
1000	27	520	SEA
1000	87	201	SEA
1000	89	99	SEA
1006	27	366	SEA
1006	87	470	SEA
1006	89	396	SEA
1007	27	366	SEA
1007	87	470	SEA
1007	89	396	SEA
1008	27	313	SEA
1008	87	377	SEA
1008	89	375	SEA
1010	27	773	SEA
1010	87	695	SEA
1010	89	353	SEA
1013	27	759	SEA
1013	87	614	SEA
1013	89	409	SEA
1014	27	566	SEA
1014	87	628	SEA
1014	89	501	SEA
1016	27	392	SEA
1016	87	369	SEA
1016	89	335	SEA
1019	27	410	SEA
1019	87	313	SEA
1019	89	247	SEA
1023	27	348	SEA
1023	87	324	SEA
1023	89	298	SEA
1026	27	544	SEA
1026	87	380	SEA
1026	89	280	SEA
1028	27	635	SEA
1028	87	449	SEA
1028	89	509	SEA
1033	27	880	SEA
1033	87	635	SEA
1033	89	276	SEA
1037	27	280	SEA
1037	87	673	SEA
1037	89	461	SEA
1040	27	220	SEA
1040	87	599	SEA
1040	89	503	SEA
1042	27	427	SDA
1042	87	486	SEA
1042	89	672	SEA
1048	27	377	SEA
1048	87	459	SEA
1048	89	559	SEA
1049	27	410	SEA
1049	87	360	SEA
1049	89	560	SEA
1051	27	508	SEA
1051	87	300	SEA
1051	89	234	SEA
1053	27	558	SDA
1053	87	321	SEA
1053	89	414	SEA
1057	27	96	SEA
1057	87	658	SEA
1057	89	359	SEA
1059	27	164	SEA
1059	87	917	SEA
1059	89	701	SEA
1063	27	95	SEA
1063	87	861	SEA
1063	89	594	SEA
1064	27	104	SDA
1064	87	870	SEA
1064	89	647	SEA
1067	27	93	SDA
1067	87	848	SEA
1067	89	419	SEA
1069	27	583	SEA
1069	87	834	SEA
1069	89	339	SEA
1071	27	155	SEA
1071	87	709	SEA
1071	89	219	SEA
1074	27	247	SEA
1074	87	443	SDA
1074	89	420	SEA
1075	27	264	SEA
1075	87	372	SDA
1075	89	388	SEA
1090	27	541	SEA
1090	87	208	SEA
1090	89	313	SEA
1093	27	529	SDA
1093	87	204	SEA
1093	89	1716	SEA
1099	27	234	SDA
1099	87	255	SEA
1099	89	391	SEA
1103	27	364	SEA
1103	87	451	SEA
1103	89	384	SEA
1105	27	297	SEA
1105	87	360	SEA
1105	89	540	SEA
1108	27	282	SEA
1108	87	102	SEA
1108	89	513	SEA
1112	27	492	SEA
1112	87	191	SEA
1112	89	698	SEA
1119	27	942	SDA
1119	87	353	SEA
1119	89	728	SEA
1127	27	199	SEA
1127	87	254	SEA
1127	89	764	SEA
1130	27	243	SEA
1130	87	230	SEA
1130	89	779	SEA
1132	27	261	SDA
1132	87	259	SEA
1132	89	758	SEA
1136	27	316	SDA
1136	87	228	SEA
1136	89	726	SEA
1140	27	400	SEA
1140	87	487	SEA
1146	27	416	SEA
1146	87	130	SEA
1149	27	706	SDA
1149	87	35	SEA
1149	89	2228	SEA
1153	27	1163	SEA
1153	87	629	SEA
1153	89	985	SEA
1154	27	500	SEA
1154	87	576	SEA
1154	89	997	SEA
1157	27	546	SEA
1157	87	555	SEA
1157	89	1320	SEA
1164	27	460	SEA
1164	87	156	SEA
1164	89	1142	SEA
1168	27	417	SEA
1168	87	1160	SEA
1168	89	1186	SEA
1181	27	780	SDA
1181	87	896	SEA
1181	89	1188	SEA
1183	27	761	SDA
1183	87	966	SEA
1183	89	1002	SEA
1188	27	396	SEA
1188	87	1064	SEA
1188	89	1037	SEA
1190	27	402	SEA
1190	87	1030	SEA
1190	89	1087	SEA
1200	27	780	SEA
1200	87	1014	SEA
1200	89	1189	SEA
1205	27	884	SEA
1205	87	1305	SEA
1205	89	885	SEA
1209	27	877	SEA
1209	87	1281	SEA
1209	89	895	SEA
1210	27	860	SEA
1210	87	1294	SEA
1210	89	901	SEA
1214	27	846	SDA
1214	87	1462	SEA
1214	89	850	SEA
1228	27	466	SDA
1228	87	964	SEA
1239	27	643	SEA
1239	87	804	SEA
1240	27	621	SEA
1240	87	761	SEA
1243	27	664	SEA
1243	87	855	SEA
1248	27	624	SEA
1248	87	860	SEA
1248	89	1068	SEA
1252	27	626	SEA
1252	87	839	SEA
1252	89	1022	SEA
1255	27	668	SDA
1255	87	824	SEA
1255	89	954	SEA
1256	27	506	SEA
1256	87	849	SEA
1256	89	956	SEA
1257	27	506	SEA
1257	87	849	SEA
1257	89	956	SEA
1264	27	531	SEA
1264	87	783	SEA
1264	89	1296	SEA
1265	27	507	SEA
1265	87	743	SEA
1265	89	1237	SEA
1267	27	655	SDA
1267	87	960	SEA
1267	89	1278	SEA
1275	27	146	SEA
1275	87	975	SEA
1275	89	1200	SEA
1278	27	257	SEA
1278	87	923	SEA
1278	89	1200	SEA
1279	27	257	SEA
1279	87	923	SEA
1279	89	1200	SEA
1280	27	307	SEA
1280	87	946	SEA
1280	89	1200	SEA
1284	27	589	SEA
1284	87	1113	SEA
1284	89	1219	SEA
1289	27	545	SEA
1289	87	1104	SEA
1289	89	1296	SEA
1295	27	1210	SEA
1295	87	1105	SEA
1295	89	1260	SEA
1296	27	1210	SEA
1296	87	1105	SEA
1296	89	1260	SEA
1301	27	517	SEA
1301	87	1291	SEA
1301	89	1260	SEA
1306	27	1139	SEA
1306	87	1288	SEA
1306	89	1146	SEA
1308	27	481	SEA
1308	87	1313	SEA
1308	89	1158	SEA
1312	27	602	SEA
1312	87	1379	SEA
1312	89	1306	SEA
1319	27	451	SEA
1319	87	871	SEA
1319	89	1200	SEA
