363	87	300	SEA
363	89	520	SEA
385	27	648	SEA
385	87	284	SEA
385	89	912	SEA
395	27	645	SEA
395	87	174	SEA
395	89	332	SEA
408	27	909	SEA
408	87	218	SEA
408	89	809	SEA
409	27	920	SEA
409	87	237	SEA
409	89	786	SEA
421	27	978	SEA
421	87	138	SEA
421	89	156	SEA
422	27	946	SEA
422	87	142	SEA
422	89	187	SEA
435	27	13	SEA
435	87	757	SEA
435	89	217	SEA
439	27	20	SDA
439	87	517	SEA
439	89	214	SEA
448	27	319	SEA
448	87	337	SEA
448	89	957	SEA
453	27	584	SEA
453	87	117	SEA
453	89	405	SEA
458	27	794	SEA
458	87	275	SEA
458	89	528	SEA
463	27	732	SEA
463	87	337	SEA
463	89	567	SEA
494	27	508	SEA
494	87	263	SEA
494	89	508	SEA
507	27	961	SDA
507	87	221	SEA
507	89	804	SEA
512	27	36	SEA
512	87	337	SEA
512	89	331	SEA
520	27	2	SEA
520	87	180	SEA
520	89	367	SEA
529	27	789	SEA
529	87	57	SEA
529	89	522	SEA
543	27	64	SEA
543	87	161	SEA
543	89	343	SEA
549	27	583	SEA
549	87	229	SEA
549	89	787	SEA
554	27	539	SEA
554	87	92	SEA
554	89	830	SEA
568	27	82	SEA
568	87	337	SEA
568	89	36	SEA
593	27	259	SEA
593	87	157	SEA
593	89	272	SEA
606	27	29	SEA
606	87	306	SEA
606	89	310	SEA
607	27	38	SEA
607	87	480	SEA
607	89	300	SEA
629	27	17	SEA
629	87	480	SEA
629	89	475	SEA
637	27	2	SEA
637	87	384	SEA
637	89	857	SEA
654	27	1216	SEA
654	87	290	SEA
654	89	282	SEA
694	27	4	SEA
694	87	471	SEA
694	89	910	SEA
710	27	232	SEA
710	87	437	SEA
710	89	314	SEA
718	27	462	SEA
718	87	737	SEA
718	89	1129	SEA
727	27	472	SEA
727	87	1560	SEA
727	89	578	SEA
729	27	475	SEA
729	87	1560	SEA
729	89	551	SEA
749	27	516	SEA
749	87	554	SEA
749	89	901	SEA
751	27	514	SEA
751	87	780	SEA
751	89	936	SEA
757	27	388	SEA
757	87	637	SEA
757	89	877	SEA
759	27	414	SEA
759	87	681	SEA
759	89	889	SEA
760	27	317	SEA
760	87	699	SEA
760	89	905	SEA
765	27	595	SEA
765	87	780	SEA
765	89	944	SEA
768	27	560	SEA
768	87	757	SEA
768	89	653	SEA
770	27	672	SEA
770	87	637	SEA
770	89	612	SEA
771	27	1152	SEA
771	87	780	SEA
771	89	558	SEA
772	27	1152	SEA
772	87	780	SEA
772	89	558	SEA
773	27	1017	SEA
773	87	780	SEA
773	89	529	SEA
774	27	1008	SEA
774	87	780	SEA
774	89	543	SEA
775	27	1008	SEA
775	87	780	SEA
775	89	543	SEA
778	27	957	SDA
778	87	780	SEA
778	89	539	SEA
783	27	481	SDA
783	87	637	SEA
783	89	921	SEA
791	27	538	SDA
791	87	157	SEA
791	89	901	SEA
798	27	568	SEA
798	87	751	SEA
798	89	957	SEA
801	27	2	SDA
801	87	780	SEA
801	89	877	SEA
804	27	5	SEA
804	87	780	SEA
804	89	883	SEA
808	27	130	SEA
808	87	697	SEA
808	89	833	SEA
810	27	274	SEA
810	87	577	SEA
810	89	771	SEA
819	27	201	SEA
819	87	780	SEA
819	89	801	SEA
834	27	10	SEA
834	87	697	SEA
834	89	557	SEA
840	27	136	SEA
840	87	507	SEA
840	89	957	SEA
847	27	167	SEA
847	87	737	SEA
847	89	920	SEA
853	27	207	SDA
853	87	1980	SEA
853	89	528	SEA
859	27	284	SEA
859	87	1980	SEA
859	89	522	SEA
863	27	775	SEA
863	87	1797	SEA
863	89	518	SEA
871	27	262	SDA
871	87	600	SEA
871	89	1249	SEA
876	27	249	SDA
876	87	600	SEA
876	89	1157	SEA
887	27	844	SDA
887	87	600	SEA
887	89	1546	SEA
889	27	778	SDA
889	87	600	SEA
889	89	1515	SEA
893	27	300	SDA
893	87	577	SEA
893	89	1456	SEA
895	27	293	SDA
895	87	477	SEA
895	89	1469	SEA
901	27	281	SEA
901	87	37	SEA
901	89	8	SEA
908	27	689	SEA
908	87	480	SEA
908	89	12	SEA
918	27	503	SEA
918	87	540	SEA
918	89	106	SEA
920	27	524	SEA
920	87	517	SEA
920	89	110	SEA
922	27	565	SEA
922	87	397	SEA
922	89	137	SEA
923	27	514	SEA
923	87	297	SEA
923	89	987	SEA
924	27	497	SDA
924	87	217	SEA
924	89	599	SEA
926	27	837	SEA
926	87	328	SEA
926	89	589	SEA
932	27	941	SEA
932	87	420	SEA
932	89	624	SEA
933	27	933	SEA
933	87	437	SEA
933	89	603	SEA
936	27	314	SDA
936	87	540	SEA
936	89	721	SEA
937	27	256	SDA
937	87	457	SEA
937	89	695	SEA
940	27	180	SDA
940	87	277	SEA
940	89	1090	SEA
941	27	175	SDA
941	87	237	SEA
941	89	1092	SEA
943	27	256	SDA
943	87	157	SEA
943	89	1086	SEA
944	27	263	SDA
944	87	97	SEA
944	89	1082	SEA
950	27	346	SEA
950	87	277	SEA
950	89	1066	SEA
952	27	38	SEA
952	87	360	SEA
952	89	308	SEA
953	27	2	SEA
953	87	360	SEA
953	89	297	SEA
965	27	322	SEA
965	87	637	SEA
965	89	214	SEA
967	27	9	SEA
967	87	678	SEA
967	89	214	SEA
972	27	7	SEA
972	87	300	SEA
972	89	1240	SEA
986	27	501	SEA
986	87	451	SEA
986	89	97	SEA
987	27	42	SEA
987	87	157	SEA
987	89	127	SEA
989	27	25	SEA
989	87	97	SEA
989	89	131	SEA
992	27	33	SEA
992	87	162	SEA
992	89	281	SEA
1000	27	290	SEA
1000	87	503	SEA
1000	89	226	SEA
1006	27	212	SEA
1006	87	234	SEA
1006	89	68	SEA
1007	27	212	SEA
1007	87	234	SEA
1007	89	68	SEA
1008	27	204	SEA
1008	87	157	SEA
1008	89	34	SEA
1010	27	178	SEA
1010	87	357	SEA
1010	89	1	SEA
1013	27	77	SEA
1013	87	184	SEA
1013	89	451	SEA
1014	27	49	SEA
1014	87	97	SEA
1014	89	440	SEA
1016	27	786	SEA
1016	87	337	SEA
1016	89	162	SEA
1019	27	207	SDA
1019	87	237	SEA
1019	89	57	SEA
1023	27	175	SDA
1023	87	177	SEA
1023	89	831	SEA
1026	27	119	SEA
1026	87	451	SEA
1026	89	194	SEA
1028	27	239	SEA
1028	87	540	SEA
1028	89	171	SEA
1033	27	537	SEA
1033	87	397	SEA
1033	89	235	SEA
1037	27	93	SDA
1037	87	419	SEA
1037	89	550	SEA
1040	27	59	SDA
1040	87	540	SEA
1040	89	294	SEA
1042	27	66	SDA
1042	87	437	SEA
1042	89	303	SEA
1048	27	19	SEA
1048	87	297	SEA
1048	89	32	SEA
1048	89e	723	SDA
1049	27	407	SEA
1049	87	517	SEA
1049	89	419	SEA
1049	89e	704	SDA
1051	27	12	SDA
1051	87	397	SEA
1051	89	641	SEA
1051	89e	740	SDA
1053	27	14	SDA
1053	87	540	SEA
1053	89	603	SEA
1053	89e	750	SDA
1057	27	4	SDA
1057	87	540	SEA
1057	89	552	SEA
1057	89e	958	SDA
1059	27	538	SEA
1059	87	540	SEA
1059	89	296	SEA
1059	89e	846	SDA
1063	27	195	SDA
1063	87	396	SEA
1063	89	302	SEA
1063	89e	894	SDA
1064	27	230	SDA
1064	87	321	SEA
1064	89	268	SEA
1064	89e	857	SDA
1067	27	170	SEA
1067	87	540	SEA
1067	89	287	SEA
1067	89e	871	SDA
1069	27	90	SEA
1069	87	497	SEA
1069	89	315	SEA
1069	89e	850	SDA
1071	27	10	SEA
1071	87	442	SEA
1071	89	319	SEA
1071	89e	782	SEA
1074	27	615	SDA
1074	87	523	SEA
1074	89	385	SEA
1074	89e	809	SEA
1075	27	687	SDA
1075	87	523	SEA
1075	89	393	SEA
1075	89e	841	SEA
1090	27	483	SDA
1090	87	177	SEA
1090	89	210	SEA
1090	89e	837	SEA
1093	27	87	SDA
1093	87	80	SEA
1093	89	179	SEA
1093	89e	883	SDA
1099	27	203	SDA
1099	87	385	SEA
1099	89	1002	SEA
1099	89e	613	SDA
1103	27	5	SEA
1103	87	380	SEA
1103	89	576	SDA
1103	89e	485	SEA
1105	27	77	SEA
1105	87	260	SEA
1105	89	568	SDA
1105	89e	488	SEA
1108	27	304	SEA
1108	87	80	SEA
1108	89	494	SDA
1108	89e	1247	SEA
1112	27	255	SDA
1112	87	397	SEA
1112	89	572	SEA
1112	89e	1106	SEA
1119	27	104	SDA
1119	87	337	SEA
1119	89	529	SEA
1119	89e	1010	SDA
1127	27	162	SEA
1127	87	217	SEA
1127	89	451	SEA
1127	89e	725	SEA
1130	27	343	SEA
1130	671	617	SEA
1130	87	189	SEA
1130	89	278	SEA
1130	89e	841	SDA
1132	27	437	SDA
1132	671	628	SEA
1132	87	177	SEA
1132	89	294	SEA
1132	89e	805	SDA
1136	27	421	SEA
1136	671	820	SEA
1136	87	225	SEA
1136	89	241	SEA
1136	89e	822	SEA
1140	27	176	SEA
1140	671	887	SEA
1140	87	316	SEA
1140	89	879	SEA
1140	89e	834	SEA
1146	27	104	SEA
1146	671	704	SEA
1146	87	257	SEA
1146	89	172	SDA
1146	89e	643	SEA
1149	27	893	SDA
1149	671	669	SEA
1149	87	397	SEA
1149	89	166	SDA
1149	89e	710	SEA
1153	27	429	SDA
1153	671	666	SEA
1153	87	396	SEA
1153	89	121	SEA
1153	89e	861	SEA
1154	27	469	SDA
1154	671	664	SEA
1154	87	356	SEA
1154	89	112	SEA
1154	89e	850	SEA
1157	27	511	SDA
1157	671	725	SEA
1157	87	517	SEA
1157	89	110	SEA
1157	89e	816	SEA
1164	27	554	SDA
1164	87	540	SEA
1164	89	238	SEA
1168	27	215	SDA
1168	87	337	SEA
1168	89	246	SEA
1181	27	570	SDA
1181	87	758	SEA
1181	89	70	SDA
1183	27	91	SDA
1183	87	1140	SEA
1183	89	72	SDA
1188	27	22	SDA
1188	87	1140	SEA
1188	89	87	SEA
1190	27	16	SDA
1190	87	1140	SEA
1190	89	65	SEA
1200	27	210	SEA
1200	87	716	SEA
1200	89	105	SDA
1205	27	53	SEA
1205	87	1140	SEA
1205	89	13	SEA
1209	27	327	SEA
1209	87	1140	SEA
1209	89	115	SEA
1210	27	322	SEA
1210	87	1101	SEA
1210	89	111	SEA
1214	27	135	SEA
1214	87	801	SEA
1214	89	414	SEA
1228	27	501	SEA
1228	87	1181	SEA
1228	89	441	SEA
1239	27	8	SEA
1239	87	1140	SEA
1239	89	1503	SEA
1240	27	20	SDA
1240	87	1140	SEA
1240	89	1452	SEA
1243	27	33	SDA
1243	87	1140	SEA
1243	89	1494	SEA
1248	27	16	SDA
1248	87	1140	SEA
1248	89	1537	SEA
1252	27	5	SEA
1252	87	921	SEA
1252	89	1527	SEA
1255	27	4	SDA
1255	87	701	SEA
1255	89	1101	SDA
1257	27	132	SEA
1257	87	621	SEA
1257	89	1164	SDA
1264	27	596	SDA
1264	87	394	SEA
1264	89	1157	SDA
1265	27	669	SDA
1265	87	1140	SEA
1265	89	1186	SDA
1275	27	54	SEA
1275	87	1156	SEA
1275	89	1110	SEA
1278	27	45	SEA
1278	87	1156	SEA
1278	89	1120	SDA
1279	27	45	SEA
1279	87	1156	SEA
1279	89	1120	SDA
1280	27	68	SEA
1280	87	1156	SEA
1280	89	1122	SDA
1284	27	111	SDA
1284	87	1064	SEA
1284	89	1147	SEA
1295	27	218	SDA
1295	87	1064	SEA
1295	89	1223	SEA
1296	27	218	SDA
1296	87	1064	SEA
1296	89	1223	SEA
1301	27	196	SDA
1301	87	1020	SEA
1301	89	1238	SEA
1306	27	1178	SEA
1306	87	981	SEA
1306	89	1288	SEA
1308	27	1193	SEA
1308	87	861	SEA
1308	89	1297	SEA
1312	27	13	SDA
1312	87	693	SEA
1312	89	1200	SEA
1319	27	19	SEA
1319	87	1020	SEA
1319	89	897	SDA
