363	163	691	SEA
363	87	300	SEA
363	89	520	SEA
385	163	775	SEA
385	87	285	SEA
385	89	932	SEA
395	163	461	SEA
395	87	93	SEA
395	89	337	SEA
408	163	546	SEA
408	87	201	SEA
408	89	809	SEA
409	163	544	SEA
409	87	177	SEA
409	89	786	SEA
414	163	718	SDA
414	87	468	SEA
414	89	214	SEA
421	163	626	SDA
421	87	138	SEA
421	89	156	SEA
422	163	624	SDA
422	87	142	SEA
422	89	187	SEA
435	163	532	SDA
435	87	839	SEA
435	89	217	SEA
439	163	953	SEA
439	87	599	SEA
439	89	214	SEA
448	163	796	SEA
448	87	209	SEA
448	89	63	SEA
450	163	845	SEA
450	87	319	SEA
450	89	914	SEA
453	163	911	SDA
453	87	199	SEA
453	89	405	SEA
458	163	874	SEA
458	87	261	SEA
458	89	528	SEA
463	163	1222	SEA
463	87	379	SEA
463	89	597	SEA
465	163	1200	SEA
465	87	315	SEA
465	89	533	SEA
490	163	764	SEA
490	87	262	SEA
490	89	550	SEA
494	163	708	SEA
494	87	257	SEA
494	89	477	SEA
500	163	592	SEA
500	87	360	SEA
500	89	593	SEA
507	163	566	SEA
507	87	192	SEA
507	89	804	SEA
508	163	577	SEA
508	87	227	SEA
508	89	805	SEA
516	163	438	SEA
516	87	239	SEA
516	89	341	SEA
517	163	417	SEA
517	87	185	SEA
517	89	294	SEA
520	163	427	SEA
520	87	178	SEA
520	89	367	SEA
529	163	357	SDA
529	87	139	SEA
529	89	522	SEA
531	163	344	SDA
531	87	79	SEA
531	89	545	SEA
536	163	424	SDA
536	87	5	SEA
536	89	578	SEA
541	163	1023	SEA
541	87	190	SEA
541	89	342	SEA
543	163	1028	SEA
543	87	159	SEA
543	89	343	SEA
549	163	91	SEA
549	87	204	SEA
549	89	781	SEA
554	163	34	SEA
554	87	87	SEA
554	89	830	SEA
568	163	278	SEA
568	87	204	SEA
568	89	36	SEA
570	163	367	SEA
570	87	349	SEA
570	89	19	SEA
578	163	234	SEA
578	87	699	SEA
578	89	320	SEA
593	163	513	SEA
593	87	157	SEA
593	89	272	SEA
606	163	376	SEA
606	87	309	SEA
606	89	310	SEA
607	163	400	SEA
607	87	321	SEA
607	89	300	SEA
629	163	426	SEA
629	87	454	SEA
629	89	476	SEA
630	163	426	SEA
630	87	454	SEA
630	89	476	SEA
637	163	718	SEA
637	87	387	SEA
637	89	857	SEA
667	163	156	SEA
667	87	414	SEA
667	89	687	SEA
672	163	128	SEA
672	87	344	SEA
672	89	682	SEA
692	163	137	SEA
692	87	462	SEA
692	89	899	SEA
694	163	105	SEA
694	87	469	SEA
694	89	910	SEA
710	163	992	SEA
710	87	435	SEA
710	89	314	SEA
718	163	1243	SDA
718	87	780	SEA
718	89	1127	SEA
720	163	1294	SDA
720	87	663	SEA
720	89	1059	SEA
727	163	1319	SDA
727	87	1560	SEA
727	89	578	SEA
729	163	1412	SEA
729	87	1560	SEA
729	89	551	SEA
740	163	8	SEA
740	87	1275	SEA
740	89	643	SEA
749	163	34	SEA
749	87	548	SEA
749	89	902	SEA
750	163	74	SEA
750	87	547	SEA
750	89	937	SEA
751	163	74	SEA
751	87	547	SEA
751	89	937	SEA
757	163	574	SEA
757	87	719	SEA
757	89	877	SEA
759	163	592	SEA
759	87	676	SEA
759	89	889	SEA
760	163	586	SEA
760	87	664	SEA
760	89	991	SEA
761	163	534	SEA
761	87	655	SEA
761	89	993	SEA
765	163	435	SEA
765	87	780	SEA
765	89	944	SEA
768	163	481	SEA
768	87	780	SEA
768	89	653	SEA
770	163	417	SEA
770	87	719	SEA
770	89	612	SEA
771	163	633	SEA
771	87	780	SEA
771	89	558	SEA
772	163	633	SEA
772	87	780	SEA
772	89	558	SEA
773	163	745	SEA
773	87	780	SEA
773	89	529	SEA
774	163	753	SEA
774	87	780	SEA
774	89	543	SEA
775	163	753	SEA
775	87	780	SEA
775	89	543	SEA
778	163	942	SEA
778	87	780	SEA
778	89	539	SEA
779	163	947	SEA
779	87	780	SEA
779	89	556	SEA
783	163	908	SEA
783	87	719	SEA
783	89	553	SEA
798	163	887	SDA
798	87	54	SEA
798	89	957	SEA
801	163	893	SDA
801	87	743	SEA
801	89	877	SEA
804	163	726	SEA
804	87	780	SEA
804	89	883	SEA
808	163	824	SEA
808	87	779	SEA
808	89	833	SEA
810	163	717	SEA
810	87	659	SEA
810	89	782	SEA
819	163	417	SEA
819	87	780	SEA
819	89	801	SEA
840	163	1374	SDA
840	87	501	SEA
840	89	957	SEA
847	163	1336	SDA
847	87	780	SEA
847	89	920	SEA
853	163	1243	SDA
853	87	1980	SEA
853	89	528	SEA
859	163	8	SEA
859	87	1980	SEA
859	89	522	SEA
863	163	16	SEA
863	87	1799	SEA
863	89	600	SEA
871	163	81	SEA
871	87	600	SEA
871	89	695	SEA
876	163	475	SEA
876	87	600	SEA
876	89	1157	SEA
887	163	682	SEA
887	87	600	SEA
887	89	1544	SEA
889	163	685	SEA
889	87	600	SEA
889	89	1513	SEA
893	163	630	SEA
893	87	272	SEA
893	89	1454	SEA
895	163	608	SEA
895	87	479	SEA
895	89	1519	SEA
901	163	677	SEA
901	87	119	SEA
901	89	8	SEA
908	163	431	SEA
908	87	428	SEA
908	89	12	SEA
918	163	1312	SDA
918	87	321	SEA
918	89	106	SEA
920	163	1297	SDA
920	87	540	SEA
920	89	110	SEA
922	163	1234	SDA
922	87	419	SEA
922	89	107	SEA
923	163	1224	SDA
923	87	379	SEA
923	89	117	SEA
924	163	1234	SDA
924	87	299	SEA
924	89	1003	SEA
926	163	1270	SDA
926	87	326	SEA
926	89	589	SEA
932	163	1235	SDA
932	87	418	SEA
932	89	624	SEA
933	163	1182	SDA
933	87	435	SEA
933	89	603	SEA
936	163	1032	SDA
936	87	540	SEA
936	89	741	SEA
937	163	973	SDA
937	87	539	SEA
937	89	695	SEA
940	163	284	SDA
940	87	359	SEA
940	89	663	SEA
941	163	267	SDA
941	87	319	SEA
941	89	1091	SEA
943	163	269	SDA
943	87	239	SEA
943	89	1084	SEA
944	163	351	SEA
944	87	119	SEA
944	89	1066	SEA
950	163	408	SEA
950	87	275	SEA
950	89	1064	SEA
952	163	432	SEA
952	87	360	SEA
952	89	308	SEA
953	163	431	SEA
953	87	360	SEA
953	89	297	SEA
965	163	1174	SDA
965	87	719	SEA
965	89	214	SEA
967	163	1080	SDA
967	87	662	SEA
967	89	234	SEA
972	163	1137	SEA
972	87	300	SEA
972	89	107	SEA
986	163	1152	SEA
986	87	451	SEA
986	89	97	SEA
987	163	1190	SEA
987	87	218	SEA
987	89	127	SEA
989	163	1204	SEA
989	87	179	SEA
989	89	131	SEA
992	163	1312	SEA
992	87	190	SEA
992	89	226	SEA
1000	87	503	SEA
1000	89	226	SEA
1006	163	1931	SDA
1006	87	150	SEA
1006	89	68	SEA
1007	163	1931	SDA
1007	87	150	SEA
1007	89	68	SEA
1008	163	1920	SDA
1008	87	223	SEA
1008	89	34	SEA
1010	163	1889	SDA
1010	87	139	SEA
1010	89	21	SEA
1013	163	1919	SDA
1013	87	100	SEA
1013	89	451	SEA
1014	163	1943	SEA
1014	87	197	SEA
1014	89	440	SEA
1016	87	59	SEA
1016	89	415	SEA
1019	87	153	SEA
1019	89	57	SEA
1023	87	152	SEA
1023	89	831	SEA
1026	163	1065	SEA
1026	87	449	SEA
1026	89	194	SEA
1028	163	1058	SEA
1028	87	458	SEA
1028	89	171	SEA
1033	163	952	SEA
1033	87	479	SEA
1033	89	235	SEA
1037	163	982	SEA
1037	87	417	SEA
1037	89	557	SEA
1040	163	988	SDA
1040	87	540	SEA
1040	89	579	SEA
1042	163	1010	SDA
1042	87	519	SEA
1042	89	303	SEA
1048	163	1216	SEA
1048	87	289	SEA
1048	89	32	SEA
1049	163	213	SDA
1049	87	310	SEA
1049	89	86	SEA
1051	163	118	SDA
1051	87	479	SEA
1051	89	641	SEA
1051	89e	743	SDA
1053	163	146	SDA
1053	87	540	SEA
1053	89	603	SEA
1053	89e	752	SDA
1057	163	106	SDA
1057	87	540	SEA
1057	89	544	SEA
1057	89e	963	SDA
1059	163	54	SDA
1059	87	540	SEA
1059	89	296	SEA
1059	89e	848	SDA
1063	163	22	SEA
1063	87	388	SEA
1063	89	302	SEA
1063	89e	896	SDA
1064	163	41	SEA
1064	87	313	SEA
1064	89	268	SEA
1064	89e	859	SDA
1067	163	47	SEA
1067	87	355	SEA
1067	89	287	SEA
1067	89e	873	SDA
1069	163	26	SEA
1069	87	540	SEA
1069	89	303	SEA
1069	89e	852	SDA
1071	163	827	SDA
1071	87	434	SEA
1071	89	319	SEA
1071	89e	784	SEA
1074	163	760	SDA
1074	87	512	SEA
1074	89	291	SEA
1074	89e	811	SEA
1075	163	726	SDA
1075	87	512	SEA
1075	89	284	SEA
1075	89e	843	SEA
1090	163	47	SEA
1090	87	268	SEA
1090	89	210	SEA
1090	89e	837	SEA
1093	163	56	SEA
1093	87	220	SEA
1093	89	179	SEA
1093	89e	883	SDA
1103	163	288	SDA
1103	87	460	SEA
1103	89	574	SDA
1103	89e	485	SEA
1105	163	365	SDA
1105	87	340	SEA
1105	89	566	SDA
1105	89e	488	SEA
1108	163	371	SDA
1108	87	160	SEA
1108	89	492	SDA
1108	89e	421	SEA
1112	163	287	SDA
1112	87	488	SEA
1112	89	570	SEA
1112	89e	1106	SEA
1119	163	581	SDA
1119	87	360	SEA
1119	89	527	SEA
1119	89e	1005	SDA
1130	163	218	SEA
1130	671	606	SEA
1130	87	154	SEA
1130	89	278	SEA
1130	89e	841	SDA
1132	163	182	SEA
1132	671	617	SEA
1132	87	232	SEA
1132	89	294	SEA
1132	89e	805	SDA
1136	163	187	SEA
1136	671	809	SEA
1136	87	190	SEA
1136	89	241	SEA
1136	89e	822	SEA
1140	163	120	SEA
1140	671	876	SEA
1140	87	305	SEA
1140	89	429	SEA
1140	89e	834	SEA
1146	163	1007	SEA
1146	671	693	SEA
1146	87	246	SEA
1146	89	912	SEA
1146	89e	645	SEA
1149	163	437	SDA
1149	671	658	SEA
1149	87	261	SEA
1149	89	165	SDA
1149	89e	712	SEA
1153	163	400	SDA
1153	671	655	SEA
1153	87	385	SEA
1153	89	117	SEA
1153	89e	863	SEA
1154	163	375	SDA
1154	671	653	SEA
1154	87	345	SEA
1154	89	109	SEA
1154	89e	852	SEA
1157	163	364	SDA
1157	671	714	SEA
1157	87	540	SEA
1157	89	107	SEA
1157	89e	818	SEA
1164	163	368	SEA
1164	87	408	SEA
1164	89	238	SEA
1168	163	476	SEA
1168	87	419	SEA
1168	89	246	SEA
1181	163	1098	SEA
1181	87	737	SEA
1181	89	70	SDA
1183	163	1160	SEA
1183	87	1140	SEA
1183	89	72	SDA
1188	163	1070	SEA
1188	87	1140	SEA
1188	89	87	SEA
1190	163	1017	SEA
1190	87	1140	SEA
1190	89	65	SEA
1200	163	1041	SEA
1200	87	664	SEA
1200	89	103	SDA
1205	163	972	SEA
1205	87	1140	SEA
1205	89	13	SEA
1209	163	1572	SDA
1209	87	1140	SEA
1209	89	115	SEA
1210	163	1563	SDA
1210	87	1140	SEA
1210	89	111	SEA
1214	163	1653	SDA
1214	87	881	SEA
1214	89	8	SEA
1228	163	97	SDA
1228	87	1200	SEA
1228	89	441	SEA
1239	163	106	SDA
1239	87	846	SEA
1239	89	760	SEA
1240	163	119	SDA
1240	87	1140	SEA
1240	89	1452	SEA
1243	163	104	SDA
1243	87	1140	SEA
1243	89	1494	SEA
1248	163	150	SDA
1248	87	1140	SEA
1248	89	1537	SEA
1255	163	114	SEA
1255	87	781	SEA
1255	89	1101	SDA
1257	163	354	SEA
1257	87	701	SEA
1257	89	1164	SDA
1264	163	836	SEA
1264	87	372	SEA
1264	89	1157	SDA
1265	163	777	SEA
1265	87	383	SEA
1265	89	1141	SDA
1275	163	500	SDA
1275	87	879	SEA
1275	89	1110	SEA
1278	163	356	SEA
1278	87	1167	SEA
1278	89	1120	SDA
1280	163	384	SEA
1280	87	1167	SEA
1280	89	1114	SDA
1284	163	794	SEA
1284	87	1053	SEA
1284	89	1147	SEA
1295	163	825	SEA
1295	87	865	SEA
1295	89	1139	SEA
1296	163	825	SEA
1296	87	865	SEA
1296	89	1139	SEA
1301	163	908	SEA
1301	87	1020	SEA
1301	89	1219	SEA
1306	163	988	SEA
1306	87	1052	SEA
1306	89	1282	SEA
1308	163	986	SEA
1308	87	932	SEA
1308	89	1291	SEA
1312	163	1022	SEA
1312	87	676	SEA
1312	89	1194	SEA
1319	163	1935	SEA
1319	87	612	SEA
1319	89	897	SDA
