363	27	650	SEA
363	371	301	SEA
363	83	893	SEA
363	89	520	SEA
363	965	396	SEA
408	27	747	SEA
408	371	821	SDA
408	83	714	SEA
408	89	212	SEA
408	965	764	SDA
409	27	764	SEA
409	371	749	SDA
409	83	680	SEA
409	89	202	SEA
409	965	848	SDA
421	27	28	SEA
421	371	310	SDA
421	83	732	SEA
421	89	181	SDA
421	965	862	SDA
422	27	42	SEA
422	371	344	SDA
422	83	670	SEA
422	89	147	SDA
422	965	875	SDA
435	27	13	SEA
435	371	410	SDA
435	83	463	SEA
435	89	219	SEA
435	965	402	SEA
439	27	16	SDA
439	371	621	SDA
439	83	424	SEA
439	89	216	SEA
439	965	1114	SEA
448	27	541	SEA
448	371	235	SEA
448	83	548	SEA
448	89	432	SEA
448	965	333	SEA
458	27	794	SEA
458	371	532	SEA
458	83	736	SEA
458	89	553	SEA
458	965	363	SEA
463	27	204	SEA
463	371	560	SDA
463	83	643	SEA
463	89	566	SEA
463	965	958	SEA
494	27	508	SEA
494	371	672	SEA
494	83	453	SEA
494	89	508	SEA
494	965	195	SEA
512	27	36	SEA
512	371	387	SEA
512	83	818	SEA
512	89	340	SEA
512	965	481	SEA
529	27	131	SEA
529	371	500	SEA
529	83	895	SEA
529	89	339	SEA
529	965	759	SDA
543	27	552	SEA
543	371	395	SEA
543	83	642	SEA
543	89	767	SEA
543	965	774	SEA
549	27	493	SEA
549	371	727	SEA
549	83	516	SEA
549	89	801	SEA
549	965	658	SEA
554	27	554	SEA
554	371	741	SDA
554	83	654	SEA
554	89	844	SEA
554	965	687	SEA
568	27	82	SEA
568	371	159	SEA
568	83	575	SEA
568	89	36	SEA
568	965	648	SEA
593	27	10	SEA
593	371	537	SEA
593	83	913	SEA
593	89	714	SEA
593	965	120	SEA
606	27	29	SEA
606	371	405	SEA
606	83	791	SEA
606	89	310	SEA
606	965	115	SEA
607	27	168	SEA
607	371	407	SEA
607	83	834	SEA
607	89	300	SEA
607	965	822	SEA
629	27	17	SEA
629	371	698	SEA
629	83	716	SEA
629	89	471	SEA
629	965	400	SEA
637	27	117	SEA
637	371	500	SEA
637	83	853	SEA
637	89	849	SEA
637	965	530	SEA
694	27	520	SEA
694	371	746	SEA
694	83	634	SEA
694	89	329	SEA
694	965	760	SEA
710	27	314	SEA
710	371	557	SEA
710	83	675	SEA
710	89	1111	SEA
710	965	1074	SEA
720	27	433	SEA
720	371	667	SEA
720	83	885	SEA
720	89	613	SEA
720	965	433	SEA
727	27	511	SEA
727	371	835	SEA
727	83	683	SEA
727	89	578	SEA
727	965	366	SEA
729	27	503	SEA
729	371	767	SEA
729	83	723	SEA
729	89	551	SEA
729	965	342	SEA
751	27	370	SEA
751	371	584	SEA
751	83	824	SEA
751	89	840	SEA
751	965	644	SEA
757	27	466	SEA
757	371	446	SEA
757	83	584	SEA
757	89	876	SEA
757	965	595	SEA
759	27	399	SEA
759	371	454	SDA
759	83	601	SEA
759	89	888	SEA
759	965	542	SEA
760	27	562	SEA
760	371	609	SDA
760	83	603	SEA
760	89	990	SEA
760	965	640	SEA
761	27	572	SEA
761	371	656	SDA
761	83	648	SEA
761	89	795	SEA
761	965	638	SEA
765	27	595	SEA
765	371	568	SEA
765	83	849	SEA
765	89	689	SEA
765	965	1286	SEA
768	27	1202	SEA
768	371	627	SEA
768	83	837	SEA
768	89	653	SEA
768	965	1306	SDA
770	27	1182	SEA
770	371	652	SEA
770	83	543	SEA
770	89	612	SEA
770	965	1363	SDA
771	27	1152	SEA
771	371	701	SEA
771	83	531	SEA
771	89	558	SEA
771	965	1391	SDA
772	27	1152	SEA
772	371	701	SEA
772	83	531	SEA
772	89	558	SEA
772	965	1391	SDA
774	27	1008	SEA
774	371	717	SDA
774	83	542	SEA
774	89	543	SEA
774	965	1442	SDA
778	27	534	SEA
778	371	558	SEA
778	83	736	SEA
778	89	1055	SEA
778	965	1400	SEA
791	27	534	SDA
791	371	709	SEA
791	83	751	SEA
791	89	999	SEA
791	965	563	SEA
798	27	7	SDA
798	371	609	SEA
798	83	738	SEA
798	89	957	SEA
798	965	690	SEA
801	27	2	SDA
801	371	603	SEA
801	83	694	SEA
801	89	877	SEA
801	965	663	SEA
804	27	5	SEA
804	371	791	SEA
804	83	695	SEA
804	89	876	SEA
804	965	648	SEA
808	27	898	SEA
808	371	520	SDA
808	83	730	SEA
808	89	791	SEA
808	965	692	SEA
810	27	237	SEA
810	371	496	SEA
810	83	708	SEA
810	89	771	SEA
810	965	705	SEA
819	27	201	SEA
819	371	720	SDA
819	83	777	SEA
819	89	504	SEA
819	965	897	SEA
834	27	202	SEA
834	371	777	SDA
834	83	671	SEA
834	89	1000	SEA
834	965	447	SDA
840	27	136	SEA
840	371	740	SEA
840	83	926	SEA
840	89	957	SEA
840	965	588	SDA
847	27	162	SEA
847	371	596	SEA
847	83	602	SEA
847	89	593	SEA
847	965	413	SEA
853	27	207	SDA
853	371	510	SDA
853	83	897	SEA
853	89	528	SEA
853	965	381	SEA
859	27	696	SEA
859	371	657	SEA
859	83	849	SEA
859	89	723	SEA
859	965	786	SEA
863	27	380	SDA
863	371	709	SEA
863	83	589	SEA
863	89	711	SEA
863	965	741	SEA
871	27	261	SDA
871	371	641	SEA
871	83	782	SEA
871	89	1263	SEA
871	965	788	SEA
876	27	352	SEA
876	371	659	SDA
876	83	1643	SEA
876	89	1171	SEA
876	965	584	SEA
887	27	155	SDA
887	371	542	SEA
887	83	807	SEA
887	89	1560	SEA
887	965	474	SEA
889	27	218	SDA
889	371	482	SEA
889	83	872	SEA
889	89	1529	SEA
889	965	535	SEA
893	27	300	SDA
893	371	586	SEA
893	83	851	SEA
893	89	1459	SEA
893	965	736	SEA
895	27	293	SDA
895	371	550	SEA
895	83	838	SEA
895	89	1483	SEA
895	965	621	SEA
901	27	310	SEA
901	371	713	SEA
901	83	850	SEA
901	89	19	SEA
901	965	1432	SEA
908	27	602	SEA
908	371	1321	SEA
908	83	774	SEA
908	89	12	SEA
908	965	365	SEA
918	27	510	SEA
918	371	111	SDA
918	83	780	SEA
918	89	955	SEA
918	965	426	SEA
920	27	531	SEA
920	371	150	SDA
920	83	783	SEA
920	89	701	SEA
920	965	382	SEA
922	27	799	SDA
922	371	246	SDA
922	83	720	SEA
922	89	712	SEA
922	965	538	SEA
923	27	831	SDA
923	371	287	SDA
923	83	749	SEA
923	89	658	SEA
923	965	523	SEA
924	27	820	SDA
924	371	328	SDA
924	83	754	SEA
924	89	599	SEA
924	965	591	SEA
926	27	837	SEA
926	371	268	SDA
926	83	718	SEA
926	89	589	SEA
926	965	563	SEA
932	27	305	SDA
932	371	356	SEA
932	83	150	SEA
932	89	624	SEA
932	965	608	SEA
933	27	292	SDA
933	371	370	SEA
933	83	102	SEA
933	89	603	SEA
933	965	610	SEA
936	27	302	SDA
936	371	660	SEA
936	83	713	SEA
936	89	980	SEA
936	965	656	SEA
937	27	256	SDA
937	371	683	SEA
937	83	652	SEA
937	89	1041	SEA
937	965	650	SEA
940	27	180	SDA
940	371	501	SEA
940	83	617	SEA
940	89	1075	SEA
940	965	492	SEA
941	27	175	SDA
941	371	538	SEA
941	83	654	SEA
941	89	1077	SEA
941	965	490	SEA
943	27	277	SEA
943	371	548	SEA
943	83	680	SEA
943	89	1071	SEA
943	965	485	SEA
944	27	254	SEA
944	371	1147	SEA
944	83	741	SEA
944	89	1067	SEA
944	965	544	SEA
950	27	20	SEA
950	371	1131	SEA
950	83	939	SEA
950	89	292	SEA
950	965	556	SEA
952	27	829	SEA
952	371	214	SDA
952	83	1034	SEA
952	89	308	SEA
952	965	438	SEA
953	27	821	SEA
953	371	194	SDA
953	83	994	SEA
953	89	297	SEA
953	965	432	SEA
965	27	115	SEA
965	371	445	SEA
965	83	779	SEA
965	89	214	SEA
965	965	791	SEA
967	27	55	SEA
967	371	401	SEA
967	83	1000	SEA
967	89	1190	SEA
967	965	326	SEA
972	27	10	SEA
972	371	414	SEA
972	83	819	SEA
972	89	117	SEA
972	965	328	SEA
986	27	59	SEA
986	371	270	SDA
986	83	1011	SEA
986	89	97	SEA
986	965	997	SEA
987	27	42	SEA
987	371	278	SDA
987	89	127	SEA
987	965	942	SEA
989	27	25	SEA
989	371	328	SDA
989	89	105	SEA
989	965	955	SEA
992	27	316	SEA
992	371	506	SDA
992	83	1674	SEA
992	89	298	SEA
992	965	943	SEA
1000	27	249	SDA
1000	371	493	SEA
1000	83	1668	SEA
1000	89	256	SEA
1000	965	699	SEA
1006	27	188	SEA
1006	371	757	SEA
1006	83	806	SEA
1006	89	498	SEA
1006	965	786	SEA
1007	27	188	SEA
1007	371	757	SEA
1007	83	806	SEA
1007	89	498	SEA
1007	965	786	SEA
1008	27	191	SEA
1008	371	776	SEA
1008	83	818	SEA
1008	89	484	SEA
1008	965	805	SEA
1010	27	71	SEA
1010	371	384	SDA
1010	83	801	SEA
1010	89	462	SEA
1010	965	811	SEA
1013	27	404	SDA
1013	371	546	SEA
1013	83	819	SEA
1013	89	136	SEA
1013	965	708	SEA
1014	27	247	SDA
1014	371	648	SEA
1014	83	767	SEA
1014	89	98	SEA
1014	965	772	SEA
1016	27	295	SDA
1016	371	711	SEA
1016	83	806	SEA
1016	89	162	SEA
1016	965	699	SEA
1019	27	207	SDA
1019	371	675	SEA
1019	83	898	SEA
1019	89	259	SDA
1019	965	746	SEA
1023	27	175	SDA
1023	371	450	SDA
1023	89	219	SEA
1023	965	597	SEA
1026	27	101	SEA
1026	371	580	SDA
1026	83	1981	SEA
1026	89	194	SEA
1026	965	180	SEA
1028	27	523	SEA
1028	371	579	SDA
1028	83	1992	SEA
1028	89	171	SEA
1028	965	182	SEA
1033	27	121	SDA
1033	371	504	SDA
1033	83	1954	SEA
1033	89	305	SEA
1033	965	1582	SEA
1037	27	90	SDA
1037	371	654	SDA
1037	83	1996	SEA
1037	89	332	SEA
1037	965	1579	SEA
1040	27	29	SDA
1040	371	627	SDA
1040	83	766	SEA
1040	89	294	SEA
1040	89e	472	SDA
1040	965	439	SDA
1042	27	5	SEA
1042	371	573	SDA
1042	83	742	SEA
1042	89	341	SEA
1042	89e	515	SDA
1042	965	526	SDA
1048	27	16	SDA
1048	371	808	SEA
1048	83	739	SEA
1048	89	550	SEA
1048	89e	711	SDA
1048	965	426	SDA
1049	27	14	SDA
1049	371	750	SEA
1049	83	703	SEA
1049	89	667	SEA
1049	89e	692	SDA
1049	965	366	SDA
1051	27	175	SEA
1051	371	842	SDA
1051	83	661	SEA
1051	89	277	SEA
1051	89e	728	SDA
1051	965	395	SDA
1053	27	181	SEA
1053	371	840	SDA
1053	83	704	SEA
1053	89	316	SEA
1053	89e	738	SDA
1053	965	361	SDA
1057	27	116	SDA
1057	371	270	SEA
1057	83	905	SEA
1057	89	345	SEA
1057	89e	946	SDA
1057	965	367	SDA
1059	27	184	SDA
1059	371	67	SEA
1059	83	153	SEA
1059	89	296	SEA
1059	89e	834	SDA
1059	965	373	SDA
1063	27	49	SEA
1063	371	82	SEA
1063	83	492	SEA
1063	89	398	SEA
1063	89e	882	SDA
1063	965	378	SDA
1064	27	15	SEA
1064	371	86	SEA
1064	83	507	SEA
1064	89	407	SEA
1064	89e	845	SDA
1064	965	346	SDA
1067	27	12	SEA
1067	371	85	SEA
1067	83	745	SEA
1067	89	431	SEA
1067	89e	859	SDA
1067	965	757	SEA
1069	27	214	SEA
1069	371	104	SEA
1069	83	718	SEA
1069	89	483	SEA
1069	89e	838	SDA
1069	965	860	SEA
1071	27	680	SDA
1071	371	716	SEA
1071	83	844	SEA
1071	89	412	SEA
1071	89e	770	SEA
1071	965	387	SEA
1074	27	546	SDA
1074	371	533	SDA
1074	83	866	SEA
1074	89	664	SDA
1074	89e	1046	SDA
1074	965	465	SEA
1075	27	571	SDA
1075	371	520	SDA
1075	83	403	SEA
1075	89	723	SDA
1075	89e	1008	SDA
1075	965	416	SEA
1090	27	106	SDA
1090	371	651	SEA
1090	83	531	SEA
1090	89	210	SEA
1090	89e	867	SDA
1090	965	1118	SEA
1093	27	87	SDA
1093	371	570	SEA
1093	83	541	SEA
1093	89	1017	SEA
1093	89e	883	SDA
1093	965	434	SDA
1099	27	32	SDA
1099	371	414	SEA
1099	83	664	SEA
1099	89	671	SDA
1099	89e	613	SDA
1099	965	444	SDA
1103	27	242	SDA
1103	371	347	SDA
1103	83	589	SEA
1103	89	590	SDA
1103	89e	1538	SDA
1103	965	491	SDA
1105	27	259	SDA
1105	371	830	SEA
1105	83	1970	SEA
1105	89	582	SDA
1105	89e	1432	SEA
1105	965	534	SDA
1108	27	136	SDA
1108	371	915	SEA
1108	83	1996	SEA
1108	89	508	SDA
1108	89e	759	SDA
1108	965	535	SDA
1112	27	428	SDA
1112	371	15	SDA
1112	83	1982	SEA
1112	89	339	SEA
1112	89e	876	SDA
1112	965	568	SDA
1119	27	171	SDA
1119	371	4	SDA
1119	654	437	SDA
1119	83	634	SEA
1119	89	375	SEA
1119	89e	1070	SDA
1119	965	849	SEA
1127	27	322	SEA
1127	371	80	SDA
1127	654	154	SDA
1127	83	1148	SEA
1127	89	262	SEA
1127	89e	887	SDA
1127	965	136	SEA
1130	27	365	SDA
1130	371	209	SEA
1130	654	188	SDA
1130	83	780	SEA
1130	89	500	SEA
1130	89e	866	SDA
1130	965	121	SEA
1132	27	348	SDA
1132	371	856	SEA
1132	654	283	SDA
1132	83	12	SEA
1132	89	428	SEA
1132	89e	805	SDA
1132	965	464	SEA
1136	27	279	SEA
1136	371	991	SEA
1136	654	331	SDA
1136	83	222	SEA
1136	89	840	SEA
1136	89e	822	SEA
1136	965	649	SEA
1140	27	89	SDA
1140	371	121	SDA
1140	654	364	SDA
1140	83	437	SEA
1140	89	879	SEA
1140	89e	651	SEA
1140	965	681	SEA
1146	27	791	SDA
1146	371	8	SDA
1146	654	237	SDA
1146	83	728	SEA
1146	89	147	SDA
1146	89e	688	SEA
1146	965	540	SDA
1149	27	361	SDA
1149	371	7	SDA
1149	654	475	SEA
1149	83	819	SEA
1149	89	165	SDA
1149	89e	741	SEA
1149	965	685	SDA
1153	27	429	SDA
1153	371	6	SEA
1153	654	331	SEA
1153	83	633	SEA
1153	89	120	SEA
1153	965	675	SEA
1154	27	469	SDA
1154	371	8	SDA
1154	654	272	SEA
1154	83	677	SEA
1154	89	667	SEA
1154	965	687	SEA
1157	27	524	SDA
1157	371	15	SDA
1157	654	300	SEA
1157	83	564	SEA
1157	89	219	SEA
1157	965	750	SEA
1164	27	239	SDA
1164	371	891	SEA
1164	83	860	SEA
1164	89	238	SEA
1164	965	952	SDA
1168	27	215	SDA
1168	371	99	SDA
1168	83	82	SEA
1168	89	1016	SEA
1168	965	880	SDA
1181	27	89	SDA
1181	371	183	SEA
1181	83	274	SEA
1181	89	70	SDA
1181	965	533	SDA
1183	27	91	SDA
1183	371	151	SEA
1183	83	310	SEA
1183	89	72	SDA
1183	965	547	SDA
1188	27	22	SDA
1188	371	451	SEA
1188	83	275	SEA
1188	89	87	SEA
1188	965	637	SDA
1190	27	59	SDA
1190	371	639	SDA
1190	83	1081	SEA
1190	89	1034	SEA
1190	965	584	SDA
1200	27	13	SDA
1200	371	7	SDA
1200	83	928	SEA
1200	89	105	SDA
1200	965	681	SEA
1205	27	36	SDA
1205	371	51	SEA
1205	83	840	SEA
1205	89	13	SEA
1205	965	1087	SDA
1209	27	44	SDA
1209	371	50	SEA
1209	83	753	SEA
1209	89	525	SEA
1209	965	1100	SDA
1210	27	33	SDA
1210	371	8	SEA
1210	83	711	SEA
1210	89	522	SEA
1210	965	1149	SDA
1214	27	4	SEA
1214	371	445	SEA
1214	83	1106	SEA
1214	89	432	SEA
1214	965	508	SEA
1228	27	1017	SDA
1228	371	654	SEA
1228	83	698	SEA
1228	89	911	SEA
1228	965	407	SEA
1239	27	8	SEA
1239	371	284	SDA
1239	83	707	SEA
1239	89	1503	SEA
1239	965	486	SEA
1240	27	20	SDA
1240	371	319	SDA
1240	83	770	SEA
1240	89	1452	SEA
1240	965	484	SEA
1243	27	33	SDA
1243	371	282	SDA
1243	83	723	SEA
1243	89	1494	SEA
1243	965	547	SEA
1248	27	16	SDA
1248	371	377	SEA
1248	83	458	SEA
1248	89	1230	SDA
1248	965	543	SEA
1252	27	30	SEA
1252	371	398	SEA
1252	83	659	SEA
1252	89	1183	SDA
1252	965	785	SEA
1255	27	749	SDA
1255	371	654	SEA
1255	83	742	SEA
1255	89	1102	SDA
1255	965	751	SEA
1257	27	678	SDA
1257	371	676	SEA
1257	83	752	SEA
1257	89	1165	SDA
1257	965	780	SEA
1264	27	601	SDA
1264	371	709	SEA
1264	83	998	SEA
1264	89	1158	SDA
1264	965	864	SEA
1265	27	627	SDA
1265	371	733	SEA
1265	83	2227	SEA
1265	89	1142	SDA
1265	965	925	SEA
1275	27	1107	SDA
1275	371	630	SEA
1275	83	1093	SEA
1275	89	1148	SDA
1275	965	832	SEA
1278	27	238	SDA
1278	371	636	SEA
1278	83	1128	SEA
1278	89	1120	SDA
1278	965	820	SEA
1279	27	238	SDA
1279	371	636	SEA
1279	83	1128	SEA
1279	89	1120	SDA
1279	965	820	SEA
1280	27	267	SDA
1280	371	669	SEA
1280	83	1137	SEA
1280	89	1122	SDA
1280	965	856	SEA
1284	27	111	SDA
1284	371	571	SDA
1284	83	1109	SEA
1284	89	1147	SEA
1284	965	885	SEA
1289	27	165	SDA
1289	371	515	SEA
1289	89	1148	SEA
1289	965	1002	SDA
1295	27	218	SDA
1295	371	534	SEA
1295	89	1235	SEA
1295	965	1145	SDA
1296	27	218	SDA
1296	371	534	SEA
1296	89	1235	SEA
1296	965	1145	SDA
1301	27	1382	SDA
1301	371	641	SEA
1301	89	1250	SEA
1301	965	574	SDA
1306	27	75	SEA
1306	371	629	SEA
1306	89	1300	SEA
1306	965	545	SDA
1308	27	5	SEA
1308	371	552	SEA
1308	89	1288	SEA
1308	965	553	SDA
1312	27	13	SDA
1312	371	454	SDA
1312	89	910	SDA
1312	965	572	SDA
1319	27	19	SEA
1319	371	674	SEA
1319	89	897	SDA
1319	965	538	SEA
