363	102	553	SEA
363	374	477	SEA
363	85	549	SEA
385	102	392	SEA
385	374	766	SEA
385	85	370	SEA
392	102	286	SEA
392	374	616	SEA
392	85	208	SEA
408	102	390	SEA
408	374	689	SEA
408	85	883	SEA
409	102	356	SEA
409	374	702	SEA
409	85	886	SEA
421	102	498	SEA
421	374	483	SEA
421	85	686	SEA
422	102	502	SEA
422	374	427	SEA
422	85	633	SEA
435	102	704	SEA
435	374	580	SEA
435	85	836	SEA
439	102	648	SEA
439	374	607	SEA
439	85	901	SEA
448	102	307	SDA
448	374	519	SEA
448	85	553	SEA
450	102	244	SDA
450	374	616	SEA
450	85	505	SEA
458	102	671	SEA
458	374	581	SEA
458	85	791	SEA
463	102	565	SEA
463	374	622	SEA
463	85	877	SEA
494	102	229	SEA
494	374	644	SEA
494	85	438	SEA
512	102	516	SEA
512	374	227	SEA
512	85	377	SEA
520	102	417	SEA
520	374	658	SEA
520	85	308	SEA
529	102	694	SEA
529	374	569	SEA
529	85	464	SEA
531	102	696	SEA
531	374	558	SEA
531	85	450	SEA
541	102	820	SEA
541	374	718	SEA
541	85	293	SEA
543	102	825	SEA
543	374	696	SEA
543	85	296	SEA
549	102	801	SEA
549	374	732	SEA
549	85	437	SEA
554	102	766	SEA
554	374	907	SEA
554	85	341	SEA
568	102	411	SEA
568	374	917	SEA
568	85	619	SEA
593	102	269	SEA
593	374	723	SEA
593	85	768	SEA
596	102	87	SEA
596	374	778	SEA
596	85	796	SEA
606	102	551	SEA
606	374	969	SEA
606	85	775	SEA
607	102	584	SEA
607	374	676	SEA
607	85	747	SEA
610	102	623	SEA
610	374	688	SEA
610	85	621	SEA
615	102	516	SEA
615	374	765	SEA
615	85	710	SEA
623	102	518	SEA
623	374	637	SEA
623	85	666	SEA
624	102	513	SEA
624	374	362	SEA
624	85	656	SEA
629	102	249	SEA
629	374	455	SEA
629	85	765	SEA
630	102	249	SEA
630	374	455	SEA
630	85	765	SEA
637	102	607	SEA
637	374	707	SEA
637	85	854	SEA
654	102	804	SEA
654	374	776	SEA
654	85	675	SEA
667	102	820	SEA
667	374	768	SEA
667	85	619	SEA
692	102	638	SEA
692	374	615	SEA
692	85	875	SEA
694	102	691	SEA
694	374	612	SEA
694	85	862	SEA
710	102	477	SEA
710	374	685	SEA
710	85	750	SEA
718	102	358	SEA
718	374	795	SEA
718	85	883	SEA
720	102	369	SEA
720	374	711	SEA
720	85	977	SEA
727	102	45	SEA
727	374	662	SEA
729	102	40	SEA
729	374	673	SEA
751	102	619	SEA
751	374	821	SEA
757	102	570	SEA
757	374	736	SEA
760	102	548	SEA
760	374	718	SEA
765	102	727	SEA
765	374	786	SEA
770	102	787	SEA
770	374	581	SEA
770	85	1716	SEA
771	102	491	SEA
771	374	638	SEA
771	85	1657	SEA
772	102	491	SEA
772	374	638	SEA
772	85	1657	SEA
774	102	470	SEA
774	374	728	SEA
774	85	1718	SEA
778	102	466	SEA
778	374	658	SEA
778	85	889	SEA
791	102	530	SEA
791	374	772	SEA
791	85	915	SEA
798	102	548	SEA
798	374	753	SEA
798	85	950	SEA
801	102	558	SEA
801	374	698	SEA
801	85	973	SEA
804	102	498	SEA
804	374	718	SEA
804	85	959	SEA
808	102	664	SEA
808	374	648	SEA
808	85	1041	SEA
810	102	761	SEA
810	374	580	SEA
810	85	971	SEA
819	102	784	SEA
819	374	699	SEA
819	85	938	SEA
834	102	819	SEA
834	374	737	SEA
834	85	825	SEA
840	102	730	SEA
840	374	656	SDA
840	85	946	SEA
847	102	710	SEA
847	374	581	SEA
847	85	906	SEA
853	102	834	SEA
853	374	702	SEA
853	85	939	SEA
859	102	758	SEA
859	374	768	SEA
859	85	1088	SEA
863	102	975	SEA
863	374	708	SEA
863	85	1032	SEA
871	102	882	SEA
871	374	758	SEA
871	85	965	SEA
876	102	533	SEA
876	374	720	SEA
876	85	1046	SEA
887	102	348	SEA
887	374	726	SEA
887	85	1031	SEA
889	102	303	SEA
889	374	699	SEA
889	85	1031	SEA
893	102	712	SEA
893	374	704	SEA
893	85	1025	SEA
895	102	632	SEA
895	374	778	SEA
895	85	1036	SEA
901	102	612	SEA
901	374	746	SEA
901	85	1028	SEA
908	102	768	SEA
908	374	714	SEA
908	85	1108	SEA
918	102	778	SEA
918	374	780	SEA
918	85	1125	SEA
920	102	727	SEA
920	374	759	SEA
920	85	1166	SEA
922	102	699	SEA
922	374	812	SEA
922	85	1103	SEA
923	102	692	SEA
923	374	666	SEA
923	85	1117	SEA
924	102	743	SEA
924	374	696	SDA
924	85	1093	SEA
926	102	766	SEA
926	374	694	SEA
926	85	1093	SEA
932	102	662	SEA
932	374	679	SEA
932	85	1125	SEA
933	102	657	SEA
933	374	637	SEA
933	85	1171	SEA
936	102	678	SEA
936	374	664	SEA
936	85	1173	SEA
937	102	733	SEA
937	374	727	SEA
937	85	1117	SEA
940	102	957	SEA
940	374	682	SEA
940	85	933	SEA
941	102	938	SEA
941	374	659	SEA
941	85	919	SEA
943	102	978	SEA
943	374	655	SEA
943	85	943	SEA
944	102	923	SEA
944	374	677	SEA
944	85	882	SEA
950	102	966	SEA
950	374	730	SEA
950	85	866	SEA
952	102	987	SEA
952	374	903	SEA
952	85	1033	SEA
953	102	478	SEA
953	374	986	SEA
953	85	1013	SEA
965	102	373	SDA
965	374	599	SEA
965	85	691	SEA
967	102	397	SDA
967	374	576	SEA
967	85	697	SEA
972	102	609	SEA
972	374	489	SDA
972	85	757	SEA
986	102	540	SEA
986	374	755	SEA
986	85	961	SEA
987	102	560	SEA
987	374	755	SEA
987	85	915	SEA
989	102	590	SEA
989	374	783	SEA
989	85	858	SEA
992	102	565	SEA
992	374	870	SEA
992	85	547	SEA
1000	102	763	SEA
1000	374	593	SEA
1000	85	625	SEA
1006	102	769	SEA
1006	374	458	SEA
1006	85	539	SEA
1007	102	769	SEA
1007	374	458	SEA
1007	85	539	SEA
1008	102	759	SEA
1008	374	438	SEA
1008	85	549	SEA
1010	102	751	SEA
1010	374	425	SEA
1010	85	584	SEA
1013	102	980	SEA
1013	374	799	SEA
1013	85	433	SEA
1014	102	972	SEA
1014	374	824	SEA
1014	85	439	SEA
1016	102	988	SEA
1016	374	804	SEA
1016	85	345	SEA
1019	102	975	SEA
1019	374	800	SEA
1019	85	784	SEA
1023	102	984	SEA
1023	374	642	SEA
1023	85	769	SEA
1026	102	542	SEA
1026	374	653	SEA
1026	85	672	SEA
1028	102	559	SEA
1028	374	702	SEA
1028	85	692	SEA
1033	102	586	SEA
1033	374	627	SEA
1033	85	1038	SEA
1037	102	639	SEA
1037	374	724	SEA
1037	85	1073	SEA
1040	102	626	SEA
1040	374	752	SEA
1040	85	376	SEA
1042	102	590	SEA
1042	374	753	SEA
1042	85	539	SEA
1048	102	877	SEA
1048	374	695	SEA
1048	85	559	SEA
1049	102	892	SEA
1049	374	671	SEA
1049	85	574	SEA
1051	102	824	SEA
1051	374	712	SEA
1051	85	551	SEA
1053	102	855	SEA
1053	374	700	SEA
1053	85	557	SEA
1057	102	887	SEA
1057	374	680	SEA
1057	85	671	SEA
1059	102	845	SEA
1059	374	663	SEA
1059	85	604	SEA
1063	102	747	SEA
1063	374	727	SEA
1063	85	658	SEA
1064	102	749	SEA
1064	374	724	SEA
1064	85	686	SEA
1067	102	729	SEA
1067	374	573	SDA
1067	85	587	SEA
1069	102	688	SEA
1069	374	625	SDA
1069	85	599	SEA
1071	102	669	SEA
1071	374	466	SEA
1071	85	559	SEA
1074	102	530	SEA
1074	374	494	SEA
1074	85	552	SEA
1075	102	554	SEA
1075	374	470	SEA
1075	85	490	SEA
1090	102	1285	SEA
1090	374	307	SDA
1090	85	576	SDA
1093	102	1019	SEA
1093	374	296	SEA
1093	85	637	SDA
1099	102	762	SEA
1099	374	367	SEA
1099	85	619	SEA
1103	102	815	SEA
1103	374	787	SEA
1103	85	103	SDA
1105	102	819	SEA
1105	374	761	SEA
1105	85	97	SDA
1108	102	811	SEA
1108	374	245	LSD
1108	85	125	SDA
1112	102	479	SEA
1112	374	276	SDA
1112	85	139	SEA
1119	102	432	SEA
1119	374	311	SEA
1119	85	757	SDA
1127	102	743	SEA
1127	374	625	SEA
1127	85	992	SDA
1130	102	1087	SEA
1130	374	722	SEA
1130	85	1122	SEA
1132	102	1065	SEA
1132	374	728	SEA
1132	85	565	SDA
1136	102	1087	SEA
1136	374	352	SEA
1136	85	531	SDA
1140	102	980	SEA
1140	374	428	SEA
1140	85	545	SDA
1146	102	294	SEA
1146	374	529	SEA
1146	85	464	SDA
1149	102	379	SEA
1149	374	323	SEA
1149	85	884	SEA
1153	102	382	SEA
1153	374	396	SEA
1153	85	987	SEA
1154	102	325	SEA
1154	374	314	SEA
1154	85	1000	SEA
1157	102	948	SEA
1157	374	660	SEA
1157	85	497	SDA
1164	102	598	SEA
1164	374	480	SEA
1164	85	949	SDA
1168	102	618	SEA
1168	374	374	SEA
1168	85	1136	SEA
1181	102	753	SEA
1181	374	631	SEA
1181	85	840	SDA
1183	102	679	SEA
1183	374	540	SEA
1183	85	924	SDA
1188	102	615	SEA
1188	374	545	SEA
1188	85	1021	SDA
1190	102	607	SEA
1190	374	566	SEA
1190	85	1040	SDA
1200	102	674	SEA
1200	374	807	SEA
1200	85	932	SDA
1205	102	663	SEA
1205	374	176	SEA
1205	85	1048	SEA
1209	102	837	SEA
1209	374	226	SEA
1209	85	1067	SEA
1210	102	858	SEA
1210	374	241	SEA
1210	85	995	SEA
1214	102	805	SEA
1214	374	219	SEA
1214	85	1036	SEA
1228	102	1075	SEA
1228	374	729	SEA
1228	85	1046	SEA
1239	102	138	SEA
1239	374	797	SEA
1239	85	1105	SEA
1240	102	123	SEA
1240	374	756	SEA
1240	85	1076	SEA
1243	102	124	SEA
1243	374	845	SEA
1243	85	1102	SEA
1248	102	40	SEA
1248	374	578	SDA
1248	85	1077	SEA
1252	102	399	SEA
1252	374	441	SEA
1252	85	1065	SEA
1255	102	653	SEA
1255	374	485	SEA
1255	85	1075	SEA
1257	102	695	SEA
1257	374	489	SEA
1257	85	1110	SEA
1264	102	938	SEA
1264	374	820	SEA
1264	85	1172	SEA
1265	102	961	SEA
1265	374	841	SEA
1265	85	1047	SEA
1275	102	601	SEA
1275	374	840	SEA
1275	85	1006	SEA
1278	102	510	SEA
1278	374	831	SEA
1278	85	1030	SEA
1280	102	547	SEA
1280	374	810	SEA
1280	85	1069	SEA
1284	102	473	SEA
1284	374	644	SDA
1284	85	975	SEA
1295	102	891	SEA
1295	374	510	SEA
1295	85	1177	SEA
1296	102	891	SEA
1296	374	510	SEA
1296	85	1177	SEA
1301	102	676	SEA
1301	374	1051	SEA
1301	85	1233	SEA
1306	102	553	SEA
1306	374	723	SEA
1306	85	966	SEA
1308	102	514	SEA
1308	374	694	SDA
1308	85	990	SEA
1312	102	1321	SEA
1312	374	1558	SEA
1312	85	987	SEA
1319	102	1325	SEA
1319	374	593	SEA
1319	85	1126	SEA
