363	102	425	SEA
385	102	531	SEA
408	102	898	SEA
409	102	849	SEA
421	102	451	SEA
422	102	457	SEA
435	102	555	SEA
439	102	562	SEA
448	102	705	SEA
453	102	693	SEA
458	102	209	SEA
463	102	342	SEA
494	102	523	SEA
507	102	742	SEA
512	102	498	SEA
520	102	478	SEA
529	102	714	SEA
543	102	1267	SEA
549	102	643	SEA
554	102	701	SEA
568	102	411	SEA
578	102	368	SEA
593	102	589	SEA
606	102	294	SEA
607	102	291	SEA
629	102	927	SEA
637	102	447	SEA
694	102	541	SEA
710	102	665	SEA
720	102	355	SEA
727	102	458	SEA
729	102	551	SEA
749	102	640	SEA
751	102	653	SEA
757	102	753	SEA
760	102	466	SEA
761	102	464	SEA
765	102	527	SEA
768	102	551	SEA
770	102	545	SEA
771	102	578	SEA
772	102	578	SEA
774	102	589	SEA
778	102	479	SEA
791	102	858	SEA
798	102	829	SEA
801	102	812	SEA
804	102	871	SEA
808	102	892	SEA
810	102	866	SEA
819	102	509	SEA
834	102	830	SEA
840	102	707	SEA
847	102	778	SEA
853	102	481	SEA
859	102	551	SEA
863	102	430	SEA
871	102	749	SEA
876	102	500	SEA
887	102	730	SEA
889	102	704	SEA
893	102	747	SEA
895	102	773	SEA
901	102	622	SEA
908	102	734	SEA
918	102	680	SEA
920	102	643	SEA
922	102	957	SEA
923	102	946	SEA
924	102	987	SEA
926	102	929	SEA
932	102	522	SEA
933	102	498	SEA
936	102	501	SEA
937	102	532	SEA
940	102	471	SEA
941	102	444	SEA
943	102	413	SEA
944	102	443	SEA
950	102	520	SEA
952	102	527	SEA
953	102	542	SEA
965	102	145	SEA
967	102	206	SEA
972	102	213	SEA
986	102	744	SEA
987	102	972	SEA
989	102	1006	SEA
992	102	1107	SEA
1000	102	393	SEA
1006	102	379	SEA
1007	102	379	SEA
1008	102	426	SEA
1010	102	496	SEA
1013	102	486	SEA
1014	102	589	SEA
1016	102	530	SEA
1019	102	571	SEA
1023	102	587	SEA
1026	102	838	SEA
1028	102	854	SEA
1033	102	782	SEA
1037	102	704	SEA
1040	102	775	SEA
1042	102	766	SEA
1048	102	815	SEA
1049	102	230	SEA
1051	102	331	SEA
1053	102	307	SEA
1057	102	330	SEA
1059	102	327	SEA
1063	102	1155	SEA
1064	102	1127	SEA
1067	102	1179	SEA
1069	102	705	SEA
1071	102	732	SEA
1074	102	718	SEA
1075	102	689	SEA
1090	102	640	SEA
1093	102	581	SEA
1099	102	392	SEA
1103	102	559	SEA
1105	102	485	SEA
1108	102	1145	SEA
1112	102	1146	SEA
1119	102	377	SDA
1127	102	476	SEA
1130	102	333	SEA
1132	102	296	SEA
1136	102	356	SEA
1140	102	711	SEA
1146	102	717	SEA
1149	102	709	SEA
1153	102	598	SEA
1154	102	586	SEA
1157	102	1060	SEA
1164	102	1091	SEA
1168	102	182	SEA
1181	102	319	SEA
1183	102	454	SEA
1188	102	1009	SEA
1190	102	1018	SEA
1200	102	949	SEA
1205	102	1083	SEA
1209	102	1083	SEA
1210	102	1160	SEA
1214	102	24	SEA
1228	102	175	SEA
1239	102	969	SEA
1240	102	938	SEA
1243	102	932	SEA
1248	102	832	SEA
1252	102	748	SEA
1255	102	705	SEA
1257	102	683	SEA
1264	102	636	SEA
1265	102	518	SEA
1275	102	1052	SEA
1278	102	1077	SEA
1279	102	1077	SEA
1280	102	1126	SEA
1284	102	1062	SEA
1289	102	914	SEA
1295	102	976	SEA
1296	102	976	SEA
1301	102	789	SEA
1306	102	752	SEA
1308	102	698	SEA
1312	102	680	SEA
1319	102	670	SEA
