363	100	634	SEA
363	135	457	SEA
363	154	404	SEA
363	155	911	SEA
363	61	795	SEA
363	62	706	SEA
363	65	1079	SEA
408	100	555	SEA
408	135	375	SEA
408	154	938	SEA
408	155	698	SEA
408	61	503	SEA
408	62	622	SEA
408	64	683	SEA
408	65	708	SEA
409	100	557	SDA
409	135	347	SEA
409	154	1015	SEA
409	155	667	SEA
409	61	415	SEA
409	62	630	SEA
409	64	685	SEA
409	65	780	SEA
421	100	369	SEA
421	135	935	SEA
421	154	1035	SEA
421	155	649	SEA
421	61	581	SEA
421	62	690	SEA
421	64	598	SEA
421	65	1035	SEA
422	100	379	SEA
422	135	866	SEA
422	154	1029	SEA
422	155	639	SEA
422	61	665	SEA
422	62	731	SEA
422	64	623	SEA
422	65	1029	SEA
435	100	278	SDA
435	135	238	SEA
435	154	251	SEA
435	155	618	SDA
435	61	755	SEA
435	62	915	SEA
435	64	695	SEA
435	65	372	SEA
439	100	433	SDA
439	135	141	SEA
439	154	67	SEA
439	155	508	SDA
439	61	782	SEA
439	62	198	SDA
439	64	602	SEA
439	65	394	SEA
448	100	336	SEA
448	100A	2090	SDA
448	135	222	SEA
448	154	371	SEA
448	155	795	SDA
448	61	730	SEA
448	62	311	SEA
448	64	707	SEA
448	65	825	SEA
458	100	571	SDA
458	100A	900	SEA
458	135	639	SEA
458	154	636	SEA
458	155	359	SDA
458	61	436	SEA
458	62	495	SEA
458	64	666	SDA
458	65	993	SEA
463	100	340	SEA
463	100A	900	SEA
463	135	773	SDA
463	154	68	SEA
463	155	485	SDA
463	61	480	SEA
463	62	548	SEA
463	64	573	SEA
463	65	1088	SEA
494	100	551	SEA
494	135	606	SDA
494	154	764	SEA
494	155	583	SEA
494	61	763	SEA
494	62	575	SDA
494	64	1114	SDA
494	65	903	SEA
529	100	470	SDA
529	135	455	SDA
529	154	513	SDA
529	155	77	SEA
529	61	972	SEA
529	62	519	SEA
529	64	1765	SDA
529	65	1597	SEA
543	100	540	SDA
543	135	858	SEA
543	154	1430	SDA
543	155	635	SEA
543	61	617	SEA
543	62	450	SEA
543	64	1241	SEA
543	65	238	SEA
549	100	535	SEA
549	135	926	SDA
549	154	1452	SDA
549	155	578	SEA
549	61	540	SEA
549	62	509	SEA
549	64	1179	SEA
549	65	215	SEA
554	100	466	SEA
554	135	111	SEA
554	154	67	SEA
554	155	553	SEA
554	61	538	SEA
554	62	161	SEA
554	64	1323	SEA
554	65	212	SEA
568	100	540	SEA
568	135	13	SEA
568	154	20	SEA
568	155	1327	SEA
568	61	299	SEA
568	62	217	SEA
568	64	801	SEA
568	65	641	SEA
593	100	621	SDA
593	135	295	SEA
593	154	2115	SEA
593	155	432	SEA
593	61	596	SEA
593	62	206	SEA
593	64	197	SEA
593	65	701	SEA
606	100	778	SDA
606	135	394	SEA
606	154	969	SEA
606	155	793	SEA
606	61	810	SEA
606	62	110	SEA
606	64	19	SEA
606	65	616	SEA
607	100	762	SEA
607	135	424	SEA
607	154	1087	SEA
607	155	821	SEA
607	61	791	SEA
607	62	41	SEA
607	64	48	SEA
607	65	549	SEA
629	100	547	SDA
629	135	608	SEA
629	154	1035	SEA
629	155	599	SEA
629	61	213	SEA
629	62	511	SEA
629	64	1027	SEA
629	65	476	SEA
637	100	721	SEA
637	135	481	SEA
637	154	200	SEA
637	155	835	SEA
637	61	644	SEA
637	62	443	SEA
637	64	1036	SEA
637	65	509	SEA
654	100	750	SEA
654	135	565	SEA
654	154	112	SEA
654	155	879	SEA
654	61	1476	SEA
654	62	458	SEA
654	64	693	SEA
654	65	571	SEA
694	100	455	SEA
694	135	604	SEA
694	154	376	SEA
694	155	664	SEA
694	61	555	SEA
694	62	913	SEA
694	64	1543	SEA
694	65	722	SEA
710	100	543	SEA
710	135	751	SEA
710	154	135	SEA
710	155	854	SEA
710	61	1628	SEA
710	62	885	SEA
710	64	1256	SEA
710	65	1008	SEA
727	100	426	SEA
727	135	556	SEA
727	154	367	SEA
727	155	1020	SEA
727	61	855	SEA
727	62	886	SEA
727	64	1294	SEA
727	65	667	SEA
729	100	498	SEA
729	135	504	SEA
729	154	374	SEA
729	155	1020	SEA
729	61	798	SEA
729	62	861	SEA
729	64	1304	SEA
729	65	406	SEA
751	100	463	SEA
751	135	19	SEA
751	154	785	SEA
751	155	1006	SEA
751	61	1164	SEA
751	62	887	SEA
751	64	793	SEA
751	65	1035	SEA
757	100	585	SEA
757	135	1008	SEA
757	154	558	SEA
757	155	1073	SEA
757	61	1031	SEA
757	62	1032	SEA
757	64	1023	SEA
757	65	1019	SEA
760	100	424	SEA
760	135	446	SEA
760	154	570	SEA
760	155	804	SEA
760	61	1075	SEA
760	62	643	SEA
760	64	939	SEA
760	65	977	SEA
765	100	373	SEA
765	135	358	SEA
765	154	457	SEA
765	155	816	SEA
765	61	1068	SEA
765	62	473	SEA
765	64	932	SEA
765	65	1074	SEA
768	100	458	SDA
768	135	351	SEA
768	154	437	SEA
768	155	857	SEA
768	61	1004	SEA
768	62	456	SEA
768	64	706	SEA
768	65	1001	SEA
770	100	459	SDA
770	135	319	SEA
770	154	767	SEA
770	155	921	SEA
770	61	558	SEA
770	62	384	SEA
770	64	758	SEA
770	65	221	SEA
771	100	490	SDA
771	135	291	SEA
771	154	717	SEA
771	155	958	SEA
771	61	606	SEA
771	62	367	SEA
771	64	672	SEA
771	65	168	SEA
772	100	490	SDA
772	135	291	SEA
772	154	717	SEA
772	155	958	SEA
772	61	606	SEA
772	62	367	SEA
772	64	672	SEA
772	65	168	SEA
774	100	751	SEA
774	135	243	SEA
774	154	767	SEA
774	155	1078	SEA
774	61	677	SEA
774	62	337	SEA
774	64	672	SEA
774	65	231	SEA
778	100	639	SDA
778	135	666	SEA
778	154	1780	SEA
778	155	864	SEA
778	61	636	SEA
778	62	1165	SEA
778	64	555	SEA
778	65	316	SEA
791	100	690	SEA
791	135	851	SEA
791	154	807	SEA
791	155	670	SDA
791	61	674	SEA
791	62	668	SEA
791	64	1260	SEA
791	65	1284	SEA
798	100	725	SDA
798	135	728	SEA
798	154	824	SEA
798	155	719	SDA
798	61	540	SEA
798	62	517	SEA
798	64	479	SEA
798	65	699	SEA
801	100	599	SEA
801	135	709	SDA
801	154	804	SEA
801	155	714	SDA
801	61	614	SEA
801	62	485	SEA
801	64	519	SEA
801	65	658	SEA
804	100	379	SEA
804	135	586	SDA
804	154	794	SDA
804	155	473	SEA
804	61	573	SEA
804	62	481	SEA
804	64	418	SEA
804	65	758	SEA
808	100	1560	SEA
808	135	1260	SEA
808	154	757	SEA
808	155	332	SDA
808	61	1715	SEA
808	62	564	SEA
808	64	377	SEA
808	65	758	SEA
810	100	1559	SEA
810	135	1248	SEA
810	154	782	SEA
810	155	193	SDA
810	61	1844	SEA
810	62	864	SEA
810	64	374	SEA
810	65	678	SEA
819	100	244	SEA
819	135	179	SDA
819	154	802	SDA
819	155	717	SEA
819	61	161	SEA
819	62	705	SEA
819	64	1166	SEA
819	65	1101	SEA
834	100	583	SEA
834	135	151	SDA
834	154	147	SEA
834	155	615	SDA
834	61	124	SEA
834	62	859	LSD
834	64	776	SEA
834	65	627	SEA
840	100	436	SEA
840	135	115	SDA
840	154	1145	SEA
840	155	688	SDA
840	61	116	SEA
840	62	865	SEA
840	64	701	SEA
840	65	772	SEA
847	100	504	SDA
847	135	637	SEA
847	154	415	SDA
847	155	749	SDA
847	61	108	SEA
847	62	802	SEA
847	64	1305	SEA
847	65	693	SEA
853	100	620	SEA
853	135	410	SDA
853	154	498	SDA
853	155	809	SDA
853	61	158	SDA
853	62	678	SEA
853	64	1347	SEA
853	65	1031	SEA
859	100	607	SDA
859	135	299	SEA
859	154	478	SEA
859	155	708	SEA
859	61	148	SEA
859	62	604	SEA
859	64	1499	SEA
859	65	947	SEA
863	100	569	SDA
863	135	1473	SEA
863	154	489	SEA
863	155	663	SDA
863	61	12	SEA
863	62	573	SEA
863	64	1435	SEA
863	65	977	SEA
871	100	260	SEA
871	135	613	SEA
871	154	1679	SEA
871	155	602	SDA
871	61	244	SEA
871	62	791	SEA
871	64	1956	SEA
871	65	1037	SEA
876	100	309	SDA
876	135	894	SEA
876	154	42	SEA
876	155	1137	SEA
876	61	1141	SEA
876	62	1562	SEA
876	64	2016	SEA
876	65	1050	SEA
887	100	186	SEA
887	135	1197	SEA
887	154	6	SEA
887	155	491	SDA
887	61	837	SEA
887	62	466	SEA
887	64	703	SEA
887	65	135	SEA
889	100	175	SDA
889	135	1132	SEA
889	154	14	SEA
889	155	455	SDA
889	61	872	SEA
889	62	361	SEA
889	64	707	SEA
889	65	184	SEA
893	100	222	SDA
893	135	149	SEA
893	154	97	SEA
893	155	424	SDA
893	61	718	SEA
893	62	376	SEA
893	64	660	SEA
893	65	153	SEA
895	100	94	SEA
895	135	189	SEA
895	154	106	SEA
895	155	434	SDA
895	61	633	SEA
895	62	357	SEA
895	64	628	SEA
895	65	163	SEA
901	100	331	SEA
901	135	210	SEA
901	154	36	SEA
901	155	472	SEA
901	61	670	SEA
901	62	312	SEA
901	64	590	SEA
901	65	551	SEA
908	100	569	SEA
908	135	646	SEA
908	154	1291	SEA
908	155	452	SEA
908	61	1423	SEA
908	62	259	SEA
908	64	747	SEA
908	65	586	SEA
918	100	328	SEA
918	135	840	SEA
918	154	1336	SEA
918	155	742	SEA
918	61	452	SEA
918	62	592	SEA
918	64	1922	SEA
918	65	817	SEA
920	100	318	SEA
920	135	797	SEA
920	154	1355	SEA
920	155	741	SEA
920	61	329	SEA
920	62	546	SEA
920	64	1927	SEA
920	65	809	SEA
922	100	625	SDA
922	135	414	SEA
922	154	1391	SEA
922	155	700	SEA
922	61	282	SEA
922	62	489	SEA
922	64	1922	SEA
922	65	760	SEA
923	100	624	SDA
923	135	468	SEA
923	154	1335	SEA
923	155	709	SEA
923	61	267	SEA
923	62	433	SEA
923	64	1862	SEA
923	65	760	SEA
924	100	752	SEA
924	135	347	SEA
924	154	271	SDA
924	155	856	SEA
924	61	269	SEA
924	62	418	SEA
924	64	7	SEA
924	65	761	SEA
926	100	337	SEA
926	135	356	SEA
926	154	226	SDA
926	155	989	SEA
926	61	273	SEA
926	62	485	SEA
926	64	51	SEA
926	65	790	SEA
932	100	406	SEA
932	135	390	SEA
932	154	250	SDA
932	155	1446	SEA
932	61	394	SEA
932	62	394	SEA
932	64	37	SEA
932	65	740	SEA
933	100	430	SEA
933	135	423	SDA
933	154	234	SDA
933	155	252	SEA
933	61	352	SEA
933	62	445	SEA
933	64	7	SEA
933	65	695	SEA
936	100	423	SEA
936	135	389	SEA
936	154	213	SDA
936	155	26	SEA
936	61	349	SEA
936	62	395	SEA
936	64	11	SEA
936	65	721	SEA
937	100	431	SEA
937	135	1070	SEA
937	154	254	SEA
937	155	25	SEA
937	61	717	SEA
937	62	442	SEA
937	64	31	SEA
937	65	758	SEA
940	100	518	SEA
940	135	989	SEA
940	154	247	SEA
940	155	210	SEA
940	61	706	SEA
940	62	353	SEA
940	64	100	SEA
940	65	326	SEA
941	100	484	SEA
941	135	1039	SEA
941	154	234	SEA
941	155	272	SEA
941	61	703	SEA
941	62	355	SEA
941	64	57	SEA
941	65	224	SEA
943	100	505	SEA
943	135	1020	SEA
943	154	188	SEA
943	155	350	SEA
943	61	697	SEA
943	62	302	SEA
943	64	121	SEA
943	65	318	SEA
944	100	558	SEA
944	135	988	SEA
944	154	219	SEA
944	155	395	SEA
944	61	595	SEA
944	62	873	SEA
944	64	83	SEA
944	65	310	SEA
950	100	111	SDA
950	135	786	SEA
950	154	439	SEA
950	155	751	SEA
950	61	490	SEA
950	62	265	SEA
950	64	143	SEA
950	65	219	SEA
952	100	189	SDA
952	135	756	SEA
952	154	409	SEA
952	155	802	SEA
952	61	618	SEA
952	62	258	SEA
952	64	126	SEA
952	65	286	SEA
953	100	204	SEA
953	135	714	SEA
953	154	416	SEA
953	155	756	SEA
953	61	593	SEA
953	62	268	SEA
953	64	106	SEA
953	65	224	SEA
965	100	603	SEA
965	135	659	SEA
965	154	459	SEA
965	155	903	SEA
965	61	676	SEA
965	62	827	SEA
965	64	794	SEA
965	65	440	SEA
967	100	137	SEA
967	135	674	SEA
967	154	448	SEA
967	155	860	SEA
967	61	1105	SEA
967	62	161	SEA
967	64	852	SEA
967	65	481	SEA
972	100	35	SDA
972	135	706	SEA
972	154	824	SEA
972	155	855	SEA
972	61	1099	SEA
972	62	140	SEA
972	64	864	SEA
972	65	448	SEA
986	100	375	SEA
986	135	769	SEA
986	154	146	SEA
986	155	307	SEA
986	61	640	SEA
986	62	666	SEA
986	64	845	SEA
986	65	651	SEA
987	100	390	SEA
987	135	773	SEA
987	154	130	SEA
987	155	317	SEA
987	61	615	SEA
987	62	677	SEA
987	64	651	SEA
987	65	388	SEA
989	100	339	SEA
989	135	772	SEA
989	154	104	SEA
989	155	355	SEA
989	61	629	SEA
989	62	676	SEA
989	64	634	SEA
989	65	505	SEA
992	100	370	SEA
992	135	783	SEA
992	154	164	SEA
992	155	404	SEA
992	61	627	SEA
992	62	629	SEA
992	64	612	SEA
992	65	526	SEA
1000	100	238	SEA
1000	135	648	SEA
1000	154	363	SEA
1000	155	576	SDA
1000	61	987	SEA
1000	62	441	SEA
1000	64	716	SEA
1000	65	700	SEA
1006	100	352	SDA
1006	135	651	SEA
1006	154	650	SEA
1006	155	452	SEA
1006	61	992	SEA
1006	62	432	SEA
1006	64	1551	SEA
1006	65	1118	SEA
1007	100	352	SDA
1007	135	651	SEA
1007	154	650	SEA
1007	155	452	SEA
1007	61	992	SEA
1007	62	432	SEA
1007	64	1551	SEA
1007	65	1118	SEA
1008	100	370	SEA
1008	135	655	SEA
1008	154	708	SEA
1008	155	802	SEA
1008	61	1021	SEA
1008	62	403	SEA
1008	64	1569	SEA
1008	65	1140	SEA
1010	100	380	SEA
1010	135	527	SEA
1010	154	720	SEA
1010	155	773	SEA
1010	62	362	SEA
1010	64	1610	SEA
1010	65	1158	SEA
1013	100	473	SEA
1013	135	680	SEA
1013	154	544	SEA
1013	155	807	SEA
1013	62	328	SEA
1013	64	1617	SEA
1013	65	1078	SEA
1014	100	490	SEA
1014	135	681	SEA
1014	154	476	SEA
1014	155	772	SEA
1014	62	253	SEA
1014	64	78	SEA
1014	65	1029	SEA
1016	100	452	SEA
1016	135	646	SEA
1016	154	385	SEA
1016	155	788	SDA
1016	62	277	SEA
1016	64	201	SEA
1016	65	475	SEA
1019	100	372	SEA
1019	135	656	SEA
1019	154	313	SEA
1019	155	806	SDA
1019	62	443	SEA
1019	64	217	SEA
1019	65	475	SEA
1023	100	362	SEA
1023	135	673	SEA
1023	154	282	SEA
1023	155	733	SDA
1023	62	544	SEA
1023	64	56	SEA
1023	65	476	SEA
1026	100	573	SEA
1026	135	730	SEA
1026	154	1093	SEA
1026	155	711	SDA
1026	62	584	SEA
1026	64	113	SEA
1026	65	511	SEA
1028	100	678	SEA
1028	135	963	SEA
1028	154	874	SEA
1028	155	814	SEA
1028	62	554	SEA
1028	64	99	SEA
1028	65	518	SEA
1033	100	539	SEA
1033	135	1119	SEA
1033	154	407	SEA
1033	155	767	SEA
1033	61	311	SDA
1033	62	453	SEA
1033	64	37	SEA
1033	65	1639	SEA
1037	100	360	SDA
1037	135	1500	SEA
1037	154	478	SEA
1037	155	689	SEA
1037	61	334	SDA
1037	62	497	SEA
1037	64	53	SEA
1037	65	1622	SEA
1040	100	265	SDA
1040	135	1608	SEA
1040	154	499	SEA
1040	155	671	SEA
1040	61	429	SDA
1040	62	1097	SEA
1040	64	5	SEA
1040	65	869	SEA
1042	100	265	SEA
1042	135	723	SEA
1042	154	607	SEA
1042	155	737	SEA
1042	61	373	SDA
1042	62	1075	SEA
1042	65	953	SEA
1048	100	561	SDA
1048	135	536	SEA
1048	154	639	SEA
1048	155	1158	SEA
1048	61	317	SEA
1048	62	522	SEA
1048	65	878	SEA
1049	100	632	SDA
1049	135	512	SEA
1049	154	606	SEA
1049	155	1168	SEA
1049	61	374	SEA
1049	62	497	SEA
1049	65	931	SEA
1051	100	582	SDA
1051	135	543	SEA
1051	154	560	SEA
1051	155	1147	SEA
1051	61	267	SEA
1051	62	474	SEA
1051	65	905	SEA
1053	100	492	SDA
1053	135	575	SEA
1053	154	942	SDA
1053	155	1101	SEA
1053	61	222	SEA
1053	62	485	SEA
1053	65	903	SEA
1057	100	657	SDA
1057	100A	1500	SEA
1057	135	618	SEA
1057	154	966	SEA
1057	155	859	SEA
1057	61	228	SEA
1057	62	577	SEA
1057	65	888	SEA
1059	100	697	SDA
1059	100A	1500	SEA
1059	135	522	SEA
1059	154	857	SDA
1059	155	892	SDA
1059	61	339	SEA
1059	62	424	SEA
1059	65	959	SEA
1063	100	1185	SEA
1063	100A	1427	SEA
1063	135	673	SEA
1063	154	695	SEA
1063	155	831	SDA
1063	61	255	SEA
1063	62	386	SEA
1063	65	928	SEA
1064	100	1170	SEA
1064	100A	1439	SEA
1064	135	1408	SEA
1064	154	669	SEA
1064	155	874	SDA
1064	61	286	SEA
1064	62	354	SEA
1064	65	755	SEA
1067	100	1188	SDA
1067	100A	1387	SEA
1067	135	1304	SEA
1067	154	714	SDA
1067	155	869	SEA
1067	61	306	SEA
1067	62	520	SEA
1067	64	536	SDA
1067	65	778	SEA
1069	100	1175	SDA
1069	100A	1360	SEA
1069	135	1299	SEA
1069	154	709	SDA
1069	155	793	SEA
1069	61	325	SEA
1069	62	559	SEA
1069	64	622	SDA
1069	65	837	SEA
1071	100	672	SDA
1071	100A	1336	SEA
1071	135	1366	SEA
1071	154	642	SDA
1071	155	838	SEA
1071	61	187	SEA
1071	62	855	SEA
1071	64	613	SDA
1071	65	849	SEA
1074	100	416	SEA
1074	100A	1330	SEA
1074	135	1127	SEA
1074	154	599	SDA
1074	155	798	SDA
1074	61	1651	SEA
1074	62	809	SEA
1074	64	693	SEA
1074	65	841	SEA
1075	100	381	SEA
1075	100A	1341	SEA
1075	135	527	SEA
1075	154	619	SDA
1075	155	705	SDA
1075	61	1626	SEA
1075	62	835	SEA
1075	64	731	SEA
1075	65	832	SEA
1090	100	741	SEA
1090	100A	1313	SEA
1090	135	975	SEA
1090	154	806	SEA
1090	155	826	SEA
1090	61	1615	SEA
1090	62	290	SEA
1090	64	732	SEA
1090	65	503	SEA
1093	100	680	SEA
1093	100A	1369	SEA
1093	135	874	SDA
1093	154	200	SEA
1093	155	816	SDA
1093	61	547	SEA
1093	62	348	SEA
1093	64	737	SEA
1093	65	549	SEA
1099	100	509	SEA
1099	100A	1325	SEA
1099	135	794	SEA
1099	154	68	SEA
1099	155	794	SDA
1099	61	516	SEA
1099	62	518	SEA
1099	64	694	SEA
1099	65	579	SEA
1103	100	478	SDA
1103	100A	960	SEA
1103	135	729	SEA
1103	154	50	SEA
1103	155	801	SDA
1103	61	457	SEA
1103	62	475	SEA
1103	64	672	SEA
1103	65	907	SEA
1105	100	456	SDA
1105	100A	960	SEA
1105	135	834	SEA
1105	154	60	SEA
1105	155	901	SDA
1105	61	403	SEA
1105	62	562	SEA
1105	64	684	SEA
1105	65	895	SEA
1108	100	872	SDA
1108	100A	959	SEA
1108	135	815	SEA
1108	154	875	SEA
1108	155	637	SDA
1108	61	254	SEA
1108	62	557	SEA
1108	64	686	SDA
1108	65	438	SEA
1112	100	513	SDA
1112	100A	901	SEA
1112	135	655	SDA
1112	154	203	SDA
1112	155	697	SDA
1112	61	310	SDA
1112	62	609	SEA
1112	64	1194	SDA
1112	65	320	SEA
1119	100	464	SDA
1119	100A	800	SEA
1119	135	698	SEA
1119	154	285	SDA
1119	155	684	SDA
1119	61	452	SDA
1119	62	544	SEA
1119	64	1343	SEA
1119	65	453	SEA
1127	100	405	SEA
1127	100A	839	SEA
1127	135	1001	SEA
1127	154	852	SEA
1127	155	877	SEA
1127	61	1422	SEA
1127	62	360	SEA
1127	64	571	SDA
1127	65	1452	SEA
1130	100	12	SDA
1130	100A	600	SEA
1130	135	936	SDA
1130	154	808	SEA
1130	155	737	SDA
1130	61	88	SEA
1130	62	390	SEA
1130	64	591	SDA
1130	65	1353	SEA
1132	100	12	SDA
1132	100A	600	SEA
1132	135	1068	SEA
1132	154	789	SEA
1132	155	752	SDA
1132	61	76	SEA
1132	62	358	SEA
1132	64	596	SDA
1132	65	1317	SEA
1136	100	42	SDA
1136	100A	600	SEA
1136	135	733	SEA
1136	154	47	SDA
1136	155	790	SDA
1136	61	168	SEA
1136	62	514	SEA
1136	62A	1732	SEA
1136	64	646	SDA
1136	65	203	SDA
1140	100	208	SDA
1140	100A	600	SEA
1140	135	642	SEA
1140	154	79	SDA
1140	155	919	SEA
1140	61	95	SEA
1140	62	591	SEA
1140	62A	1769	SEA
1140	64	670	SEA
1140	65	239	SDA
1146	100	346	SDA
1146	100A	503	SEA
1146	135	851	SDA
1146	154	94	SDA
1146	155	702	SDA
1146	61	88	SEA
1146	62	637	SEA
1146	62A	1844	SEA
1146	64	1029	SDA
1146	65	227	SDA
1149	100	476	SDA
1149	100A	440	SEA
1149	135	774	SEA
1149	154	62	SDA
1149	155	1409	SDA
1149	61	40	SEA
1149	62	1233	SEA
1149	64	1046	SDA
1149	65	140	SDA
1153	100	480	SEA
1153	100A	629	SEA
1153	135	422	SEA
1153	154	593	SEA
1153	155	1320	SDA
1153	61	1126	SEA
1153	62	1291	SEA
1153	64	1101	SEA
1153	65	203	SDA
1154	100	293	SEA
1154	100A	2128	SEA
1154	135	469	SEA
1154	154	536	SEA
1154	155	1278	SDA
1154	61	1175	SEA
1154	62	1291	SEA
1154	64	1115	SEA
1154	65	242	SDA
1157	100	280	SEA
1157	100A	2111	SEA
1157	135	393	SEA
1157	154	550	SEA
1157	155	1225	SDA
1157	61	1226	SEA
1157	62	1377	SEA
1157	64	933	SDA
1157	65	462	SEA
1164	100	205	SEA
1164	135	294	SEA
1164	154	84	SEA
1164	155	804	SEA
1164	61	1144	SEA
1164	62	395	SEA
1164	64	711	SDA
1164	65	695	SEA
1168	100	408	SEA
1168	135	658	SEA
1168	154	101	SEA
1168	155	770	SEA
1168	61	1134	SEA
1168	62	360	SEA
1168	64	752	SDA
1168	65	729	SEA
1181	100	522	SEA
1181	135	940	SEA
1181	154	967	SEA
1181	155	957	SDA
1181	61	966	SEA
1181	62	676	SEA
1181	64	1381	SDA
1181	65	579	SEA
1183	100	485	SDA
1183	135	953	SEA
1183	154	1005	SEA
1183	155	881	SDA
1183	61	1022	SEA
1183	62	725	SEA
1183	64	1400	SEA
1183	65	573	SEA
1188	100	585	SEA
1188	135	960	SEA
1188	154	992	SEA
1188	155	800	SEA
1188	61	556	SDA
1188	62	320	SEA
1188	64	222	SEA
1188	65	713	SEA
1190	100	631	SEA
1190	135	911	SEA
1190	154	961	SEA
1190	155	735	SEA
1190	61	429	SDA
1190	62	372	SEA
1190	64	320	SEA
1190	65	752	SEA
1200	100	854	SEA
1200	135	641	SEA
1200	154	47	SEA
1200	155	1406	SEA
1200	61	371	SEA
1200	62	726	SEA
1200	64	416	SEA
1200	65	911	SEA
1205	100	603	SDA
1205	135	647	SEA
1205	154	8	SEA
1205	155	1129	SEA
1205	61	933	SEA
1205	62	1007	SEA
1205	64	529	SEA
1205	65	797	SEA
1209	100	683	SDA
1209	135	709	SEA
1209	154	528	SEA
1209	155	1164	SEA
1209	61	930	SEA
1209	62	953	SEA
1209	64	903	SEA
1209	65	564	SEA
1210	100	683	SDA
1210	135	743	SEA
1210	154	510	SEA
1210	155	1174	SEA
1210	61	947	SEA
1210	62	951	SEA
1210	64	869	SEA
1210	65	637	SEA
1214	100	682	SDA
1214	135	751	SDA
1214	154	475	SEA
1214	155	1211	SDA
1214	61	530	SEA
1214	62	1025	SEA
1214	62A	1576	SEA
1214	64	971	SEA
1214	65	627	SEA
1228	100	478	SEA
1228	135	998	SEA
1228	154	753	SEA
1228	155	1369	SEA
1228	61	624	SEA
1228	62	306	SEA
1228	62A	1585	SEA
1228	64	662	SEA
1228	65	637	SEA
1239	100	701	SDA
1239	135	1738	SDA
1239	154	355	SEA
1239	155	881	SEA
1239	61	928	SEA
1239	62	881	SEA
1239	64	988	SEA
1239	65	733	SEA
1240	100	708	SDA
1240	135	1729	SDA
1240	154	371	SEA
1240	155	881	SEA
1240	61	922	SEA
1240	62	849	SEA
1240	64	1012	SEA
1240	65	599	SEA
1243	100	658	SDA
1243	135	1132	SEA
1243	154	389	SEA
1243	155	1930	SEA
1243	61	909	SEA
1243	62	895	SEA
1243	64	1059	SEA
1243	65	606	SEA
1248	100	732	SEA
1248	135	698	SEA
1248	154	420	SEA
1248	155	1042	SDA
1248	61	980	SEA
1248	62	918	SEA
1248	64	265	SDA
1248	65	471	SEA
1252	100	805	SEA
1252	135	816	SEA
1252	154	1009	SEA
1252	155	975	SEA
1252	61	987	SEA
1252	62	778	SEA
1252	64	245	SDA
1252	65	653	SEA
1255	100	777	SDA
1255	135	837	SEA
1255	154	1026	SEA
1255	155	951	SEA
1255	61	990	SEA
1255	62	800	SEA
1255	64	216	SEA
1255	65	640	SEA
1257	100	827	SDA
1257	135	860	SEA
1257	154	362	SEA
1257	155	1969	SEA
1257	61	1012	SEA
1257	62	883	SEA
1257	64	237	SDA
1257	65	637	SEA
1264	100	781	SEA
1264	135	493	SEA
1264	154	403	SEA
1264	155	1008	SDA
1264	61	725	SEA
1264	62	838	SEA
1264	64	460	SEA
1264	65	282	SEA
1265	100	754	SEA
1265	135	515	SEA
1265	154	366	SEA
1265	155	1006	SDA
1265	61	655	SEA
1265	62	860	SEA
1265	64	431	SEA
1265	65	356	SEA
1275	100	666	SEA
1275	135	438	SDA
1275	154	362	SEA
1275	155	915	SEA
1275	61	816	SEA
1275	62	754	SEA
1275	64	734	SEA
1275	65	662	SEA
1278	100	778	SEA
1278	135	445	SDA
1278	154	901	SEA
1278	155	965	SEA
1278	61	814	SEA
1278	62	746	SEA
1278	64	714	SEA
1278	65	707	SEA
1279	100	828	SDA
1279	135	448	SDA
1279	154	910	SEA
1279	155	964	SEA
1279	61	773	SEA
1279	62	765	SEA
1279	64	818	SEA
1279	65	740	SEA
1280	100	838	SEA
1280	135	457	SDA
1280	154	940	SEA
1280	155	1005	SEA
1280	61	796	SEA
1280	62	755	SEA
1280	64	809	SEA
1280	65	746	SEA
1284	100	831	SEA
1284	135	811	SEA
1284	154	532	SEA
1284	155	1046	SEA
1284	61	844	SEA
1284	62	866	SEA
1284	64	218	SEA
1284	65	368	SEA
1295	100	818	SDA
1295	135	941	SEA
1295	154	395	SEA
1295	155	1026	SEA
1295	61	625	SEA
1295	62	1327	SEA
1295	64	1098	SEA
1295	65	464	SEA
1296	100	818	SDA
1296	135	941	SEA
1296	154	395	SEA
1296	155	1026	SEA
1296	61	625	SEA
1296	62	1327	SEA
1296	64	1098	SEA
1296	65	464	SEA
1301	100	724	SDA
1301	135	810	SDA
1301	154	1305	SEA
1301	155	1056	SEA
1301	61	728	SEA
1301	62	1312	SEA
1301	64	1132	SEA
1301	65	612	SEA
1306	100	839	SEA
1306	135	1018	SEA
1306	154	1264	SEA
1306	155	864	SEA
1306	61	703	SEA
1306	62	1185	SEA
1306	64	1070	SEA
1306	65	422	SEA
1308	100	719	SEA
1308	135	923	SEA
1308	154	243	SEA
1308	155	930	SEA
1308	61	779	SEA
1308	62	842	SEA
1308	64	1036	SEA
1308	65	484	SEA
1312	100	180	SEA
1312	135	1065	SDA
1312	154	249	SEA
1312	155	1002	SEA
1312	61	1153	SEA
1312	62	860	SEA
1312	64	1016	SDA
1312	65	495	SEA
1319	100	553	SDA
1319	135	996	SEA
1319	154	238	SEA
1319	155	948	SEA
1319	61	1112	SEA
1319	62	837	SEA
1319	64	687	SDA
1319	65	594	SEA
