363	127	903	SEA
363	72	434	SDA
385	127	644	SEA
385	72	507	SDA
408	127	805	SEA
408	72	502	SEA
409	127	825	SEA
409	72	493	SEA
421	127	721	SEA
421	72	500	SEA
422	127	687	SEA
422	72	455	SEA
435	127	567	SEA
435	72	452	SEA
439	127	513	SEA
439	72	386	SEA
448	127	385	SEA
448	72	311	SEA
458	127	799	SEA
458	72	500	SDA
463	127	587	SDA
463	72	523	SDA
494	127	639	SEA
494	72	181	SEA
512	127	533	SEA
512	72	497	SEA
529	127	589	SEA
529	72	96	SEA
543	127	690	SEA
543	72	249	SEA
549	127	621	SEA
549	72	184	SEA
554	127	857	SEA
554	72	205	SEA
568	127	723	SEA
568	72	55	SDA
593	127	938	SEA
593	72	10	SEA
606	127	819	SEA
606	72	619	SEA
607	127	978	SEA
607	72	89	SEA
629	127	1063	SEA
629	72	166	SEA
637	127	1072	SEA
637	72	614	SEA
654	127	932	SEA
654	72	328	SEA
694	127	942	SEA
694	72	588	SEA
710	127	914	SEA
710	72	711	SEA
718	127	908	SEA
718	72	696	SEA
727	127	1084	SEA
727	72	423	SEA
729	127	1043	SEA
729	72	448	SEA
751	127	987	SEA
751	72	1012	SEA
757	127	938	SEA
757	72	912	SEA
760	127	961	SEA
760	72	902	SEA
765	127	879	SEA
765	72	653	SEA
768	127	1027	SEA
768	72	606	SEA
770	127	1004	SEA
770	72	600	SEA
771	127	981	SEA
771	72	598	SEA
772	127	981	SEA
772	72	598	SEA
774	127	912	SEA
774	72	683	SEA
778	127	890	SEA
778	72	673	SEA
791	127	955	SDA
791	72	306	SEA
798	127	894	SEA
798	72	526	SEA
801	127	899	SDA
801	72	577	SEA
804	127	985	SDA
804	72	484	SEA
808	127	951	SEA
808	72	349	SEA
810	127	969	SEA
810	72	312	SEA
819	127	947	SEA
819	72	919	SEA
834	127	983	SEA
834	72	399	SEA
840	127	975	SEA
840	72	764	SEA
847	127	1119	SEA
847	72	435	SEA
853	127	956	SEA
853	72	198	SEA
859	127	996	SEA
859	72	645	SEA
863	127	961	SEA
863	72	279	SEA
871	127	1036	SEA
871	72	400	SEA
876	127	1033	SEA
876	72	703	SEA
887	127	1041	SEA
887	72	481	SEA
889	127	1045	SEA
889	72	470	SEA
893	127	1038	SEA
893	72	217	SEA
895	127	1098	SEA
895	72	336	SEA
901	127	1098	SEA
901	72	620	SEA
908	127	1019	SEA
908	72	582	SEA
918	127	806	SEA
918	72	464	SEA
920	127	851	SEA
920	72	547	SEA
922	127	897	SEA
922	72	586	SEA
923	127	928	SEA
923	72	568	SEA
924	127	918	SEA
924	72	530	SEA
926	127	1159	SEA
926	72	529	SEA
932	127	1060	SEA
932	72	323	SEA
933	127	1061	SEA
933	72	328	SEA
936	127	1043	SEA
936	72	520	SEA
937	127	1023	SEA
937	72	524	SEA
940	127	1014	SEA
940	72	664	SEA
941	127	1007	SEA
941	72	638	SEA
943	127	1003	SEA
943	72	573	SEA
944	127	983	SEA
944	72	691	SEA
950	127	1068	SEA
950	72	487	SEA
952	127	1069	SEA
952	72	416	SEA
953	127	1098	SEA
953	72	418	SEA
965	127	1012	SEA
965	72	973	SEA
967	127	1079	SEA
967	72	887	SEA
972	127	1058	SEA
972	72	828	SEA
986	127	813	SEA
986	72	365	SDA
987	127	812	SEA
987	72	8	SEA
989	127	809	SEA
989	72	35	SEA
992	127	742	SEA
992	72	61	SEA
1000	127	746	SEA
1000	72	460	SEA
1006	127	796	SEA
1006	72	513	SEA
1007	127	796	SEA
1007	72	513	SEA
1008	127	775	SEA
1008	72	585	SEA
1010	127	746	SEA
1010	72	236	SEA
1013	127	813	SEA
1013	72	255	SEA
1014	127	849	SEA
1014	72	290	SEA
1016	127	896	SEA
1016	72	102	SEA
1019	127	993	SEA
1019	72	930	SEA
1023	127	759	SEA
1023	72	96	SEA
1026	127	700	SEA
1026	72	5	SEA
1028	127	683	SEA
1028	72	70	SEA
1033	127	950	SEA
1033	72	145	SDA
1037	127	605	SEA
1037	72	242	SEA
1040	127	564	SEA
1040	72	322	SEA
1042	127	503	SEA
1042	72	337	SEA
1048	127	670	SEA
1048	72	348	SEA
1049	127	661	SEA
1049	72	324	SEA
1051	127	612	SEA
1051	72	336	SEA
1053	127	658	SEA
1053	72	368	SEA
1057	127	483	SEA
1057	72	1241	SEA
1059	127	663	SEA
1059	72	1280	SDA
1063	127	639	SEA
1063	72	16	SDA
1064	127	696	SEA
1064	72	43	SDA
1067	127	623	SEA
1067	72	53	SEA
1069	127	557	SEA
1069	72	114	SEA
1071	127	571	SEA
1071	72	137	SEA
1074	127	498	SEA
1074	72	49	SEA
1075	127	537	SEA
1075	72	57	SEA
1090	127	373	SEA
1090	72	652	SEA
1093	127	307	SEA
1093	72	416	SEA
1099	127	422	SEA
1099	72	392	SDA
1103	127	712	SEA
1103	72	354	SDA
1105	127	420	SEA
1105	72	338	SDA
1108	127	632	SEA
1108	72	89	SEA
1112	127	771	SEA
1112	72	65	SEA
1119	127	347	SDA
1119	72	295	SEA
1127	127	524	SEA
1127	72	321	SEA
1130	127	603	SEA
1130	72	348	SEA
1132	127	605	SEA
1132	72	307	SEA
1136	127	655	SEA
1136	72	130	SEA
1140	127	540	SEA
1140	72	338	SEA
1146	127	477	SEA
1146	72	468	SEA
1149	127	487	SEA
1149	72	198	SEA
1153	127	584	SEA
1153	72	160	SEA
1154	127	607	SEA
1154	72	156	SEA
1157	127	605	SEA
1157	72	354	SEA
1164	127	599	SEA
1164	72	291	SEA
1168	127	656	SEA
1168	72	604	SEA
1181	127	579	SEA
1181	72	287	SEA
1183	127	711	SEA
1183	72	31	SEA
1188	127	649	SEA
1188	72	588	SEA
1190	127	588	SEA
1190	72	253	SEA
1200	127	743	SEA
1200	72	419	SEA
1205	127	728	SEA
1205	72	396	SEA
1209	127	682	SEA
1209	72	417	SEA
1210	127	693	SEA
1210	72	415	SEA
1214	127	948	SEA
1214	72	439	SEA
1228	127	681	SEA
1228	72	1076	SEA
1239	127	1063	SEA
1239	72	676	SDA
1240	127	1092	SEA
1240	72	658	SDA
1243	127	1025	SEA
1243	72	689	SDA
1248	127	1199	SEA
1248	72	933	SEA
1252	127	976	SEA
1252	72	938	SEA
1255	127	1051	SEA
1255	72	906	SEA
1257	127	1063	SEA
1257	72	934	SEA
1264	127	1097	SEA
1264	72	901	SEA
1265	127	1090	SEA
1265	72	953	SEA
1275	127	1236	SEA
1275	72	1029	SEA
1278	127	1215	SEA
1278	72	1004	SEA
1279	127	1215	SEA
1279	72	1004	SEA
1280	127	1154	SEA
1280	72	988	SEA
1284	127	1325	SEA
1284	72	1039	SEA
1295	127	1204	SEA
1296	127	1204	SEA
1301	127	1214	SEA
1301	72	1645	SEA
1306	127	1301	SEA
1306	72	1575	SEA
1308	127	1286	SEA
1308	72	1175	SEA
1312	127	1440	SEA
1312	72	960	SEA
1319	127	1423	SEA
1319	72	905	SEA
