363	15	359	SEA
363	46	477	SEA
385	15	339	SEA
385	46	580	SEA
392	15	315	SEA
392	46	471	SEA
408	15	552	SEA
408	46	720	SEA
409	15	540	SEA
409	46	720	SEA
421	15	296	SEA
421	46	635	SEA
422	15	469	SEA
422	46	517	SEA
435	15	340	SEA
435	15A	540	SEA
435	46	575	SEA
439	15	409	SDA
439	15A	540	SEA
439	46	534	SEA
448	15	454	SEA
448	15A	540	SEA
448	46	1299	SEA
450	15	460	SEA
450	15A	480	SEA
450	46	589	SEA
453	15	428	SEA
453	15A	540	SEA
453	46	720	SEA
458	15	1039	SEA
458	15A	437	SEA
458	46	595	SEA
463	15	1032	SEA
463	15A	351	SEA
463	46	399	SEA
494	15	540	SEA
494	46	483	SEA
500	15	211	SEA
500	46	385	SEA
507	15	419	SEA
507	46	786	SEA
508	15	379	SEA
508	46	791	SEA
512	15	158	SEA
512	46	900	SEA
517	15	445	SEA
517	46	900	SEA
520	15	462	SEA
520	46	695	SEA
529	15	238	SEA
529	46	900	SEA
531	15	19	SEA
531	46	900	SEA
536	15	179	SEA
536	46	772	SEA
543	15	279	SEA
543	46	900	SEA
549	15	359	SEA
549	46	815	SEA
554	15	18	SEA
554	46	900	SEA
564	15	7	SEA
564	46	815	SEA
568	15	420	SEA
568	46	755	SEA
593	15	295	SEA
593	46	875	SEA
606	15	339	SEA
606	46	900	SEA
607	15	419	SEA
607	46	875	SEA
610	15	279	SEA
610	46	735	SEA
615	15	299	SEA
615	46	900	SEA
624	15	378	SEA
624	46	755	SEA
629	15	100	SEA
629	46	553	SEA
630	15	100	SEA
630	46	553	SEA
637	15	8	SEA
637	46	875	SEA
654	15	1322	SEA
654	46	815	SEA
667	15	585	SEA
667	46	1775	SEA
684	15	320	SEA
684	46	755	SEA
692	15	569	SEA
692	46	900	SEA
694	15	720	SEA
694	46	900	SEA
701	15	588	SEA
701	46	792	SEA
710	15	719	SEA
710	46	900	SEA
718	15	720	SEA
718	46	686	SEA
720	15	720	SEA
720	46	900	SEA
727	15	608	SEA
727	46	895	SEA
729	15	585	SEA
729	46	777	SEA
739	15	578	SEA
739	46	900	SEA
740	15	618	SEA
740	46	900	SEA
749	15	664	SEA
749	46	900	SEA
750	15	664	SEA
750	46	900	SEA
751	15	664	SEA
751	46	900	SEA
757	15	660	SEA
757	46	875	SEA
760	15	514	SEA
760	46	715	SEA
761	15	514	SEA
761	46	633	SEA
765	15	488	SEA
765	46	604	SEA
768	15	472	SEA
768	46	562	SEA
770	15	1259	SEA
770	46	900	SEA
771	15	1199	SEA
771	46	900	SEA
772	15	1199	SEA
772	46	900	SEA
773	15	1079	SEA
773	46	787	SEA
774	15	1039	SEA
774	46	787	SEA
778	15	1013	SEA
778	46	711	SEA
779	15	1049	SEA
779	46	900	SEA
783	15	1320	SEA
783	46	900	SEA
791	15	1368	SEA
791	46	738	SEA
798	15	660	SEA
798	46	900	SEA
801	15	660	SEA
801	46	900	SEA
804	15	660	SEA
804	46	767	SEA
808	15	545	SEA
808	46	761	SEA
810	15	1980	SEA
810	46	900	SEA
819	15	1679	SEA
819	46	815	SEA
834	15	600	SEA
834	46	785	SEA
840	15	496	SEA
840	46	900	SEA
847	15	579	SEA
847	46	900	SEA
853	15	468	SEA
853	46	900	SEA
859	15	358	SEA
859	46	900	SEA
863	15	499	SEA
863	46	895	SEA
871	15	399	SEA
871	46	676	SEA
876	15	397	SEA
876	46	900	SEA
887	15	539	SEA
887	46	900	SEA
889	15	479	SEA
889	46	900	SEA
893	15	239	SEA
893	46	875	SEA
895	15	139	SEA
895	46	722	SEA
901	15	959	SEA
901	46	900	SEA
908	15	507	SEA
908	46	815	SEA
918	15	277	SEA
918	46	900	SEA
920	15	337	SEA
920	46	900	SEA
922	15	431	SEA
922	46	900	SEA
923	15	442	SEA
923	46	835	SEA
924	15	540	SEA
924	46	706	SEA
926	15	540	SEA
926	46	706	SEA
932	15	145	SEA
932	46	900	SEA
933	15	244	SEA
933	46	900	SEA
936	15	959	SEA
936	46	900	SEA
937	15	839	SEA
937	46	875	SEA
940	15	435	SEA
941	15	435	SEA
941	46	1138	SEA
943	15	659	SEA
943	46	964	SEA
944	15	651	SEA
944	46	964	SEA
950	15	480	SEA
950	46	1317	SEA
952	15	419	SEA
952	46	1317	SEA
953	15	379	SEA
953	46	1317	SEA
965	15	390	SEA
965	46	1206	SEA
967	15	959	SEA
967	46	900	SEA
972	15	903	SEA
972	46	900	SEA
986	15	350	SEA
986	46	674	SEA
987	15	376	SEA
987	46	638	SEA
989	15	348	SEA
989	46	585	SEA
992	15	419	SEA
992	46	780	SEA
1000	15	899	SEA
1000	46	575	SEA
1006	15	756	SEA
1006	46	720	SEA
1007	15	756	SEA
1007	46	720	SEA
1008	15	706	SEA
1008	46	720	SEA
1010	15	248	SEA
1010	46	720	SEA
1013	15	960	SEA
1013	46	555	SEA
1014	15	960	SEA
1014	46	455	SEA
1016	15	899	SEA
1016	46	413	SEA
1019	15	224	SEA
1019	46	430	SEA
1023	15	337	SEA
1023	46	695	SEA
1026	15	297	SEA
1026	46	356	SEA
1028	15	313	SEA
1028	46	324	SEA
1033	15	359	SEA
1033	46	720	SEA
1037	15	179	SEA
1037	46	487	SEA
1040	15	341	SEA
1040	46	477	SEA
1042	15	8	SEA
1042	46	451	SEA
1048	15	619	SEA
1048	46	595	SEA
1049	15	660	SEA
1049	46	515	SEA
1051	15	535	SEA
1051	46	291	SEA
1053	15	524	SEA
1053	46	293	SEA
1057	15	660	SEA
1057	46	263	SEA
1059	15	599	SEA
1059	46	458	SEA
1063	15	502	SEA
1063	46	556	SEA
1064	15	544	SEA
1064	46	560	SEA
1067	15	720	SEA
1067	46	720	SEA
1069	15	720	SEA
1069	46	720	SEA
1071	15	577	SEA
1071	46	720	SEA
1074	15	427	SEA
1074	46	519	SEA
1075	15	484	SEA
1075	46	555	SEA
1090	15	433	SEA
1090	46	771	SEA
1093	15	720	SEA
1093	46	960	SEA
1099	15	430	SEA
1099	46	960	SEA
1103	15	720	SEA
1103	46	676	SEA
1105	15	719	SEA
1105	46	667	SEA
1108	15	645	SEA
1108	46	952	SEA
1112	15	539	SEA
1112	46	952	SEA
1119	15	839	SEA
1119	46	695	SEA
1127	15	359	SEA
1127	46	720	SEA
1130	15	900	SEA
1130	46	695	SEA
1132	15	900	SEA
1132	46	595	SEA
1136	15	719	SEA
1136	46	448	SEA
1140	15	431	SEA
1140	46	349	SEA
1146	15	273	SEA
1146	46	743	SEA
1149	15	330	SEA
1149	46	708	SEA
1153	15	2339	SEA
1153	46	960	SEA
1154	15	2299	SEA
1154	46	960	SEA
1157	15	2159	SEA
1157	46	960	SEA
1164	46	767	SEA
1168	46	960	SEA
1181	15	960	SEA
1181	46	719	SEA
1183	15	960	SEA
1183	46	625	SEA
1188	15	960	SEA
1188	46	963	SEA
1190	15	960	SEA
1190	46	963	SEA
1200	15	960	SEA
1200	46	555	SEA
1205	15	960	SEA
1205	46	960	SEA
1209	15	99	SEA
1209	46	818	SEA
1210	15	106	SEA
1210	46	758	SEA
1214	15	679	SEA
1214	46	619	SEA
1228	15	259	SEA
1228	46	677	SEA
1239	15	960	SEA
1239	46	1000	SEA
1240	15	960	SEA
1240	46	960	SEA
1243	15	854	SEA
1243	46	820	SEA
1248	15	772	SEA
1248	46	520	SEA
1252	15	900	SEA
1252	46	838	SEA
1255	15	900	SEA
1255	46	838	SEA
1256	15	899	SEA
1256	46	818	SEA
1257	15	899	SEA
1257	46	818	SEA
1264	15	682	SEA
1264	46	631	SEA
1265	15	687	SEA
1265	46	957	SEA
1267	15	840	SEA
1267	46	957	SEA
1275	15	599	SEA
1275	46	789	SEA
1278	15	419	SEA
1278	46	1200	SEA
1279	15	419	SEA
1279	46	1200	SEA
1280	15	379	SEA
1280	46	1200	SEA
1284	15	780	SEA
1284	46	1200	SEA
1289	15	622	SEA
1289	46	1001	SEA
1295	15	780	SEA
1295	46	1200	SEA
1296	15	780	SEA
1296	46	1200	SEA
1301	15	659	SEA
1301	46	1200	SEA
1306	15	1986	SEA
1306	46	1175	SEA
1308	15	1989	SEA
1308	46	1011	SEA
1312	46	1030	SEA
1319	15	840	SEA
1319	46	1200	SEA
