363	10	852	SEA
363	14	612	SEA
363	16	219	SEA
363	196	539	SEA
363	70	499	SEA
385	10	600	SEA
385	14	705	SEA
385	16	1306	SEA
385	16M	1295	SEA
385	196	418	SEA
385	70	878	SEA
408	10	637	SDA
408	14	1014	SEA
408	16	1277	SEA
408	16M	1203	SEA
408	196	199	SEA
408	196A	432	SEA
408	70	454	SEA
409	10	649	SDA
409	14	1007	SEA
409	16	1297	SEA
409	16M	1222	SEA
409	196	178	SEA
409	196A	518	SEA
409	70	433	SEA
421	10	668	SEA
421	14	824	SEA
421	16	1277	SEA
421	16M	1321	SEA
421	196	1104	SEA
421	196A	1375	SEA
421	70	997	SEA
422	10	694	SEA
422	14	893	SEA
422	16	1344	SEA
422	16M	1252	SEA
422	196	1137	SEA
422	196A	1385	SEA
422	70	951	SEA
435	10	551	SEA
435	14	957	SEA
435	16	656	SEA
435	16M	1316	SDA
435	196	527	SEA
435	196A	392	SEA
435	70	94	SEA
439	10	611	SEA
439	14	684	SEA
439	16	486	SEA
439	16M	1299	SDA
439	196	714	SEA
439	196A	290	SEA
439	70	65	SEA
448	10	677	SEA
448	14	749	SEA
448	16	792	SDA
448	16M	280	SEA
448	196	892	SDA
448	196A	795	SEA
448	70	229	SEA
458	10	1142	SEA
458	14	323	SEA
458	16	1038	SEA
458	16M	131	SEA
458	196	263	SEA
458	196A	837	SDA
458	70	546	SEA
463	10	1193	SEA
463	14	406	SEA
463	16	936	SDA
463	16M	276	SEA
463	196	396	SEA
463	196A	953	SDA
463	70	553	SEA
494	10	327	SDA
494	14	418	SEA
494	16	755	SDA
494	16M	880	SEA
494	196	177	SDA
494	70	529	SEA
529	10	620	SEA
529	14	845	SEA
529	16	987	SDA
529	16M	1081	SEA
529	196	296	SEA
529	70	420	SDA
543	10	613	SEA
543	14	467	SEA
543	16	1076	SEA
543	16M	790	SDA
543	196	213	SEA
543	70	320	SEA
549	10	1367	SDA
549	14	334	SEA
549	16	1060	SEA
549	16M	811	SEA
549	196	864	SDA
549	70	302	SEA
554	10	647	SEA
554	14	1122	SEA
554	16	1141	SEA
554	16M	944	SEA
554	196	570	SEA
554	70	548	SEA
568	10	657	SDA
568	14	1522	SEA
568	16	1481	SEA
568	16M	1303	SEA
568	196	681	SDA
568	70	407	SEA
593	10	1006	SEA
593	14	301	SEA
593	16	1011	SEA
593	16M	1064	SEA
593	196	657	SEA
593	196A	632	SEA
593	70	557	SEA
606	10	761	SEA
606	14	735	SEA
606	16	1307	SEA
606	16M	1571	SEA
606	196	518	SEA
606	70	495	SEA
607	10	772	SEA
607	14	727	SEA
607	16	1279	SEA
607	16M	1539	SEA
607	196	441	SEA
607	70	340	SEA
629	10	746	SEA
629	14	835	SEA
629	16	1162	SEA
629	16M	1594	SEA
629	196	703	SDA
629	70	466	SEA
637	10	1160	SEA
637	14	547	SEA
637	16	1085	SEA
637	16M	1758	SEA
637	196	667	SDA
637	70	646	SEA
694	10	1047	SEA
694	14	860	SEA
694	16	1193	SEA
694	16M	245	SEA
694	196	567	SEA
694	70	443	SEA
710	10	699	SEA
710	14	1157	SEA
710	16	1001	SDA
710	16M	408	SEA
710	196	310	SEA
710	70	807	SEA
727	10	564	SEA
727	14	1113	SEA
727	16	438	SEA
727	16M	243	SEA
727	196	129	SEA
727	70	867	SEA
729	10	543	SEA
729	14	1091	SEA
729	16	370	SEA
729	16M	283	SEA
729	196	98	SEA
729	70	815	SEA
751	10	592	SEA
751	14	760	SEA
751	16	692	SEA
751	16M	813	SEA
751	196	1045	SEA
751	70	799	SEA
757	10	1009	SEA
757	14	700	SEA
757	16	847	SEA
757	16M	522	SEA
757	196	73	SEA
757	70	862	SEA
759	10	1048	SEA
759	14	734	SEA
759	16	920	SEA
759	16M	488	SEA
759	196	85	SEA
759	70	848	SEA
760	10	1102	SEA
760	14	726	SEA
760	16	896	SEA
760	16M	537	SEA
760	196	99	SEA
760	70	858	SEA
765	10	716	SEA
765	14	563	SEA
765	16	625	SEA
765	16M	811	SEA
765	196	305	SEA
765	70	888	SEA
768	10	701	SEA
768	14	967	SEA
768	16	482	SEA
768	16M	1013	SEA
768	196	331	SDA
768	70	399	SEA
770	10	671	SEA
770	14	980	SEA
770	16	435	SEA
770	16M	1002	SEA
770	196	381	SEA
770	70	496	SEA
771	10	692	SEA
771	14	952	SEA
771	16	391	SEA
771	16M	904	SEA
771	196	408	SEA
771	70	445	SEA
772	10	692	SEA
772	14	952	SEA
772	16	391	SEA
772	16M	904	SEA
772	196	408	SEA
772	70	445	SEA
778	10	586	SEA
778	14	809	SEA
778	16	791	SEA
778	16M	973	SEA
778	196	852	SEA
778	70	588	SEA
791	10	535	SEA
791	14	867	SEA
791	16	930	SDA
791	16M	1150	SEA
791	196	21	SEA
791	70	1840	SEA
798	10	1521	SEA
798	14	1207	SEA
798	16	1024	SEA
798	16M	997	SEA
798	196	763	SEA
798	70	1788	SEA
801	10	1607	SEA
801	14	1259	SEA
801	16	1309	SDA
801	16M	932	SEA
801	196	805	SEA
801	70	1811	SEA
804	10	514	SEA
804	14	1266	SEA
804	16	1149	SEA
804	16M	1018	SDA
804	196	900	SEA
808	10	421	SEA
808	14	535	SEA
808	16	1070	SEA
808	16M	1141	SEA
808	196	917	SEA
808	70	1025	SEA
810	10	411	SEA
810	14	541	SEA
810	16	963	SEA
810	16M	1208	SEA
810	196	1005	SEA
810	70	977	SEA
819	10	568	SEA
819	14	400	SEA
819	16	1165	SDA
819	196	68	SDA
819	70	779	SEA
834	10	1127	SEA
834	14	1382	SEA
834	16	771	SEA
834	16M	1719	SDA
834	196	388	SEA
834	70	610	SEA
840	10	993	SEA
840	14	765	SEA
840	16	1030	SEA
840	16M	1622	SEA
840	196	672	SEA
840	70	960	SEA
847	10	1032	SDA
847	14	707	SEA
847	16	1151	SEA
847	196	999	SEA
847	70	787	SEA
853	10	996	SDA
853	14	622	SEA
853	16	968	SDA
853	16M	1336	SEA
853	196	148	SDA
853	70	947	SEA
859	10	1111	SEA
859	14	576	SEA
859	16	873	SDA
859	16M	1232	SEA
859	196	367	SDA
859	70	878	SEA
863	10	330	SEA
863	14	621	SEA
863	16	797	SDA
863	16M	1055	SEA
863	196	241	SDA
863	70	762	SEA
871	10	428	SDA
871	14	685	SEA
871	16	986	SDA
871	16M	896	SEA
871	196	271	SEA
871	70	868	SEA
876	10	379	SDA
876	14	1192	SEA
876	16	1619	SEA
876	16M	967	SEA
876	196	123	SEA
876	70	927	SEA
887	10	703	SEA
887	14	1296	SEA
887	16	1180	SEA
887	16M	701	SEA
887	196	569	SEA
887	70	1006	SEA
889	10	731	SEA
889	14	1290	SEA
889	16	1207	SEA
889	16M	629	SEA
889	196	531	SEA
889	70	941	SEA
893	10	602	SEA
893	14	1207	SEA
893	16	1365	SDA
893	16M	392	SEA
893	196	448	SEA
893	70	685	SEA
895	10	567	SEA
895	14	1238	SEA
895	16	1346	SEA
895	16M	338	SEA
895	196	403	SEA
895	70	712	SEA
901	10	755	SEA
901	14	1163	SEA
901	16	288	SEA
901	16M	230	SEA
901	196	740	SEA
901	70	873	SEA
908	10	849	SDA
908	14	1161	SEA
908	16	72	SEA
908	16M	729	SDA
908	196	553	SEA
908	70	1018	SEA
918	10	981	SEA
918	14	986	SEA
918	16	19	SEA
918	196	617	SEA
918	70	744	SEA
920	10	893	SEA
920	14	902	SEA
920	16	39	SEA
920	196	650	SEA
920	70	1008	SEA
922	10	911	SEA
922	14	999	SEA
922	16	151	SEA
922	196	799	SEA
922	70	1018	SEA
923	10	988	SEA
923	14	1087	SEA
923	16	161	SEA
923	196	826	SEA
923	70	1029	SEA
924	10	1022	SEA
924	14	1178	SEA
924	16	251	SEA
924	196	892	SEA
924	70	1012	SEA
926	10	1039	SEA
926	14	562	SEA
926	16	323	SEA
926	196	122	SEA
926	70	1101	SEA
932	10	834	SEA
932	14	541	SEA
932	16	388	SEA
932	196	204	SEA
932	70	1002	SEA
933	10	886	SEA
933	14	550	SEA
933	16	365	SEA
933	196	194	SEA
933	70	779	SEA
936	10	866	SEA
936	14	504	SEA
936	16	746	SEA
936	196	22	SEA
936	70	671	SEA
937	10	857	SEA
937	14	504	SEA
937	16	773	SEA
937	196	6	SEA
937	70	684	SEA
940	10	861	SEA
940	14	511	SEA
940	16	838	SEA
940	196	5	SEA
940	70	712	SEA
941	10	912	SEA
941	14	552	SEA
941	16	838	SEA
941	196	2	SEA
941	70	683	SEA
943	10	888	SEA
943	14	481	SEA
943	16	907	SEA
943	196	212	SEA
943	70	756	SEA
944	10	926	SEA
944	14	484	SEA
944	16	117	SEA
944	196	163	SEA
944	70	815	SEA
950	10	231	SEA
950	14	503	SEA
950	16	286	SDA
950	196	202	SEA
950	70	661	SEA
952	10	263	SEA
952	14	522	SEA
952	16	290	SDA
952	196	141	SEA
952	70	697	SEA
953	10	238	SEA
953	14	496	SEA
953	16	287	SDA
953	196	56	SEA
953	70	650	SEA
965	10	62	SEA
965	14	571	SEA
965	16	844	SEA
965	196	258	SEA
965	70	1162	SEA
967	10	85	SEA
967	14	505	SEA
967	16	1218	SDA
967	196	658	SEA
967	70	1173	SEA
972	10	119	SEA
972	14	566	SEA
972	16	1221	SDA
972	196	559	SEA
972	70	1134	SEA
986	10	687	SEA
986	14	438	SEA
986	16	1728	SEA
986	196	532	SEA
986	70	1009	SDA
987	10	648	SEA
987	14	483	SEA
987	16	1778	SEA
987	196	493	SEA
987	70	949	SDA
989	10	667	SEA
989	14	335	SEA
989	16	1782	SEA
989	196	428	SEA
989	70	938	SEA
992	10	733	SEA
992	14	262	SEA
992	16	1940	SEA
992	196	470	SEA
992	70	948	SEA
1000	10	367	SEA
1000	14	755	SEA
1000	196	416	SEA
1000	70	867	SEA
1006	10	337	SEA
1006	14	622	SEA
1006	16	834	SEA
1006	196	1011	SEA
1006	70	919	SEA
1007	10	337	SEA
1007	14	622	SEA
1007	16	834	SEA
1007	196	1011	SEA
1007	70	919	SEA
1008	10	274	SEA
1008	14	449	SEA
1008	16	827	SEA
1008	196	1009	SEA
1008	70	862	SEA
1010	10	722	SEA
1010	14	351	SEA
1010	16	818	SEA
1010	196	994	SEA
1010	70	890	SEA
1013	10	490	SEA
1013	14	418	SEA
1013	16	921	SEA
1013	196	624	SEA
1013	70	395	SEA
1014	10	263	SEA
1014	14	402	SEA
1014	16	1026	SEA
1014	196	622	SEA
1014	70	458	SEA
1016	10	235	SEA
1016	14	320	SEA
1016	16	1302	SEA
1016	196	605	SEA
1016	70	385	SEA
1019	10	251	SEA
1019	14	393	SEA
1019	16	1157	SEA
1019	196	536	SEA
1019	70	460	SEA
1023	10	1150	SEA
1023	14	1011	SEA
1023	16	1118	SDA
1023	196	553	SEA
1023	70	435	SEA
1026	10	21	SEA
1026	14	993	SEA
1026	16	1150	SDA
1026	196	461	SEA
1026	70	328	SEA
1028	10	26	SEA
1028	14	241	SEA
1028	16	1112	SDA
1028	196	551	SEA
1028	70	323	SEA
1033	10	157	SEA
1033	14	244	SEA
1033	16	1117	SEA
1033	196	572	SEA
1033	70	366	SEA
1037	10	146	SEA
1037	14	158	SEA
1037	16	1116	SDA
1037	196	544	SEA
1037	70	907	SEA
1040	10	217	SEA
1040	14	238	SEA
1040	16	679	SEA
1040	196	436	SEA
1040	70	796	SEA
1042	10	217	SEA
1042	14	195	SEA
1042	16	760	SEA
1042	196	445	SEA
1042	70	742	SEA
1048	10	983	SEA
1048	14	1233	SEA
1048	16	700	SDA
1048	196	683	SEA
1048	70	149	SDA
1049	10	1003	SEA
1049	14	1186	SEA
1049	16	654	SDA
1049	196	637	SEA
1049	70	107	SDA
1051	10	978	SEA
1051	14	1108	SEA
1051	16	688	SDA
1051	196	444	SEA
1051	70	26	SDA
1053	10	946	SEA
1053	14	1136	SEA
1053	16	692	SEA
1053	196	429	SEA
1053	70	34	SDA
1057	10	957	SEA
1057	14	1142	SEA
1057	16	632	SEA
1057	196	491	SEA
1057	70	267	SEA
1059	10	1001	SEA
1059	14	1206	SEA
1059	16	586	SDA
1059	196	437	SEA
1059	70	422	SEA
1063	10	1017	SEA
1063	14	1228	SEA
1063	16	659	SEA
1063	196	1240	SEA
1063	70	988	SEA
1064	10	919	SEA
1064	14	1169	SEA
1064	16	638	SEA
1064	196	1261	SEA
1064	70	1027	SEA
1067	10	593	SDA
1067	14	1177	SEA
1067	16	747	SEA
1067	196	1280	SEA
1067	70	970	SEA
1069	10	537	SDA
1069	14	1235	SEA
1069	16	784	SEA
1069	196	1244	SEA
1069	70	903	SEA
1071	10	617	SDA
1071	14	1195	SEA
1071	16	745	SDA
1071	196	527	SEA
1071	70	387	SEA
1074	10	590	SDA
1074	14	642	SEA
1074	16	780	SEA
1074	196	478	SEA
1074	70	310	SEA
1075	10	585	SDA
1075	14	627	SEA
1075	16	770	SEA
1075	196	483	SEA
1075	70	321	SEA
1090	10	809	SEA
1090	14	947	SEA
1090	16	491	SDA
1090	196	354	SEA
1090	70	287	SEA
1093	10	795	SEA
1093	14	763	SDA
1093	16	1267	SEA
1093	196	988	SEA
1093	70	396	SEA
1099	10	759	SEA
1099	14	810	SDA
1099	16	206	SDA
1099	196	678	SEA
1099	70	833	SEA
1103	10	822	SEA
1103	14	778	SDA
1103	16	236	SDA
1103	196	632	SEA
1103	70	726	SDA
1105	10	933	SEA
1105	14	782	SDA
1105	16	257	SDA
1105	196	774	SEA
1105	70	698	SDA
1108	10	299	SEA
1108	14	834	SDA
1108	16	355	SDA
1108	196	931	SEA
1108	70	745	SDA
1112	10	337	SEA
1112	14	1373	SEA
1112	16	318	SDA
1112	196	938	SEA
1112	70	681	SEA
1119	10	412	SEA
1119	14	1479	SEA
1119	16	255	SDA
1119	196	769	SEA
1119	70	326	SDA
1127	10	1075	SEA
1127	14	82	SEA
1127	16	794	SDA
1127	196	688	SEA
1127	70	256	SEA
1130	10	390	SEA
1130	14	98	SEA
1130	16	1024	SEA
1130	196	999	SEA
1130	70	216	SEA
1132	10	449	SEA
1132	14	146	SEA
1132	16	344	SDA
1132	196	948	SEA
1132	70	418	SEA
1136	10	480	SDA
1136	14	161	SEA
1136	16	339	SEA
1136	196	961	SEA
1136	70	540	SEA
1140	10	542	SDA
1140	14	126	SEA
1140	16	450	SDA
1140	196	1075	SEA
1140	70	432	SEA
1140	70M	768	SEA
1146	10	419	SEA
1146	14	132	SEA
1146	16	542	SEA
1146	196	340	SEA
1146	70	457	SEA
1146	70M	712	SEA
1149	10	336	SDA
1149	14	5	SEA
1149	16	503	SEA
1149	196	370	SEA
1149	70	456	SDA
1149	70M	787	SEA
1153	10	947	SEA
1153	14	679	SEA
1153	16	815	SDA
1153	196	311	SEA
1153	70	529	SEA
1153	70M	694	SEA
1154	10	997	SEA
1154	14	695	SEA
1154	16	794	SEA
1154	196	282	SEA
1154	70M	746	SEA
1157	10	977	SEA
1157	14	675	SEA
1157	16	898	SEA
1157	196	264	SEA
1157	70M	819	SEA
1164	10	937	SDA
1164	14	600	SEA
1164	16	809	SDA
1164	196	389	SEA
1164	70M	908	SEA
1168	10	917	SDA
1168	14	580	SEA
1168	16	825	SDA
1168	196	370	SEA
1168	70M	913	SEA
1181	10	1273	SEA
1181	14	1344	SEA
1181	16	615	SDA
1181	196	548	SEA
1181	70M	698	SDA
1183	10	1339	SEA
1183	14	1316	SEA
1183	16	635	SDA
1183	196	611	SEA
1183	70M	706	SEA
1188	10	1336	SEA
1188	14	1280	SEA
1188	16	684	SEA
1188	196	732	SEA
1188	70M	847	SEA
1190	10	1292	SEA
1190	14	519	SEA
1190	16	611	SEA
1190	196	815	SEA
1190	70M	831	SEA
1200	10	389	SEA
1200	14	572	SEA
1200	16	827	SEA
1200	196	1110	SEA
1200	70M	905	SEA
1205	10	396	SEA
1205	14	777	SEA
1205	16	646	SEA
1205	196	1071	SEA
1205	70M	874	SDA
1209	10	463	SEA
1209	14	794	SEA
1209	16	637	SDA
1209	196	387	SEA
1209	70M	755	SEA
1210	10	494	SEA
1210	14	780	SEA
1210	16	623	SDA
1210	196	364	SEA
1210	70M	823	SEA
1214	10	807	SEA
1214	14	671	SEA
1214	16	625	SEA
1214	196	365	SEA
1214	70M	552	SEA
1228	10	1160	SEA
1228	14	1480	SEA
1228	196	1002	SEA
1228	70M	642	SEA
1239	10	213	SEA
1239	14	730	SEA
1239	16	910	SEA
1239	196	644	SEA
1239	70M	753	SEA
1240	10	181	SEA
1240	14	757	SEA
1240	16	910	SEA
1240	196	658	SEA
1240	70M	724	SEA
1243	10	189	SEA
1243	14	791	SEA
1243	16	934	SEA
1243	196	677	SEA
1243	70M	679	SEA
1248	10	194	SEA
1248	14	876	SEA
1248	16	737	SEA
1248	196	672	SEA
1248	70M	762	SEA
1252	10	310	SEA
1252	14	888	SEA
1252	16	698	SEA
1252	196	682	SEA
1252	70M	744	SEA
1255	10	1373	SEA
1255	14	537	SEA
1255	16	715	SEA
1255	196	586	SEA
1255	70M	686	SEA
1257	10	1294	SEA
1257	14	515	SEA
1257	16	660	SEA
1257	196	568	SEA
1257	70M	711	SEA
1264	10	800	SEA
1264	14	515	SEA
1264	16	648	SDA
1264	196	959	SEA
1264	70M	767	SEA
1265	10	751	SEA
1265	14	485	SEA
1265	16	636	SDA
1265	196	920	SEA
1265	70M	743	SEA
1275	10	645	SEA
1275	14	728	SEA
1275	16	680	SDA
1275	196	856	SEA
1275	70M	731	SEA
1278	10	645	SEA
1278	14	768	SEA
1278	16	663	SDA
1278	196	871	SEA
1278	70M	742	SEA
1279	10	645	SEA
1279	14	768	SEA
1279	16	663	SDA
1279	196	871	SEA
1279	70M	742	SEA
1280	10	626	SEA
1280	14	830	SEA
1280	16	683	SDA
1280	196	861	SEA
1280	70M	795	SEA
1284	10	642	SEA
1284	14	599	SEA
1284	16	669	SEA
1284	196	848	SEA
1284	70M	774	SEA
1289	10	657	SEA
1289	14	594	SEA
1289	16	900	SEA
1289	196	801	SEA
1289	70M	1184	SEA
1295	10	1120	SEA
1295	14	1017	SEA
1295	16	710	SEA
1295	196	634	SEA
1295	70M	1151	SEA
1296	10	1120	SEA
1296	14	1017	SEA
1296	16	710	SEA
1296	196	634	SEA
1296	70M	1151	SEA
1301	10	1042	SEA
1301	14	1063	SEA
1301	16	602	SEA
1301	196	754	SEA
1301	70M	727	SEA
1306	10	974	SEA
1306	14	947	SEA
1306	16	696	SDA
1306	196	806	SEA
1306	70M	866	SEA
1308	10	936	SEA
1308	14	959	SEA
1308	16	705	SEA
1308	196	771	SEA
1308	70M	891	SEA
1312	10	936	SEA
1312	14	1091	SEA
1312	16	729	SEA
1312	196	740	SEA
1312	70M	920	SEA
1319	10	910	SEA
1319	14	992	SEA
1319	16	1032	SEA
1319	196	922	SEA
1319	70M	681	SEA
