363	134	605	SEA
363	135	476	SEA
363	197	927	SEA
363	30	490	SEA
363	40	973	SEA
363	43	521	SEA
385	134	611	SEA
385	135	444	SEA
385	197	785	SEA
385	30	707	SEA
385	40	963	SEA
385	43	705	SEA
392	134	594	SEA
392	135	500	SEA
392	197	727	SEA
392	30	708	SEA
392	40	1363	SEA
392	43	696	SEA
395	134	544	SEA
395	135	514	SEA
395	197	769	SEA
395	30	732	SEA
395	40	1688	SEA
395	43	775	SEA
408	134	921	SEA
408	135	448	SEA
408	197	1050	SEA
408	30	505	SEA
408	40	481	SEA
408	43	462	SEA
409	134	979	SEA
409	135	429	SEA
409	197	1104	SEA
409	30	563	SEA
409	40	478	SEA
409	43	492	SEA
414	134	1119	SEA
414	135	330	SEA
414	197	1107	SEA
414	30	345	SEA
414	40	641	SEA
414	43	509	SEA
421	134	963	SEA
421	135	830	SEA
421	197	630	SEA
421	30	859	SEA
421	40	1326	SEA
421	43	722	SEA
422	134	935	SDA
422	135	868	SEA
422	197	657	SEA
422	30	860	SEA
422	40	1325	SEA
422	43	766	SEA
435	134	758	SEA
435	135	455	SEA
435	197	827	SEA
435	30	688	SEA
435	40	305	SEA
435	43	706	SEA
439	134	779	SEA
439	135	601	SEA
439	197	494	SEA
439	30	731	SEA
439	40	523	SEA
439	43	625	SEA
441	134	823	SEA
441	135	730	SDA
441	197	419	SEA
441	30	769	SEA
441	40	664	SEA
441	43	692	SEA
448	134	421	SEA
448	135	321	SEA
448	197	409	SEA
448	30	698	SEA
448	40	583	SEA
448	43	593	SEA
450	134	478	SEA
450	135	373	SEA
450	197	508	SEA
450	30	920	SEA
450	40	629	SEA
450	43	655	SEA
457	134	765	SEA
457	135	512	SEA
457	197	773	SEA
457	30	836	SEA
457	40	612	SDA
457	43	534	SEA
458	134	810	SEA
458	135	522	SEA
458	197	761	SEA
458	30	816	SEA
458	40	679	SDA
458	43	532	SEA
463	134	1156	SEA
463	135	242	SEA
463	197	359	SEA
463	30	260	SEA
463	40	596	SEA
463	43	727	SEA
463	43e	1759	SEA
490	134	372	SEA
490	135	360	SEA
490	197	557	SEA
490	30	810	SEA
490	40	869	SEA
490	43	453	SEA
490	43e	1260	SEA
492	134	413	SEA
492	135	740	SEA
492	197	568	SEA
492	30	769	SEA
492	40	903	SEA
492	43	507	SEA
492	43e	1260	SEA
494	134	289	SEA
494	135	778	SEA
494	197	517	SEA
494	30	709	SEA
494	40	861	SEA
494	43	521	SEA
507	134	324	SEA
507	135	676	SEA
507	197	64	SEA
507	30	624	SEA
507	40	1311	SEA
507	43	688	SEA
512	134	613	SEA
512	135	520	SEA
512	197	475	SEA
512	30	919	SEA
512	40	578	SEA
512	43	674	SEA
517	134	531	SEA
517	135	481	SEA
517	197	364	SEA
517	30	811	SEA
517	40	505	SDA
517	43	989	SEA
520	134	912	SEA
520	135	529	SEA
520	197	298	SEA
520	30	971	SEA
520	40	447	SDA
520	43	1009	SEA
529	134	847	SEA
529	135	510	SEA
529	197	728	SEA
529	30	1554	SEA
529	40	843	SDA
529	43	582	SEA
531	134	782	SEA
531	135	444	SEA
531	197	711	SEA
531	30	1563	SEA
531	40	861	SDA
531	43	550	SEA
536	134	1456	SEA
536	135	769	SEA
536	197	603	SEA
536	30	1563	SEA
536	40	1254	SEA
536	43	581	SEA
542	134	1326	SEA
542	135	669	SEA
542	197	526	SEA
542	30	1521	SEA
542	40	1419	SEA
542	43	681	SEA
543	134	1326	SEA
543	135	669	SEA
543	197	526	SEA
543	30	1521	SEA
543	40	1419	SEA
543	43	681	SEA
549	134	150	SEA
549	135	664	SEA
549	197	871	SEA
549	30	890	SEA
549	40	301	SEA
549	43	961	SEA
554	134	307	SEA
554	135	741	SEA
554	197	701	SEA
554	30	884	SEA
554	40	351	SEA
554	43	907	SEA
564	134	338	SEA
564	135	774	SEA
564	197	1050	SEA
564	30	766	SEA
564	40	287	SEA
564	43	891	SEA
566	134	376	SEA
566	135	765	SEA
566	197	1062	SEA
566	30	804	SEA
566	40	311	SEA
566	43	955	SEA
568	134	248	SEA
568	135	728	SEA
568	197	642	SEA
568	30	793	SEA
568	40	364	SEA
568	43	953	SEA
570	134	218	SEA
570	135	756	SEA
570	197	643	SEA
570	30	771	SEA
570	40	400	SEA
570	43	816	SEA
578	134	529	SEA
578	135	635	SEA
578	197	644	SEA
578	30	1159	SEA
578	40	987	SEA
578	43	715	SEA
593	134	928	SEA
593	135	733	SEA
593	197	1255	SEA
593	30	171	SEA
593	40	744	SEA
593	43	882	SEA
606	134	2281	SEA
606	135	645	SEA
606	197	1336	SEA
606	30	1352	SEA
606	40	915	SEA
606	43	819	SEA
607	134	2373	SEA
607	135	613	SEA
607	197	1266	SEA
607	30	610	SEA
607	40	965	SEA
607	43	763	SEA
615	134	229	SEA
615	135	727	SEA
615	197	1511	SEA
615	30	726	SEA
615	40	965	SEA
615	43	633	SEA
623	134	309	SEA
623	135	439	SEA
623	197	736	SEA
623	30	900	SEA
623	40	1611	SEA
623	43	751	SEA
624	134	358	SEA
624	135	421	SEA
624	197	802	SEA
624	30	975	SEA
624	40	1592	SEA
624	43	803	SEA
629	134	413	SEA
629	135	396	SEA
629	197	1083	SEA
629	30	736	SEA
629	40	839	SEA
629	43	822	SEA
630	134	413	SEA
630	135	396	SEA
630	197	1083	SEA
630	30	736	SEA
630	40	839	SEA
630	43	822	SEA
637	134	394	SEA
637	135	652	SEA
637	30	805	SEA
637	40	609	SEA
637	43	605	SEA
654	134	558	SEA
654	135	560	SEA
654	197	234	SEA
654	30	3	SEA
654	40	1611	SEA
654	43	980	SEA
673	134	684	SEA
673	135	721	SEA
673	197	133	SEA
673	30	381	SEA
673	40	960	SEA
673	43	455	SEA
694	134	137	SEA
694	135	326	SEA
694	197	315	SEA
694	30	883	SEA
694	40	1010	SEA
694	43	1062	SEA
701	134	525	SEA
701	135	628	SEA
701	197	527	SEA
701	30	910	SEA
701	40	979	SEA
701	43	864	SEA
710	134	533	SEA
710	135	66	SEA
710	197	969	SEA
710	30	1156	SEA
710	40	307	SEA
710	43	960	SEA
718	134	245	SEA
718	135	276	SEA
718	197	596	SEA
718	30	66	SEA
718	40	353	SEA
718	43	927	SEA
720	134	378	SEA
720	135	468	SEA
720	197	391	SEA
720	30	52	SEA
720	40	392	SEA
720	43	848	SEA
727	134	415	SEA
727	135	259	SEA
727	197	561	SEA
727	30	45	SEA
727	40	719	SEA
727	43	829	SEA
729	134	375	SEA
729	135	310	SEA
729	197	622	SEA
729	30	26	SEA
729	40	879	SEA
729	43	810	SEA
740	134	579	SDA
740	135	110	SEA
740	197	697	SEA
740	30	6	SEA
740	40	739	SEA
740	43	310	SEA
749	134	205	SEA
749	135	593	SEA
749	197	705	SEA
749	30	1148	SEA
749	40	1776	SEA
749	43	571	SEA
751	134	298	SEA
751	135	548	SEA
751	197	762	SEA
751	30	1120	SEA
751	40	1767	SEA
751	43	579	SEA
757	134	730	SEA
757	135	631	SEA
757	197	369	SEA
757	30	160	SEA
757	40	839	SEA
757	43	378	SEA
760	134	788	SEA
760	135	686	SEA
760	197	264	SEA
760	30	164	SEA
760	40	599	SEA
760	43	352	SEA
761	134	207	SEA
761	135	192	SEA
761	197	186	SEA
761	30	178	SEA
761	40	575	SEA
761	43	446	SEA
765	134	228	SEA
765	135	485	SEA
765	197	119	SEA
765	30	277	SEA
765	40	614	SEA
765	43	639	SEA
768	134	431	SEA
768	135	678	SEA
768	197	142	SEA
768	30	352	SEA
768	40	603	SEA
768	43	722	SEA
770	134	522	SEA
770	135	594	SEA
770	197	238	SEA
770	30	335	SEA
770	40	639	SEA
770	43	585	SEA
771	134	530	SEA
771	135	571	SEA
771	197	267	SEA
771	30	258	SEA
771	40	631	SEA
771	43	586	SEA
772	134	530	SEA
772	135	571	SEA
772	197	267	SEA
772	30	258	SEA
772	40	631	SEA
772	43	586	SEA
774	134	630	SEA
774	135	488	SEA
774	197	448	SEA
774	30	8	SEA
774	40	785	SEA
774	43	372	SEA
775	134	630	SEA
775	135	488	SEA
775	197	448	SEA
775	30	8	SEA
775	40	785	SEA
775	43	372	SEA
778	134	251	SEA
778	135	638	SEA
778	197	534	SEA
778	30	193	SEA
778	40	1083	SEA
778	43	555	SEA
791	134	221	SEA
791	135	95	SEA
791	197	1529	SEA
791	30	817	SEA
791	40	643	SEA
791	43	577	SEA
798	134	80	SEA
798	135	328	SEA
798	197	262	SEA
798	30	1589	SEA
798	40	630	SEA
798	43	498	SEA
801	134	462	SEA
801	135	316	SEA
801	197	238	SEA
801	30	1670	SEA
801	40	601	SEA
801	43	634	SEA
804	134	593	SEA
804	135	295	SEA
804	197	266	SEA
804	30	1642	SEA
804	40	636	SEA
804	43	893	SEA
808	134	677	SEA
808	135	725	SEA
808	197	321	SEA
808	30	1623	SEA
808	40	1090	SEA
808	43	783	SEA
810	134	621	SEA
810	135	680	SEA
810	197	329	SEA
810	30	693	SEA
810	40	951	SEA
810	43	861	SEA
819	134	204	SEA
819	135	870	SEA
819	197	106	SEA
819	30	701	SEA
819	40	624	SEA
819	43	868	SEA
834	134	673	SEA
834	135	282	SEA
834	197	632	SEA
834	30	772	SEA
834	40	921	SDA
834	43	551	SEA
840	134	612	SEA
840	135	415	SEA
840	197	396	SEA
840	30	1723	SEA
840	40	726	SEA
840	43	444	SEA
847	134	348	SEA
847	135	215	SEA
847	197	496	SEA
847	30	1850	SEA
847	40	570	SEA
847	43	320	SEA
853	134	271	SEA
853	135	531	SEA
853	197	782	SEA
853	30	367	SDA
853	40	580	SEA
853	43	610	SEA
859	134	587	SEA
859	135	468	SEA
859	197	161	SEA
859	30	422	SDA
859	40	918	SEA
859	43	349	SEA
863	134	842	SDA
863	135	653	SEA
863	197	195	SEA
863	30	420	SDA
863	40	1408	SEA
863	43	235	SEA
871	134	142	SEA
871	135	390	SEA
871	197	717	SEA
871	30	390	SDA
871	40	719	SEA
871	43	715	SEA
876	134	353	SEA
876	135	592	SEA
876	197	278	SEA
876	30	314	SDA
876	40	503	SEA
876	43	212	SEA
887	134	257	SEA
887	135	840	SEA
887	197	749	SEA
887	30	316	SEA
887	40	721	SEA
887	43	636	SEA
889	134	237	SEA
889	135	75	SEA
889	197	753	SEA
889	30	359	SEA
889	40	767	SEA
889	43	636	SEA
893	134	132	SEA
893	135	131	SEA
893	197	67	SEA
893	30	1377	SEA
893	40	731	SEA
893	43	159	SEA
895	134	186	SEA
895	135	171	SEA
895	197	112	SEA
895	30	1426	SEA
895	40	691	SEA
895	43	172	SEA
901	134	491	SEA
901	135	587	SEA
901	197	225	SEA
901	30	290	SEA
901	40	699	SEA
901	43	313	SEA
908	134	156	SEA
908	135	492	SEA
908	197	520	SEA
908	30	425	SEA
908	40	1022	SEA
908	43	660	SEA
918	134	469	SEA
918	135	300	SEA
918	197	160	SEA
918	30	444	SEA
918	40	933	SEA
918	43	230	SEA
920	134	548	SEA
920	135	320	SEA
920	197	69	SEA
920	30	480	SEA
920	40	973	SEA
920	43	304	SEA
922	134	650	SEA
922	135	291	SEA
922	197	100	SEA
922	30	340	SEA
922	40	908	SEA
922	43	380	SEA
923	134	708	SDA
923	135	187	SEA
923	197	59	SEA
923	30	394	SEA
923	40	965	SEA
923	43	401	SEA
924	134	736	SDA
924	135	124	SEA
924	197	51	SEA
924	30	429	SEA
924	40	1009	SEA
924	43	473	SEA
926	134	46	SEA
926	135	133	SEA
926	197	559	SEA
926	30	387	SEA
926	40	1008	SEA
926	43	422	SEA
932	134	114	SEA
932	135	509	SEA
932	197	310	SEA
932	30	1494	SEA
932	40	842	SEA
932	43	435	SEA
933	134	150	SEA
933	135	602	SEA
933	197	319	SEA
933	30	393	SEA
933	40	841	SEA
933	43	589	SEA
936	134	92	SEA
936	135	169	SEA
936	197	511	SEA
936	30	478	SEA
936	40	1075	SEA
936	43	294	SEA
937	134	48	SEA
937	135	224	SEA
937	197	562	SEA
937	30	448	SEA
937	40	1265	SEA
937	43	319	SEA
940	134	15	SEA
940	135	395	SEA
940	197	712	SEA
940	30	506	SEA
940	40	1277	SEA
940	43	532	SEA
941	134	286	SEA
941	135	466	SEA
941	197	115	SEA
941	30	505	SEA
941	40	1232	SEA
941	43	531	SEA
943	134	310	SEA
943	135	403	SEA
943	197	151	SEA
943	30	518	SEA
943	40	1272	SEA
943	43	501	SEA
944	134	429	SEA
944	135	455	SEA
944	197	281	SEA
944	30	600	SEA
944	40	388	SEA
944	43	628	SEA
950	134	461	SEA
950	135	1165	SEA
950	197	148	SEA
950	30	658	SEA
950	40	634	SEA
950	43	829	SEA
952	134	1612	SEA
952	135	378	SEA
952	197	948	SEA
952	30	625	SEA
952	40	560	SEA
952	43	946	SEA
953	134	1659	SEA
953	135	338	SEA
953	197	926	SEA
953	30	639	SEA
953	40	561	SEA
953	43	878	SEA
965	134	751	SEA
965	135	260	SEA
965	197	423	SEA
965	30	384	SEA
965	40	875	SEA
965	43	606	SEA
967	134	778	SEA
967	135	367	SEA
967	197	471	SEA
967	30	311	SEA
967	40	1066	SEA
967	43	684	SEA
972	134	780	SEA
972	135	972	SEA
972	197	776	SEA
972	30	1139	SEA
972	40	1531	SEA
972	43	1124	SEA
986	134	877	SEA
986	135	480	SEA
986	197	600	SEA
986	30	1352	SEA
986	43	882	SEA
987	134	827	SEA
987	135	484	SEA
987	197	612	SEA
987	30	1355	SEA
987	40	19	SEA
987	43	903	SEA
989	134	844	SEA
989	135	472	SEA
989	197	574	SEA
989	30	1394	SEA
989	40	121	SEA
989	43	881	SEA
992	134	801	SEA
992	135	479	SEA
992	197	553	SEA
992	30	2	SEA
992	40	228	SDA
992	43	1038	SEA
1000	134	732	SEA
1000	135	587	SEA
1000	197	950	SEA
1000	30	9	SEA
1000	40	210	SEA
1000	43	889	SEA
1006	134	206	SEA
1006	135	775	SEA
1006	197	495	SEA
1006	30	94	SEA
1006	40	398	SEA
1006	43	930	SEA
1007	134	206	SEA
1007	135	775	SEA
1007	197	495	SEA
1007	30	94	SEA
1007	40	398	SEA
1007	43	930	SEA
1008	134	177	SEA
1008	135	728	SEA
1008	197	529	SEA
1008	30	31	SEA
1008	40	351	SEA
1008	43	875	SEA
1010	134	27	SEA
1010	135	720	SEA
1010	197	501	SEA
1010	30	41	SEA
1010	40	328	SEA
1010	43	904	SEA
1013	134	53	SEA
1013	135	771	SEA
1013	197	580	SEA
1013	30	1684	SEA
1013	40	271	SEA
1013	43	901	SEA
1014	134	82	SEA
1014	135	783	SEA
1014	197	579	SEA
1014	30	26	SEA
1014	40	1029	SEA
1014	43	493	SEA
1016	134	67	SEA
1016	135	765	SEA
1016	197	523	SEA
1016	30	6	SEA
1016	40	1051	SEA
1016	43	459	SEA
1019	134	3	SEA
1019	135	735	SEA
1019	197	535	SEA
1019	30	29	SEA
1019	40	766	SEA
1019	43	447	SEA
1019	43e	1800	SEA
1023	134	1096	SEA
1023	135	670	SEA
1023	197	548	SDA
1023	30	29	SEA
1023	40	760	SEA
1023	43	431	SEA
1023	43e	1679	SEA
1026	134	1038	SEA
1026	135	588	SDA
1026	197	1267	SEA
1026	30	9	SEA
1026	40	702	SEA
1026	43	444	SEA
1026	43e	1732	SEA
1028	134	1027	SEA
1028	135	670	SDA
1028	197	1247	SEA
1028	30	5	SEA
1028	40	669	SEA
1028	43	422	SEA
1028	43e	1678	SEA
1033	134	907	SEA
1033	135	423	SEA
1033	197	1107	SEA
1033	30	4	SEA
1033	40	778	SEA
1033	43	562	SEA
1033	43e	1587	SEA
1037	134	781	SEA
1037	135	606	SDA
1037	197	1096	SEA
1037	30	11	SEA
1037	40	736	SEA
1037	43	604	SEA
1040	134	729	SEA
1040	135	599	SDA
1040	197	984	SEA
1040	30	9	SEA
1040	40	733	SEA
1040	43	844	SEA
1042	134	788	SEA
1042	135	582	SDA
1042	197	1091	SEA
1042	30	44	SEA
1042	40	777	SEA
1042	43	886	SEA
1048	134	1115	SEA
1048	135	807	SEA
1048	197	1259	SEA
1048	30	965	SEA
1048	40	553	SEA
1048	43	627	SEA
1049	134	1133	SEA
1049	135	609	SEA
1049	197	1222	SEA
1049	30	980	SEA
1049	40	543	SEA
1049	43	704	SEA
1051	134	1149	SEA
1051	135	609	SEA
1051	197	547	SEA
1051	30	1172	SEA
1051	40	521	SEA
1051	43	715	SEA
1053	134	1138	SEA
1053	135	668	SEA
1053	197	519	SEA
1053	30	1211	SEA
1053	40	531	SEA
1053	43	726	SEA
1057	134	1167	SEA
1057	135	681	SEA
1057	197	493	SEA
1057	30	1111	SEA
1057	40	897	SEA
1057	43	851	SEA
1059	134	701	SEA
1059	135	817	SEA
1059	197	494	SEA
1059	30	484	SEA
1059	40	952	SEA
1059	43	549	SEA
1059	43e	2331	SEA
1063	134	716	SEA
1063	135	676	SEA
1063	197	550	SEA
1063	30	593	SEA
1063	40	726	SEA
1063	43	563	SEA
1063	43e	2316	SEA
1064	134	735	SEA
1064	135	591	SEA
1064	197	541	SEA
1064	30	535	SEA
1064	40	764	SEA
1064	43	556	SEA
1064	43e	2314	SEA
1067	134	652	SEA
1067	135	631	SEA
1067	197	491	SEA
1067	30	568	SEA
1067	40	634	SEA
1067	43	500	SEA
1069	134	683	SEA
1069	135	615	SEA
1069	197	516	SEA
1069	30	598	SEA
1069	40	538	SEA
1069	43	459	SEA
1071	134	661	SEA
1071	135	572	SEA
1071	197	437	SEA
1071	30	538	SEA
1071	40	574	SEA
1071	43	510	SEA
1074	134	777	SEA
1074	135	570	SEA
1074	197	357	SEA
1074	30	416	SEA
1074	40	766	SDA
1074	43	654	SEA
1074	43e	1066	SEA
1075	134	730	SEA
1075	135	523	SEA
1075	197	340	SEA
1075	30	891	SEA
1075	40	707	SDA
1075	43	660	SEA
1075	43e	1090	SEA
1090	134	654	SEA
1090	135	334	SEA
1090	197	785	SEA
1090	30	2010	SDA
1090	40	1591	SEA
1090	43	609	SEA
1090	43e	1200	SEA
1093	134	726	SEA
1093	135	341	SEA
1093	197	771	SEA
1093	30	2046	SDA
1093	40	1532	SEA
1093	43	586	SEA
1093	43e	1091	SEA
1099	134	725	SEA
1099	135	294	SDA
1099	197	1287	SEA
1099	30	218	SDA
1099	40	730	SEA
1099	43	695	SEA
1099	43e	1132	SEA
1103	134	660	SEA
1103	135	367	SDA
1103	197	1282	SEA
1103	30	276	SDA
1103	40	743	SEA
1103	43	280	SDA
1103	43e	120	SEA
1105	134	674	SEA
1105	135	680	SDA
1105	197	1278	SEA
1105	30	475	SDA
1105	40	833	SEA
1105	43	364	SDA
1105	43e	120	SEA
1108	134	569	SEA
1108	135	627	SDA
1108	197	1203	SEA
1108	30	560	SDA
1108	40	817	SEA
1108	43	395	SDA
1108	43e	120	SEA
1112	134	586	SDA
1112	135	620	SDA
1112	197	1061	SEA
1112	30	532	SDA
1112	40	820	SEA
1112	43	410	SDA
1112	43e	59	SEA
1119	134	680	SDA
1119	135	888	SEA
1119	197	959	SEA
1119	30	505	SDA
1119	40	1139	SEA
1119	43	469	SEA
1119	43e	237	SEA
1127	134	721	SEA
1127	135	698	SEA
1127	197	1067	SEA
1127	30	1884	SEA
1127	40	1071	SEA
1127	43	731	SEA
1127	43e	968	SEA
1130	134	822	SEA
1130	135	706	SEA
1130	197	1195	SEA
1130	30	726	SEA
1130	40	1177	SEA
1130	43	483	SEA
1130	43e	1080	SEA
1132	134	806	SEA
1132	135	596	SEA
1132	197	91	SEA
1132	30	685	SEA
1132	40	1201	SEA
1132	43	477	SEA
1132	43e	1080	SEA
1136	134	789	SEA
1136	135	722	SDA
1136	197	120	SEA
1136	30	740	SEA
1136	40	1149	SEA
1136	43	527	SDA
1136	43e	71	SEA
1140	134	782	SEA
1140	135	704	SEA
1140	197	42	SEA
1140	30	1070	SEA
1140	40	1206	SEA
1140	43	579	SDA
1140	43e	334	SEA
1146	134	737	SEA
1146	135	567	SEA
1146	197	24	SEA
1146	30	1006	SEA
1146	40	1517	SEA
1146	43	591	SDA
1146	43e	890	SEA
1149	134	1082	SEA
1149	135	806	SEA
1149	197	134	SEA
1149	30	654	SEA
1149	40	298	SDA
1149	43	371	SEA
1149	43e	720	SEA
1153	134	1249	SEA
1153	135	859	SEA
1153	197	122	SEA
1153	30	167	SEA
1153	40	524	SEA
1153	43	451	SEA
1153	43e	539	SEA
1154	134	1170	SEA
1154	135	916	SEA
1154	197	673	SEA
1154	30	188	SEA
1154	40	532	SEA
1154	43	429	SEA
1154	43e	539	SEA
1157	134	1199	SEA
1157	135	883	SEA
1157	197	536	SEA
1157	30	203	SEA
1157	40	591	SEA
1157	43	382	SEA
1157	43e	488	SEA
1164	134	299	SEA
1164	135	531	SEA
1164	197	614	SEA
1164	30	169	SEA
1164	40	559	SEA
1164	43	665	SEA
1164	43e	550	SEA
1168	134	324	SEA
1168	135	587	SEA
1168	197	604	SEA
1168	30	687	SEA
1168	40	499	SDA
1168	43	1179	SEA
1168	43e	119	SEA
1181	134	712	SEA
1181	135	599	SEA
1181	197	565	SEA
1181	30	250	SEA
1181	40	974	SEA
1181	43	931	SEA
1181	43e	1731	SEA
1183	134	697	SEA
1183	135	580	SEA
1183	197	597	SEA
1183	30	185	SEA
1183	40	818	SEA
1183	43	917	SEA
1183	43e	1712	SEA
1188	134	724	SEA
1188	135	500	SEA
1188	197	566	SEA
1188	30	184	SEA
1188	40	787	SEA
1188	43	906	SEA
1190	134	643	SEA
1190	135	488	SEA
1190	197	514	SEA
1190	30	650	SEA
1190	40	710	SEA
1190	43	927	SEA
1200	134	361	SEA
1200	135	717	SEA
1200	197	607	SEA
1200	30	186	SDA
1200	40	856	SEA
1200	43	693	SEA
1205	134	360	SEA
1205	135	812	SEA
1205	197	741	SEA
1205	30	637	SEA
1205	40	891	SEA
1205	43	707	SEA
1209	134	332	SEA
1209	135	757	SEA
1209	197	693	SEA
1209	30	454	SEA
1209	40	903	SEA
1209	43	786	SEA
1210	134	329	SEA
1210	135	764	SEA
1210	197	946	SEA
1210	30	396	SEA
1210	40	1000	SEA
1210	43	773	SEA
1214	134	958	SEA
1214	135	613	SEA
1214	197	977	SEA
1214	30	439	SEA
1214	40	1008	SEA
1214	43	664	SEA
1228	134	582	SEA
1228	135	979	SEA
1228	197	838	SEA
1228	30	1041	SEA
1228	40	1143	SEA
1228	43	991	SEA
1239	134	943	SDA
1239	135	562	SEA
1239	197	816	SEA
1239	30	1144	SEA
1239	40	1038	SEA
1239	43	927	SEA
1240	134	937	SDA
1240	135	547	SEA
1240	197	803	SEA
1240	30	977	SEA
1240	40	1033	SEA
1240	43	958	SEA
1243	134	957	SDA
1243	135	623	SEA
1243	197	779	SEA
1243	30	976	SEA
1243	40	1047	SEA
1243	43	973	SEA
1248	134	625	SEA
1248	135	592	SEA
1248	197	790	SEA
1248	30	993	SEA
1248	40	1025	SEA
1248	43	1002	SEA
1252	134	606	SEA
1252	135	576	SEA
1252	197	751	SEA
1252	30	907	SEA
1252	40	1259	SEA
1252	43	1058	SEA
1255	134	581	SEA
1255	135	636	SDA
1255	197	805	SEA
1255	30	914	SEA
1255	40	1430	SEA
1255	43	1029	SEA
1256	134	596	SEA
1256	135	1672	SEA
1256	197	790	SEA
1256	30	867	SEA
1256	40	691	SEA
1256	43	1086	SEA
1257	134	596	SEA
1257	135	1672	SEA
1257	197	790	SEA
1257	30	867	SEA
1257	40	691	SEA
1257	43	1086	SEA
1264	134	1099	SEA
1264	135	733	SEA
1264	197	833	SEA
1264	30	785	SEA
1264	40	680	SEA
1264	43	1004	SEA
1265	134	1098	SEA
1265	135	772	SEA
1265	197	841	SEA
1265	30	799	SEA
1265	40	678	SEA
1265	43	1038	SEA
1275	134	603	SEA
1275	135	604	SDA
1275	197	961	SEA
1275	30	278	SEA
1275	40	638	SEA
1275	43	989	SEA
1278	134	620	SEA
1278	135	594	SDA
1278	197	936	SEA
1278	30	311	SEA
1278	40	593	SEA
1278	43	1200	SEA
1280	134	607	SEA
1280	135	560	SDA
1280	197	916	SEA
1280	30	319	SEA
1280	40	559	SEA
1280	43	1170	SEA
1284	134	547	SEA
1284	135	856	SEA
1284	197	708	SEA
1284	30	352	SEA
1284	40	1090	SEA
1284	43	1087	SEA
1295	134	534	SEA
1295	135	1168	SEA
1295	197	788	SEA
1295	30	1055	SEA
1295	40	1378	SEA
1295	43	949	SEA
1296	134	534	SEA
1296	135	1168	SEA
1296	197	788	SEA
1296	30	1055	SEA
1296	40	1378	SEA
1296	43	949	SEA
1301	134	526	SEA
1301	135	992	SEA
1301	197	1078	SEA
1301	30	1014	SEA
1301	40	1383	SEA
1301	43	1032	SEA
1306	134	625	SEA
1306	135	1034	SEA
1306	197	1612	SEA
1306	30	424	SEA
1306	40	1281	SEA
1306	43	1090	SEA
1308	134	705	SEA
1308	135	1077	SEA
1308	197	1589	SEA
1308	30	364	SEA
1308	40	1189	SEA
1308	43	1057	SEA
1312	134	690	SDA
1312	135	1024	SEA
1312	197	679	SEA
1312	30	357	SEA
1312	40	1149	SEA
1312	43	591	SEA
1319	134	334	SEA
1319	135	1060	SEA
1319	197	866	SEA
1319	30	276	SEA
1319	40	1097	SEA
1319	43	565	SEA
