363	13	998	SEA
363	2	812	SEA
363	21	1227	SEA
363	26	850	SEA
363	40	973	SEA
363	51	807	SEA
363	67	163	SEA
363	7	515	SEA
395	13	329	SEA
395	2	553	SEA
395	21	3	SEA
395	26	356	SEA
395	40	1696	SEA
395	51	695	SEA
395	67	80	SEA
395	7	544	SEA
408	13	793	SEA
408	2	1042	SEA
408	21	700	SEA
408	26	907	SEA
408	40	473	SEA
408	51	909	SEA
408	67	242	SEA
408	7	279	SEA
409	13	733	SEA
409	2	988	SEA
409	21	693	SEA
409	26	385	SEA
409	40	470	SEA
409	51	1234	SEA
409	67	270	SEA
409	7	219	SEA
414	13	733	SEA
414	2	1004	SEA
414	21	695	SEA
414	26	490	SDA
414	40	633	SEA
414	51	1624	SEA
414	67	572	SEA
414	7	634	SEA
421	13	584	SEA
421	2	1284	SEA
421	21	709	SEA
421	26	543	SEA
421	40	1318	SEA
421	51	417	SEA
421	67	894	SEA
421	7	588	SEA
435	13	809	SEA
435	2	627	SEA
435	21	545	SEA
435	26	565	SEA
435	40	298	SEA
435	51	700	SEA
435	67	709	SEA
435	7	479	SEA
439	13	796	SEA
439	2	561	SEA
439	21	746	SEA
439	26	580	SEA
439	40	523	SEA
439	51	719	SEA
439	67	356	SEA
439	7	443	SEA
448	13	298	SEA
448	2	410	SEA
448	21	777	SDA
448	26	353	SEA
448	40	583	SEA
448	51	182	SEA
448	67	262	SEA
448	7	320	SEA
490	13	442	SEA
490	2	1139	SEA
490	21	269	SDA
490	26	639	SEA
490	40	274	SEA
490	51	1168	SDA
490	67	381	SEA
490	7	413	SEA
494	13	515	SEA
494	2	1150	SEA
494	21	335	SDA
494	26	716	SEA
494	40	861	SEA
494	51	1199	SDA
494	67	363	SEA
494	7	386	SEA
512	13	399	SEA
512	2	94	SEA
512	21	116	SEA
512	26	652	SEA
512	40	569	SEA
512	51	588	SEA
512	67	507	SEA
512	7	365	SEA
516	13	308	SEA
516	2	197	SEA
516	21	209	SEA
516	26	609	SEA
516	40	509	SEA
516	51	491	SEA
516	67	642	SEA
516	7	310	SEA
529	13	761	SEA
529	2	561	SEA
529	21	164	SEA
529	26	621	SEA
529	40	834	SDA
529	51	621	SEA
529	67	220	SEA
529	7	517	SEA
543	13	141	SEA
543	2	423	SEA
543	21	158	SEA
543	26	507	SEA
543	40	1410	SEA
543	51	14	SEA
543	67	1048	SEA
543	7	380	SEA
554	13	493	SEA
554	2	95	SEA
554	21	1114	SEA
554	26	563	SEA
554	40	351	SEA
554	51	63	SEA
554	67	1075	SEA
554	7	601	SEA
568	13	655	SEA
568	2	25	SEA
568	21	784	SEA
568	26	400	SEA
568	40	364	SEA
568	51	561	SEA
568	67	452	SEA
568	7	394	SEA
593	13	1218	SEA
593	2	685	SEA
593	21	1166	SEA
593	26	558	SEA
593	40	723	SEA
593	51	579	SEA
593	67	942	SEA
593	7	550	SEA
606	13	45	SEA
606	2	412	SEA
606	21	809	SDA
606	26	910	SEA
606	40	915	SEA
606	51	1029	SEA
606	67	394	SEA
606	7	928	SEA
607	13	22	SEA
607	2	423	SEA
607	21	813	SDA
607	26	264	SEA
607	40	965	SEA
607	51	1054	SEA
607	67	416	SEA
607	7	376	SEA
654	13	710	SEA
654	2	383	SEA
654	21	1314	SEA
654	26	726	SEA
654	40	1628	SEA
654	51	164	SEA
654	67	906	SEA
654	7	520	SEA
694	13	708	SEA
694	2	1117	SEA
694	21	856	SEA
694	26	833	SEA
694	40	1034	SEA
694	51	532	SEA
694	67	827	SEA
694	7	605	SEA
710	13	744	SEA
710	2	1139	SEA
710	21	669	SEA
710	26	852	SEA
710	40	307	SEA
710	51	787	SEA
710	67	805	SEA
710	7	454	SEA
718	13	811	SEA
718	2	1217	SEA
718	21	1235	SDA
718	26	546	SEA
718	40	354	SEA
718	51	834	SEA
718	67	677	SEA
718	7	464	SEA
729	13	711	SEA
729	2	1350	SEA
729	21	1326	SEA
729	26	431	SEA
729	40	711	SEA
729	51	999	SEA
729	67	847	SEA
729	7	355	SEA
757	13	486	SDA
757	2	640	SEA
757	21	497	SDA
757	26	338	SDA
757	40	839	SEA
757	51	559	SEA
757	67	377	SEA
757	7	219	SEA
760	13	483	SDA
760	2	612	SEA
760	21	506	SDA
760	26	354	SDA
760	40	592	SEA
760	51	815	SDA
760	67	422	SEA
760	7	204	SEA
761	13	543	SDA
761	2	603	SEA
761	21	443	SDA
761	26	434	SDA
761	40	558	SEA
761	51	839	SDA
761	67	425	SEA
761	7	148	SEA
768	13	299	SEA
768	2	555	SEA
768	21	415	SEA
768	26	737	SEA
768	40	574	SEA
768	51	909	SDA
768	67	850	SEA
768	7	513	SEA
770	13	326	SEA
770	2	533	SEA
770	21	1051	SEA
770	26	782	SEA
770	40	622	SEA
770	51	871	SDA
770	67	490	SEA
770	7	541	SEA
771	13	366	SEA
771	2	540	SEA
771	21	1001	SEA
771	26	436	SEA
771	40	614	SEA
771	51	844	SDA
771	67	531	SEA
771	7	559	SEA
773	13	441	SEA
773	2	545	SEA
773	21	1086	SEA
773	26	448	SEA
773	40	789	SEA
773	51	794	SDA
773	67	535	SEA
773	7	449	SEA
774	13	470	SEA
774	2	567	SEA
774	21	1071	SEA
774	26	487	SEA
774	40	768	SEA
774	51	785	SDA
774	67	557	SEA
774	7	460	SEA
791	13	1215	SEA
791	2	738	SEA
791	21	447	SEA
791	26	656	SEA
791	40	570	SEA
791	51	807	SEA
791	67	814	SEA
791	7	370	SEA
801	13	6	SEA
801	2	793	SEA
801	21	1101	SEA
801	26	696	SEA
801	40	528	SEA
801	51	411	SEA
801	67	658	SEA
801	7	504	SEA
804	13	11	SEA
804	2	750	SEA
804	21	768	SEA
804	26	655	SEA
804	40	563	SEA
804	51	380	SEA
804	67	527	SEA
804	7	716	SEA
808	13	10	SEA
808	2	789	SEA
808	21	799	SEA
808	26	666	SEA
808	40	1090	SEA
808	51	1301	SEA
808	67	896	SEA
808	7	103	SEA
810	13	15	SEA
810	2	773	SEA
810	21	775	SEA
810	26	586	SEA
810	40	951	SEA
810	51	1259	SEA
810	67	831	SEA
810	7	171	SEA
819	13	184	SEA
819	2	590	SEA
819	21	730	SEA
819	26	568	SEA
819	40	1136	SEA
819	51	547	SEA
819	67	1537	SEA
819	7	549	SEA
834	13	601	SEA
834	2	522	SEA
834	21	667	SEA
834	26	463	SEA
834	40	873	SDA
834	51	1287	SEA
834	67	606	SEA
834	7	605	SEA
840	13	628	SEA
840	2	580	SEA
840	21	904	SEA
840	26	458	SEA
840	40	726	SEA
840	51	473	SEA
840	67	736	SEA
840	7	389	SEA
847	13	235	SEA
847	2	457	SEA
847	21	915	SEA
847	26	520	SEA
847	40	570	SEA
847	51	455	SEA
847	67	758	SEA
847	7	1029	SEA
853	13	340	SEA
853	2	371	SEA
853	21	964	SDA
853	26	444	SEA
853	40	580	SEA
853	51	525	SEA
853	67	724	SEA
853	7	433	SEA
859	13	156	SDA
859	2	906	SEA
859	21	1002	SEA
859	26	459	SEA
859	40	901	SEA
859	51	665	SEA
859	67	391	SEA
859	7	435	SEA
863	13	279	SEA
863	2	971	SEA
863	21	1097	SEA
863	26	610	SEA
863	40	1381	SEA
863	51	705	SEA
863	67	178	SEA
863	7	487	SEA
871	13	809	SEA
871	2	765	SEA
871	21	805	SEA
871	26	606	SEA
871	40	719	SEA
871	51	296	SEA
871	67	46	SDA
871	7	778	SEA
876	13	706	SEA
876	2	802	SEA
876	21	914	SEA
876	26	522	SEA
876	40	498	SEA
876	51	282	SEA
876	67	653	SEA
876	7	628	SEA
887	13	467	SEA
887	2	800	SEA
887	21	1074	SEA
887	26	611	SEA
887	40	716	SEA
887	51	503	SEA
887	67	400	SEA
887	7	589	SEA
889	13	450	SEA
889	2	847	SEA
889	21	1115	SEA
889	26	691	SEA
889	40	767	SEA
889	51	563	SEA
889	67	387	SEA
889	7	602	SEA
893	13	109	SEA
893	2	844	SEA
893	21	901	SEA
893	26	645	SEA
893	40	731	SEA
893	51	654	SEA
893	67	322	SEA
893	7	550	SEA
895	13	214	SEA
895	2	1151	SEA
895	21	915	SEA
895	26	715	SEA
895	40	626	SEA
895	51	714	SEA
895	67	1187	SEA
895	7	512	SEA
901	13	208	SEA
901	2	1105	SEA
901	21	1009	SEA
901	26	466	SEA
901	40	699	SEA
901	51	765	SEA
901	67	205	SEA
901	7	775	SEA
908	13	850	SEA
908	2	1002	SEA
908	21	995	SEA
908	26	632	SEA
908	40	465	SDA
908	51	24	SEA
908	67	149	SEA
908	7	669	SEA
918	13	875	SEA
918	2	775	SEA
918	21	994	SEA
918	26	424	SEA
918	40	933	SEA
918	51	166	SEA
918	67	192	SEA
918	7	279	SEA
920	13	905	SEA
920	2	788	SEA
920	21	1014	SEA
920	26	432	SEA
920	40	973	SEA
920	51	196	SEA
920	67	189	SEA
920	7	300	SEA
922	13	754	SEA
922	2	759	SEA
922	21	1028	SEA
922	26	352	SEA
922	40	908	SEA
922	51	558	SEA
922	67	210	SEA
922	7	272	SEA
923	13	860	SEA
923	2	630	SEA
923	21	1099	SEA
923	26	439	SEA
923	40	965	SEA
923	51	634	SEA
923	67	616	SEA
923	7	295	SEA
924	13	849	SEA
924	2	736	SEA
924	21	1068	SEA
924	26	491	SEA
924	40	1009	SEA
924	51	948	SEA
924	67	509	SEA
924	7	339	SEA
926	13	822	SEA
926	2	695	SEA
926	21	1035	SEA
926	26	700	SEA
926	40	1008	SEA
926	51	1015	SEA
926	67	484	SEA
926	7	522	SEA
932	13	860	SEA
932	2	1631	SEA
932	21	1889	SDA
932	26	676	SEA
932	40	827	SEA
932	51	1150	SEA
932	67	639	SEA
932	7	459	SEA
933	13	841	SEA
933	2	1649	SEA
933	21	2034	SDA
933	26	676	SEA
933	40	821	SEA
933	51	262	SEA
933	67	602	SEA
933	7	538	SEA
936	13	471	SEA
936	2	1679	SEA
936	21	2017	SEA
936	26	613	SEA
936	40	1055	SEA
936	51	162	SEA
936	67	196	SEA
936	7	496	SEA
937	13	503	SEA
937	2	1653	SEA
937	21	2016	SEA
937	26	680	SEA
937	40	1255	SEA
937	51	160	SEA
937	67	231	SEA
937	7	583	SEA
940	13	475	SEA
940	21	2202	SEA
940	26	1040	SEA
940	40	1267	SEA
940	51	183	SEA
940	67	191	SEA
940	7	771	SEA
941	13	499	SEA
941	21	2240	SEA
941	26	1042	SEA
941	40	1222	SEA
941	51	133	SEA
941	67	191	SEA
941	7	829	SEA
943	13	505	SEA
943	2	1179	SEA
943	21	2177	SEA
943	26	1068	SEA
943	40	1262	SEA
943	51	128	SEA
943	67	286	SEA
943	7	52	SEA
944	13	516	SEA
944	2	1095	SEA
944	21	349	SEA
944	26	1121	SEA
944	40	388	SEA
944	51	180	SEA
944	67	192	SEA
944	7	203	SEA
950	13	428	SEA
950	2	1077	SEA
950	21	276	SDA
950	26	350	SEA
950	40	634	SEA
950	51	178	SEA
950	67	115	SEA
950	7	88	SEA
952	13	725	SDA
952	2	1134	SEA
952	21	269	SDA
952	26	376	SEA
952	40	560	SEA
952	51	686	SEA
952	67	417	SEA
952	7	292	SEA
953	13	709	SDA
953	2	1139	SEA
953	21	242	SDA
953	26	348	SEA
953	40	561	SEA
953	51	627	SEA
953	67	414	SEA
953	7	332	SEA
965	13	68	SEA
965	2	1176	SEA
965	21	194	SDA
965	26	670	SEA
965	40	866	SEA
965	51	1276	SEA
965	67	657	SEA
965	7	380	SEA
972	13	103	SEA
972	21	95	SDA
972	26	180	SEA
972	40	1522	SEA
972	51	783	SEA
972	67	319	SEA
972	7	550	SEA
986	13	580	SEA
986	2	2187	SEA
986	21	698	SEA
986	26	461	SEA
986	51	782	SEA
986	67	566	SEA
986	7	388	SEA
987	13	615	SEA
987	2	2166	SEA
987	21	687	SEA
987	26	407	SEA
987	40	15	SEA
987	51	1133	SEA
987	67	549	SEA
987	7	966	SEA
989	13	614	SEA
989	2	1040	SEA
989	21	685	SEA
989	26	369	SEA
989	40	121	SEA
989	51	1067	SEA
989	67	619	SEA
989	7	370	SEA
992	13	681	SEA
992	2	1106	SEA
992	21	700	SEA
992	26	355	SEA
992	40	228	SDA
992	51	1085	SEA
992	67	496	SEA
992	7	664	SEA
1000	13	655	SEA
1000	2	1121	SEA
1000	21	662	SEA
1000	26	809	SEA
1000	40	210	SEA
1000	51	1074	SEA
1000	67	488	SEA
1000	7	463	SEA
1006	13	510	SEA
1006	2	1136	SEA
1006	21	907	SEA
1006	26	360	SEA
1006	40	398	SEA
1006	51	382	SEA
1006	67	495	SEA
1006	7	260	SEA
1007	13	510	SEA
1007	2	1136	SEA
1007	21	907	SEA
1007	26	360	SEA
1007	40	398	SEA
1007	51	382	SEA
1007	67	495	SEA
1007	7	260	SEA
1008	13	510	SEA
1008	2	1082	SEA
1008	21	914	SEA
1008	26	598	SEA
1008	40	351	SEA
1008	51	361	SEA
1008	67	551	SEA
1008	7	250	SEA
1010	13	508	SEA
1010	2	1082	SEA
1010	21	910	SEA
1010	26	634	SEA
1010	40	328	SEA
1010	51	350	SEA
1010	67	556	SEA
1010	7	342	SEA
1013	13	559	SEA
1013	2	718	SEA
1013	21	701	SEA
1013	26	642	SEA
1013	40	271	SEA
1013	51	406	SEA
1013	67	550	SEA
1013	7	466	SEA
1014	13	637	SEA
1014	2	782	SEA
1014	21	666	SDA
1014	26	704	SEA
1014	40	203	SEA
1014	51	456	SEA
1014	67	1009	SEA
1014	7	612	SEA
1016	13	583	SEA
1016	2	733	SEA
1016	21	613	SDA
1016	26	716	SEA
1016	40	1051	SEA
1016	51	417	SEA
1016	67	905	SEA
1016	7	721	SEA
1019	13	559	SEA
1019	2	677	SEA
1019	21	737	SEA
1019	26	718	SEA
1019	40	1005	SEA
1019	51	366	SEA
1019	67	886	SEA
1019	7	562	SEA
1023	13	665	SEA
1023	2	554	SEA
1023	21	807	SEA
1023	26	512	SEA
1023	40	760	SEA
1023	51	723	SEA
1023	67	908	SEA
1023	7	317	SEA
1026	13	692	SEA
1026	2	492	SEA
1026	21	1501	SEA
1026	26	520	SEA
1026	40	702	SEA
1026	51	1091	SEA
1026	67	509	SEA
1026	7	365	SEA
1028	13	648	SEA
1028	2	426	SEA
1028	21	1494	SEA
1028	26	468	SEA
1028	40	669	SEA
1028	51	1121	SEA
1028	67	570	SEA
1028	7	426	SEA
1033	13	335	SEA
1033	2	355	SEA
1033	21	1571	SEA
1033	26	525	SEA
1033	40	778	SEA
1033	51	1210	SEA
1033	67	584	SEA
1033	7	415	SEA
1037	13	360	SEA
1037	2	1100	SEA
1037	21	1642	SEA
1037	26	580	SEA
1037	40	736	SEA
1037	51	849	SEA
1037	67	610	SEA
1037	7	460	SEA
1040	13	423	SEA
1040	2	1127	SEA
1040	21	440	SEA
1040	26	746	SEA
1040	40	700	SEA
1040	51	864	SEA
1040	67	624	SEA
1040	7	556	SEA
1042	13	438	SEA
1042	2	958	SEA
1042	21	438	SEA
1042	26	765	SEA
1042	40	690	SEA
1042	51	890	SEA
1042	67	1144	SEA
1042	7	695	SEA
1048	13	761	SEA
1048	2	1025	SEA
1048	21	487	SEA
1048	26	341	SEA
1048	40	553	SEA
1048	51	830	SEA
1048	67	803	SEA
1048	7	79	SEA
1049	13	701	SEA
1049	2	1080	SEA
1049	21	415	SEA
1049	26	316	SEA
1049	40	543	SEA
1049	51	812	SEA
1049	67	725	SEA
1049	7	266	SEA
1051	13	462	SDA
1051	2	1010	SEA
1051	21	458	SEA
1051	26	324	SEA
1051	40	521	SEA
1051	51	873	SEA
1051	67	886	SEA
1051	7	338	SEA
1053	13	491	SEA
1053	2	998	SEA
1053	21	433	SEA
1053	26	318	SEA
1053	40	531	SEA
1053	51	837	SEA
1053	67	925	SEA
1053	7	378	SEA
1057	13	406	SDA
1057	2	991	SEA
1057	21	426	SEA
1057	26	386	SDA
1057	40	969	SEA
1057	51	893	SEA
1057	67	1026	SEA
1057	7	456	SEA
1059	13	442	SDA
1059	2	915	SEA
1059	21	443	SEA
1059	26	589	SEA
1059	40	952	SEA
1059	51	812	SEA
1059	67	1039	SEA
1059	7	605	SEA
1063	13	524	SDA
1063	2	937	SEA
1063	21	569	SEA
1063	26	681	SEA
1063	40	1049	SEA
1063	51	847	SDA
1063	67	1134	SEA
1063	7	344	SEA
1064	13	506	SEA
1064	2	913	SEA
1064	21	338	SEA
1064	26	622	SEA
1064	40	766	SEA
1064	51	916	SDA
1064	67	1080	SEA
1064	7	264	SEA
1067	13	436	SEA
1067	2	924	SEA
1067	21	362	SEA
1067	26	639	SEA
1067	40	634	SEA
1067	51	985	SDA
1067	67	1149	SEA
1067	7	145	SEA
1069	13	529	SEA
1069	2	938	SEA
1069	21	382	SEA
1069	26	543	SEA
1069	40	538	SEA
1069	51	1035	SDA
1069	67	665	SDA
1069	7	434	SEA
1071	13	590	SEA
1071	2	966	SEA
1071	21	448	SEA
1071	26	480	SEA
1071	40	621	SEA
1071	51	412	SEA
1071	67	548	SDA
1071	7	214	SEA
1074	13	594	SEA
1074	2	509	SEA
1074	21	1285	SEA
1074	26	528	SEA
1074	40	765	SDA
1074	51	259	SEA
1074	67	656	SDA
1074	7	34	SEA
1075	13	621	SEA
1075	2	501	SEA
1075	21	1321	SEA
1075	26	539	SEA
1075	40	707	SDA
1075	51	301	SEA
1075	67	630	SDA
1075	7	26	SEA
1090	13	642	SEA
1090	2	484	SEA
1090	21	701	SEA
1090	26	637	SDA
1090	40	1582	SEA
1090	51	849	SEA
1090	67	705	SEA
1090	7	1	SEA
1093	13	661	SDA
1093	2	939	SEA
1093	21	584	SEA
1093	26	649	SDA
1093	40	1523	SEA
1093	51	1029	SEA
1093	67	663	SEA
1093	7	9	SEA
1099	13	670	SDA
1099	2	812	SEA
1099	21	505	SEA
1099	26	850	SEA
1099	40	717	SEA
1099	51	1145	SEA
1099	67	656	SEA
1099	7	1130	SEA
1103	13	703	SDA
1103	2	343	SEA
1103	21	846	SEA
1103	26	911	SEA
1103	40	730	SEA
1103	51	1248	SEA
1103	67	978	SEA
1103	7	280	SEA
1105	13	660	SDA
1105	2	381	SEA
1105	21	850	SEA
1105	26	951	SEA
1105	40	820	SEA
1105	51	555	SEA
1105	67	969	SEA
1105	7	299	SEA
1108	13	527	SEA
1108	2	420	SEA
1108	21	704	SEA
1108	26	338	SDA
1108	40	804	SEA
1108	51	751	SEA
1108	67	988	SEA
1108	7	245	SEA
1112	13	602	SEA
1112	2	417	SEA
1112	21	758	SEA
1112	26	348	SEA
1112	40	807	SEA
1112	51	754	SEA
1112	67	885	SEA
1112	7	406	SEA
1119	13	508	SDA
1119	2	997	SEA
1119	21	845	SEA
1119	26	357	SEA
1119	40	1139	SEA
1119	51	604	SEA
1119	67	898	SDA
1119	7	371	SEA
1127	13	980	SEA
1127	2	255	SEA
1127	21	1176	SEA
1127	26	665	SEA
1127	40	1064	SEA
1127	51	988	SEA
1127	67	1257	SEA
1127	7	657	SEA
1130	13	580	SEA
1130	2	177	SEA
1130	21	1130	SEA
1130	26	550	SEA
1130	40	1175	SEA
1130	51	1117	SEA
1130	67	1228	SEA
1130	7	718	SEA
1132	13	621	SEA
1132	2	165	SEA
1132	21	1089	SEA
1132	26	509	SEA
1132	40	1199	SEA
1132	51	1208	SEA
1132	67	1291	SEA
1132	7	799	SEA
1136	13	645	SDA
1136	2	190	SEA
1136	21	629	SEA
1136	26	468	SEA
1136	40	1147	SEA
1136	51	641	SDA
1136	67	1842	SEA
1136	7	528	SEA
1140	13	636	SDA
1140	2	862	SEA
1140	21	734	SEA
1140	26	582	SEA
1140	40	1204	SEA
1140	51	671	SDA
1140	67	1829	SDA
1140	7	525	SEA
1146	13	690	SEA
1146	2	689	SEA
1146	21	707	SEA
1146	26	539	SEA
1146	40	1497	SEA
1146	51	677	SDA
1146	67	60	SEA
1146	7	661	SEA
1149	13	672	SEA
1149	2	659	SEA
1149	21	530	SEA
1149	26	793	SEA
1149	40	283	SDA
1149	51	693	SDA
1149	67	408	SDA
1149	7	635	SEA
1153	13	739	SDA
1153	2	641	SEA
1153	21	557	SEA
1153	26	733	SEA
1153	40	524	SEA
1153	51	723	SDA
1153	67	551	SDA
1153	7	663	SEA
1154	13	680	SDA
1154	2	616	SEA
1154	21	577	SEA
1154	26	740	SEA
1154	40	532	SEA
1154	51	613	SDA
1154	67	531	SDA
1154	7	640	SEA
1157	13	771	SEA
1157	2	550	SEA
1157	21	613	SEA
1157	26	691	SEA
1157	40	591	SEA
1157	51	603	SDA
1157	67	721	SEA
1157	7	685	SEA
1164	13	875	SDA
1164	2	594	SEA
1164	21	1131	SEA
1164	26	587	SEA
1164	40	559	SEA
1164	51	746	SEA
1164	67	871	SDA
1164	7	833	SEA
1168	13	1052	SEA
1168	2	731	SEA
1168	21	1135	SEA
1168	26	461	SEA
1168	40	499	SDA
1168	51	973	SEA
1168	67	913	SEA
1168	7	716	SEA
1181	13	786	SEA
1181	2	1064	SEA
1181	21	517	SDA
1181	26	987	SEA
1181	40	974	SEA
1181	51	935	SEA
1181	67	745	SEA
1181	7	455	SEA
1183	13	748	SEA
1183	2	1050	SEA
1183	21	331	SDA
1183	26	655	SEA
1183	40	1091	SEA
1183	51	1026	SEA
1183	67	814	SEA
1183	7	390	SEA
1188	13	836	SEA
1188	2	923	SEA
1188	21	329	SDA
1188	26	674	SEA
1188	40	789	SEA
1188	51	1161	SEA
1188	67	842	SEA
1188	7	442	SEA
1190	13	915	SEA
1190	2	971	SEA
1190	21	998	SEA
1190	26	652	SDA
1190	40	712	SEA
1190	51	1198	SEA
1190	67	914	SEA
1190	7	385	SEA
1200	13	996	SEA
1200	2	580	SEA
1200	21	712	SEA
1200	26	541	SEA
1200	40	856	SEA
1200	51	1053	SEA
1200	67	108	SEA
1200	7	613	SEA
1205	13	1027	SEA
1205	2	1209	SEA
1205	21	686	SEA
1205	26	943	SEA
1205	40	870	SEA
1205	51	1073	SEA
1205	67	107	SEA
1205	7	426	SEA
1209	13	1076	SEA
1209	2	1203	SEA
1209	21	637	SEA
1209	26	190	SEA
1209	40	908	SEA
1209	51	1042	SEA
1209	67	609	SEA
1209	7	528	SEA
1210	13	975	SEA
1210	2	1254	SEA
1210	21	655	SEA
1210	26	239	SEA
1210	40	1000	SEA
1210	51	1049	SEA
1210	67	625	SEA
1210	7	539	SEA
1214	13	1047	SDA
1214	2	1155	SEA
1214	21	1037	SEA
1214	26	556	SEA
1214	40	903	SEA
1214	51	1045	SEA
1214	67	525	SEA
1214	7	365	SEA
1228	13	952	SEA
1228	2	892	SEA
1228	21	1087	SDA
1228	26	558	SEA
1228	40	1163	SEA
1228	51	1067	SEA
1228	67	610	SEA
1228	7	764	SEA
1239	13	846	SEA
1239	2	786	SEA
1239	21	889	SEA
1239	26	472	SEA
1239	40	1024	SEA
1239	51	1419	SEA
1239	67	624	SEA
1239	7	460	SEA
1240	13	814	SEA
1240	2	783	SEA
1240	21	927	SEA
1240	26	474	SEA
1240	40	1019	SEA
1240	51	1460	SEA
1240	67	598	SEA
1240	7	501	SEA
1243	13	757	SEA
1243	2	818	SEA
1243	21	972	SEA
1243	26	643	SEA
1243	40	1033	SEA
1243	51	1435	SDA
1243	67	432	SEA
1243	7	574	SEA
1248	13	636	SEA
1248	2	1002	SEA
1248	21	898	SEA
1248	26	790	SEA
1248	40	1011	SEA
1248	51	946	SEA
1248	67	395	SEA
1248	7	524	SEA
1252	13	583	SEA
1252	21	824	SEA
1252	26	499	SEA
1252	40	1245	SEA
1252	51	954	SEA
1252	67	640	SEA
1252	7	245	SEA
1255	13	465	SEA
1255	2	2060	SEA
1255	21	935	SEA
1255	26	656	SEA
1255	40	1430	SEA
1255	67	1006	SEA
1255	7	287	SEA
1257	13	473	SEA
1257	2	2093	SEA
1257	21	991	SEA
1257	26	746	SEA
1257	40	678	SEA
1257	51	830	SEA
1257	67	897	SEA
1257	7	302	SEA
1264	13	519	SEA
1264	2	2129	SEA
1264	21	839	SEA
1264	26	405	SEA
1264	40	673	SEA
1264	51	689	SEA
1264	67	950	SEA
1264	7	601	SEA
1265	13	810	SEA
1265	21	862	SEA
1265	26	606	SEA
1265	40	658	SEA
1265	51	758	SEA
1265	67	689	SEA
1265	7	369	SEA
1275	13	969	SEA
1275	2	1038	SEA
1275	21	889	SEA
1275	26	579	SEA
1275	40	638	SEA
1275	51	869	SDA
1275	67	842	SEA
1275	7	799	SEA
1278	13	839	SEA
1278	2	1025	SEA
1278	21	948	SEA
1278	26	637	SEA
1278	40	593	SEA
1278	51	850	SEA
1278	67	695	SEA
1278	7	419	SEA
1280	13	871	SEA
1280	2	1029	SEA
1280	21	964	SEA
1280	26	644	SEA
1280	40	559	SEA
1280	51	831	SEA
1280	67	689	SEA
1280	7	379	SEA
1284	13	962	SEA
1284	2	1149	SEA
1284	21	984	SEA
1284	26	579	SEA
1284	40	1101	SEA
1284	51	870	SEA
1284	67	468	SEA
1284	7	429	SEA
1295	13	982	SEA
1295	2	1256	SEA
1295	21	1022	SEA
1295	26	566	SEA
1295	40	1391	SEA
1295	51	877	SEA
1295	67	716	SEA
1295	7	597	SEA
1296	13	982	SEA
1296	2	1256	SEA
1296	21	1022	SEA
1296	26	566	SEA
1296	40	1391	SEA
1296	51	877	SEA
1296	67	716	SEA
1296	7	597	SEA
1301	13	671	SEA
1301	2	808	SEA
1301	21	715	SEA
1301	26	681	SEA
1301	40	1375	SEA
1301	51	822	SEA
1301	67	751	SEA
1301	7	204	SEA
1306	13	680	SEA
1306	2	902	SEA
1306	21	716	SEA
1306	26	641	SEA
1306	40	1295	SEA
1306	51	737	SEA
1306	67	780	SEA
1306	7	262	SEA
1308	13	582	SEA
1308	2	923	SEA
1308	21	817	SEA
1308	26	634	SEA
1308	40	1354	SEA
1308	51	599	SEA
1308	67	823	SEA
1308	7	290	SEA
1312	13	461	SEA
1312	2	882	SEA
1312	21	731	SEA
1312	26	819	SEA
1312	40	1148	SEA
1312	51	674	SEA
1312	67	389	SEA
1312	7	372	SEA
1319	13	1077	SEA
1319	2	779	SEA
1319	21	1051	SEA
1319	26	696	SEA
1319	40	1096	SEA
1319	51	702	SEA
1319	67	365	SEA
1319	7	670	SEA
