363	40	615	SEA
363	42	1547	SEA
375	40	708	SEA
375	42	517	SEA
385	40	719	SEA
385	42	524	SEA
408	40	547	SEA
408	42	719	SEA
409	40	780	SEA
409	42	560	SEA
421	40	780	SEA
421	42	581	SEA
422	40	780	SEA
422	42	585	SEA
435	40	447	SEA
435	42	639	SDA
439	40	766	SEA
439	42	597	SEA
448	40	780	SEA
448	42	437	SEA
450	40	739	SEA
450	42	500	SEA
453	40	643	SEA
453	42	440	SEA
458	40	592	SEA
458	42	593	SEA
463	40	859	SEA
463	42	776	SEA
465	40	755	SEA
465	42	698	SEA
494	40	839	SEA
494	42	715	SEA
500	40	479	SEA
500	42	820	SEA
507	40	900	SEA
507	42	657	SEA
512	40	685	SEA
512	42	595	SEA
520	40	900	SEA
520	42	496	SEA
529	40	499	SEA
529	42	404	SEA
541	40	679	SEA
541	42	541	SEA
542	40	639	SEA
542	42	569	SEA
543	40	639	SEA
543	42	569	SEA
549	40	400	SEA
549	42	605	SEA
554	40	878	SEA
554	42	581	SEA
564	40	900	SEA
564	42	712	SEA
568	40	839	SEA
568	42	793	SEA
570	40	704	SEA
570	42	794	SEA
578	40	900	SEA
578	42	608	SEA
593	40	900	SEA
593	42	969	SEA
606	40	900	SEA
606	42	861	SEA
607	40	900	SEA
607	42	885	SEA
615	40	719	SEA
615	42	845	SEA
624	40	960	SEA
624	42	1010	SEA
629	40	839	SEA
629	42	901	SEA
630	40	839	SEA
630	42	901	SEA
637	40	669	SEA
637	42	902	SEA
667	40	479	SEA
667	42	990	SEA
672	40	960	SEA
672	42	911	SEA
692	40	959	SEA
692	42	871	SEA
694	40	872	SEA
694	42	951	SEA
710	40	800	SEA
710	42	756	SEA
718	40	960	SEA
718	42	971	SEA
720	40	960	SEA
720	42	952	SEA
727	40	846	SEA
727	42	770	SEA
729	40	822	SEA
729	42	782	SEA
749	40	960	SEA
749	42	669	SEA
751	40	960	SEA
751	42	661	SEA
757	40	839	SEA
757	42	852	SEA
759	40	799	SEA
759	42	865	SEA
760	40	736	SEA
760	42	830	SEA
761	40	702	SEA
761	42	875	SEA
765	40	960	SEA
765	42	669	SEA
768	40	960	SEA
768	42	442	SEA
770	40	960	SEA
770	42	484	SEA
771	40	959	SEA
771	42	507	SEA
772	40	959	SEA
772	42	507	SEA
773	40	839	SEA
773	42	520	SEA
774	40	799	SEA
774	42	544	SEA
775	40	799	SEA
775	42	544	SEA
778	40	539	SEA
778	42	803	SEA
779	40	479	SEA
779	42	807	SEA
783	40	960	SEA
783	42	685	SEA
791	40	778	SEA
791	42	879	SEA
798	40	960	SEA
798	42	821	SEA
801	40	960	SEA
801	42	662	SEA
804	40	919	SEA
804	42	744	SEA
808	40	745	SEA
808	42	581	SEA
810	40	865	SEA
810	42	568	SEA
819	40	960	SEA
819	42	682	SEA
834	40	960	SEA
834	42	626	SEA
840	40	878	SEA
840	42	652	SEA
847	40	960	SEA
847	42	557	SEA
853	40	839	SEA
853	42	1607	SEA
859	40	539	SEA
859	42	1446	SEA
871	40	719	SEA
871	42	413	SEA
876	40	633	SEA
876	42	146	SEA
887	40	73	SEA
887	42	1454	SEA
889	40	175	SEA
889	42	1510	SEA
893	40	347	SEA
893	42	971	SEA
895	40	960	SEA
895	42	558	SEA
901	40	839	SEA
901	42	863	SEA
908	40	742	SEA
908	42	793	SEA
918	40	831	SEA
918	42	665	SEA
920	40	861	SEA
920	42	597	SEA
922	40	799	SEA
922	42	1549	SEA
923	40	900	SEA
923	42	1562	SEA
924	40	900	SEA
924	42	815	SEA
926	40	900	SEA
926	42	851	SEA
932	40	839	SEA
932	42	781	SEA
933	40	779	SEA
933	42	852	SEA
936	40	539	SEA
936	42	930	SEA
937	40	447	SEA
937	42	920	SEA
943	40	336	SEA
943	42	781	SEA
944	40	1019	SEA
944	42	858	SEA
950	40	778	SEA
950	42	661	SEA
952	40	831	SEA
952	42	607	SEA
953	40	840	SEA
953	42	609	SEA
965	40	599	SEA
965	42	702	SEA
967	40	419	SEA
967	42	687	SEA
972	40	840	SEA
972	42	854	SEA
986	40	1680	SEA
986	42	842	SEA
987	40	146	SEA
987	42	831	SEA
989	40	76	SEA
989	42	844	SEA
992	40	1696	SEA
992	42	811	SEA
1000	40	840	SEA
1000	42	869	SEA
1006	40	682	SEA
1006	42	727	SEA
1007	40	682	SEA
1007	42	727	SEA
1008	40	633	SEA
1008	42	665	SEA
1010	40	678	SEA
1010	42	866	SEA
1013	40	840	SEA
1013	42	875	SEA
1014	40	840	SEA
1014	42	919	SEA
1016	40	839	SEA
1016	42	909	SEA
1019	40	676	SEA
1019	42	818	SEA
1023	40	655	SEA
1023	42	770	SEA
1026	40	900	SEA
1026	42	862	SEA
1028	40	900	SEA
1028	42	909	SEA
1033	40	710	SEA
1033	42	800	SEA
1037	40	623	SEA
1037	42	811	SEA
1040	40	900	SEA
1040	42	844	SEA
1042	40	900	SEA
1042	42	888	SEA
1048	40	686	SEA
1048	42	737	SEA
1049	40	732	SEA
1049	42	659	SEA
1051	40	656	SEA
1051	42	844	SEA
1053	40	678	SEA
1053	42	831	SEA
1057	40	900	SEA
1057	42	886	SEA
1059	40	900	SEA
1059	42	888	SEA
1063	40	786	SEA
1063	42	941	SEA
1064	40	706	SEA
1064	42	773	SEA
1067	40	791	SEA
1067	42	772	SEA
1069	40	1140	SEA
1069	42	778	SEA
1071	40	1140	SEA
1071	42	870	SEA
1074	40	1140	SEA
1074	42	831	SEA
1075	40	1139	SEA
1075	42	799	SEA
1090	40	1140	SEA
1090	42	785	SEA
1093	40	1140	SEA
1093	42	734	SEA
1099	40	998	SEA
1099	42	814	SEA
1108	40	1140	SEA
1108	42	535	SEA
1112	40	1140	SEA
1112	42	405	SEA
1119	40	1275	SEA
1119	42	466	SEA
1127	40	865	SEA
1127	42	702	SEA
1130	40	865	SEA
1130	42	756	SEA
1132	40	865	SEA
1132	42	813	SEA
1136	40	865	SEA
1136	42	759	SEA
1140	40	744	SEA
1140	42	749	SEA
1146	40	492	SEA
1146	42	960	SEA
1149	40	1140	SEA
1149	42	784	SEA
1153	40	1015	SEA
1153	42	767	SEA
1154	40	1010	SEA
1154	42	772	SEA
1157	40	949	SEA
1157	42	728	SEA
1164	40	1140	SEA
1164	42	701	SEA
1168	40	1140	SEA
1168	42	828	SEA
1181	40	1140	SEA
1181	42	642	SEA
1183	40	1140	SEA
1183	42	579	SEA
1188	40	1140	SEA
1188	42	601	SEA
1190	40	1139	SEA
1190	42	616	SEA
1200	40	1140	SEA
1200	42	613	SEA
1205	40	1140	SEA
1205	42	622	SEA
1209	40	1139	SEA
1209	42	654	SEA
1210	40	1083	SEA
1210	42	665	SEA
1214	40	1104	SEA
1214	42	720	SEA
1228	40	1081	SEA
1228	42	885	SEA
1239	40	1140	SEA
1239	42	826	SEA
1240	40	1140	SEA
1240	42	839	SEA
1243	40	1140	SEA
1243	42	939	SEA
1248	40	1079	SEA
1248	42	800	SEA
1252	40	799	SEA
1252	42	790	SEA
1255	40	771	SEA
1255	42	844	SEA
1257	40	725	SEA
1257	42	743	SEA
1264	40	1140	SEA
1264	42	825	SEA
1265	40	1140	SEA
1265	42	847	SEA
1275	40	1200	SEA
1275	42	883	SEA
1278	40	1200	SEA
1278	42	860	SEA
1280	40	1200	SEA
1280	42	905	SEA
1284	40	1199	SEA
1284	42	769	SEA
1295	40	1200	SEA
1295	42	720	SEA
1296	40	1200	SEA
1296	42	720	SEA
1301	40	1200	SEA
1301	42	899	SEA
1306	40	1167	SEA
1306	42	936	SEA
1308	40	1149	SEA
1308	42	826	SEA
1312	40	1200	SEA
1312	42	799	SEA
1319	40	1200	SEA
1319	42	896	SEA
