363	135	1020	SEA
363	15	420	SEA
363	150	779	SEA
375	135	679	SEA
375	15	525	SEA
375	150	798	SEA
385	135	660	SEA
385	15	739	SEA
385	150	1016	SEA
395	135	671	SEA
395	15	119	SEA
395	150	719	SEA
408	135	735	SEA
408	15	633	SEA
408	150	679	SEA
409	135	740	SEA
409	15	634	SEA
409	150	638	SEA
421	135	679	SEA
421	15	411	SDA
421	150	760	SEA
422	135	685	SEA
422	15	884	SEA
422	150	619	SEA
435	135	616	SEA
435	15	75	SEA
435	150	829	SEA
439	135	537	SEA
439	15	169	SEA
439	150	803	SEA
448	135	478	SEA
448	15	104	SEA
448	150	826	SEA
458	135	627	SEA
458	15	91	SEA
458	150	499	SEA
463	135	642	SEA
463	15	150	SEA
463	150	900	SEA
494	135	697	SEA
494	15	131	SEA
494	150	180	SEA
507	135	653	SEA
507	15	739	SEA
507	150	1997	SEA
520	135	763	SEA
520	15	699	SDA
520	150	2129	SEA
529	135	669	SEA
529	15	965	SEA
529	150	960	SEA
536	135	659	SEA
536	15	352	SDA
536	150	2154	SEA
543	135	788	SEA
543	15	230	SEA
549	135	1390	SEA
549	15	63	SEA
549	150	874	SEA
554	135	1363	SEA
554	15	9	SEA
564	135	580	SEA
564	15	157	SEA
564	150	1903	SEA
568	135	595	SEA
568	15	100	SEA
568	150	1990	SEA
578	135	633	SEA
578	15	932	SEA
578	150	1091	SEA
593	135	730	SEA
593	15	845	SEA
593	150	480	SEA
606	135	526	SEA
606	15	150	SEA
606	150	286	SEA
607	135	422	SEA
607	15	76	SEA
607	150	228	SEA
629	135	242	SEA
629	15	250	SEA
629	150	966	SEA
637	135	642	SEA
637	15	764	SEA
637	150	824	SEA
654	135	673	SEA
654	15	94	SEA
654	150	1524	SEA
672	135	588	SEA
672	15	16	SEA
672	150	1224	SEA
694	135	711	SEA
694	15	915	SEA
694	150	1402	SEA
710	135	659	SEA
710	15	1098	SEA
710	150	1094	SEA
718	135	698	SEA
718	15	1063	SEA
718	150	1217	SEA
727	135	680	SEA
727	15	514	SEA
727	150	1159	SEA
729	135	691	SEA
729	15	489	SEA
729	150	1079	SEA
740	135	1323	SEA
740	15	964	SEA
740	150	1134	SEA
749	135	492	SEA
749	15	826	SEA
749	150	1019	SEA
751	135	507	SEA
751	15	807	SEA
751	150	1012	SEA
757	135	578	SEA
757	15	864	SEA
757	150	1279	SEA
759	135	620	SEA
759	15	399	SEA
759	150	1295	SEA
760	135	319	SEA
760	15	415	SEA
760	150	1200	SEA
761	135	259	SEA
761	15	372	SEA
761	150	1200	SEA
765	135	659	SEA
765	15	430	SEA
765	150	1200	SEA
768	135	559	SEA
768	15	366	SEA
768	150	1280	SEA
770	135	661	SEA
770	15	445	SEA
770	150	1096	SEA
771	135	645	SEA
771	15	462	SEA
771	150	1103	SEA
772	135	645	SEA
772	15	462	SEA
772	150	1103	SEA
774	135	594	SEA
774	15	934	SEA
774	150	1281	SEA
775	135	594	SEA
775	15	934	SEA
775	150	1281	SEA
778	135	536	SEA
778	15	896	SEA
778	150	1261	SEA
783	135	653	SEA
783	15	725	SEA
791	135	755	SEA
791	15	614	SEA
791	150	956	SEA
798	135	743	SEA
798	15	837	SEA
798	150	957	SEA
801	135	660	SEA
801	15	759	SEA
801	150	963	SEA
804	135	499	SEA
804	15	761	SEA
804	150	1140	SEA
808	135	370	SEA
808	15	583	SEA
808	150	1100	SEA
810	135	383	SEA
810	15	614	SEA
810	150	1048	SEA
819	135	528	SEA
819	15	1177	SEA
819	150	1149	SEA
834	135	446	SDA
834	15	863	SDA
834	150	1328	SEA
840	135	630	SEA
840	15	976	SEA
840	150	1140	SEA
847	135	1307	SEA
847	15	688	SEA
847	150	939	SEA
853	135	1331	SEA
853	15	552	SEA
853	150	1016	SEA
859	135	660	SEA
859	15	466	SEA
859	150	1037	SEA
863	135	660	SEA
863	15	428	SEA
863	150	1140	SEA
871	135	552	SEA
871	15	528	SEA
871	150	1078	SEA
876	135	512	SEA
876	15	872	SEA
876	150	1033	SEA
887	135	660	SEA
887	15	670	SEA
887	150	1004	SEA
889	135	659	SEA
889	15	646	SEA
889	150	1025	SEA
893	135	571	SEA
893	15	548	SEA
893	150	1082	SEA
895	135	536	SEA
895	15	478	SEA
895	150	1040	SEA
901	135	741	SEA
901	15	638	SEA
901	150	1219	SEA
908	135	600	SEA
908	15	518	SEA
908	150	1086	SEA
918	135	638	SEA
918	15	559	SEA
918	150	1140	SEA
920	135	652	SEA
920	15	531	SEA
920	150	1139	SEA
922	135	661	SEA
922	15	1009	SEA
922	150	1019	SEA
923	135	684	SEA
923	15	1093	SEA
923	150	1053	SEA
924	135	623	SEA
924	15	1064	SEA
924	150	989	SEA
926	135	678	SEA
926	15	1151	SEA
926	150	873	SEA
932	135	713	SEA
932	15	118	SEA
932	150	914	SEA
933	135	691	SEA
933	15	83	SEA
933	150	847	SEA
936	135	605	SEA
936	15	110	SEA
936	150	884	SEA
937	135	485	SEA
937	15	128	SEA
937	150	1140	SEA
940	135	305	SEA
940	15	184	SEA
940	150	1019	SEA
941	135	265	SEA
941	15	183	SEA
941	150	979	SEA
943	135	185	SEA
943	15	177	SEA
943	150	899	SEA
944	135	474	SEA
944	15	118	SEA
944	150	1024	SEA
950	135	488	SEA
950	15	673	SEA
950	150	1026	SEA
952	135	367	SEA
952	15	444	SEA
952	150	1062	SEA
953	135	327	SEA
953	15	467	SEA
953	150	1055	SEA
965	135	1183	SEA
965	15	760	SEA
965	150	1002	SEA
967	135	1128	SEA
967	15	529	SDA
967	150	1026	SEA
972	135	1287	SEA
972	15	523	SDA
972	150	1010	SEA
986	135	656	SEA
986	15	394	SEA
986	150	1145	SEA
987	135	663	SEA
987	15	357	SEA
987	150	1149	SEA
989	135	664	SEA
989	15	286	SEA
989	150	1148	SEA
992	135	640	SEA
992	15	299	SEA
992	150	1140	SEA
1000	135	665	SEA
1000	15	416	SEA
1000	150	979	SEA
1006	135	614	SEA
1006	15	330	SEA
1006	150	1168	SEA
1007	135	614	SEA
1007	15	330	SEA
1007	150	1168	SEA
1008	135	599	SEA
1008	15	314	SEA
1008	150	1169	SEA
1010	135	622	SEA
1010	15	339	SEA
1010	150	1140	SEA
1013	135	520	SEA
1013	15	372	SEA
1013	150	1140	SEA
1014	135	460	SEA
1014	15	709	SEA
1014	150	1139	SEA
1016	135	417	SEA
1016	15	708	SEA
1016	150	1019	SEA
1019	135	422	SEA
1019	15	647	SEA
1019	150	899	SEA
1023	135	500	SEA
1023	15	755	SEA
1023	150	1085	SEA
1026	135	562	SEA
1026	15	821	SEA
1026	150	1041	SEA
1028	135	552	SEA
1028	15	747	SEA
1028	150	1004	SEA
1033	135	667	SEA
1033	15	100	SEA
1033	150	959	SEA
1037	135	631	SEA
1037	15	71	SEA
1037	150	779	SEA
1040	135	615	SEA
1040	15	14	SEA
1040	150	599	SEA
1042	135	647	SEA
1042	15	10	SEA
1042	150	529	SEA
1048	135	818	SEA
1048	15	112	SDA
1048	150	688	SEA
1049	135	800	SEA
1049	15	39	SDA
1049	150	645	SEA
1051	135	747	SEA
1051	15	35	SEA
1051	150	760	SEA
1053	135	743	SEA
1053	15	53	SEA
1053	150	799	SEA
1057	135	779	SEA
1057	15	25	SEA
1057	150	1021	SEA
1059	135	167	SEA
1059	15	31	SEA
1059	150	1011	SEA
1063	135	370	SEA
1063	15	418	SEA
1063	150	900	SEA
1064	135	501	SEA
1064	15	495	SEA
1064	150	900	SEA
1067	135	788	SEA
1067	15	453	SEA
1067	150	839	SEA
1069	135	726	SEA
1069	15	465	SEA
1069	150	759	SEA
1071	135	128	SEA
1071	15	469	SEA
1071	150	742	SEA
1074	135	801	SEA
1074	15	637	SEA
1074	150	684	SEA
1075	135	494	SEA
1075	15	684	SEA
1075	150	735	SEA
1090	135	660	SEA
1090	15	279	SEA
1090	150	929	SEA
1093	135	687	SEA
1093	15	726	SEA
1093	150	934	SEA
1099	135	733	SEA
1099	15	849	SDA
1099	150	792	SEA
1103	135	736	SEA
1103	15	847	SDA
1103	150	535	SEA
1105	135	719	SEA
1105	15	875	SDA
1105	150	668	SEA
1108	135	635	SEA
1108	15	745	SDA
1108	150	680	SEA
1112	135	665	SEA
1112	15	607	SDA
1112	150	777	SEA
1119	135	1466	SEA
1119	15	553	SDA
1119	150	628	SEA
1127	135	1418	SEA
1127	15	1168	SEA
1127	150	900	SEA
1130	135	741	SEA
1130	15	454	SDA
1130	150	599	SEA
1132	135	698	SEA
1132	15	443	SDA
1132	150	499	SEA
1136	135	670	SEA
1136	15	518	SDA
1136	150	1458	SEA
1140	135	723	SEA
1140	15	533	SDA
1140	150	1527	SDA
1146	135	619	SEA
1146	15	508	SDA
1146	150	739	SEA
1149	135	558	SEA
1149	15	764	SEA
1149	150	832	SEA
1153	135	536	SEA
1153	15	833	SEA
1153	150	826	SEA
1154	135	484	SEA
1154	15	853	SDA
1154	150	818	SEA
1157	135	535	SEA
1157	15	739	SEA
1157	150	839	SEA
1164	135	535	SEA
1164	15	615	SDA
1164	150	542	SEA
1168	135	1289	SEA
1168	15	529	SEA
1168	150	608	SDA
1181	15	625	SEA
1181	150	870	SEA
1183	135	732	SEA
1183	15	709	SEA
1183	150	807	SEA
1188	135	728	SEA
1188	15	696	SDA
1188	150	1175	SEA
1190	135	756	SEA
1190	15	718	SDA
1190	150	1084	SEA
1200	135	791	SEA
1200	15	549	SEA
1200	150	1060	SEA
1205	135	731	SEA
1205	15	1053	SEA
1205	150	1199	SEA
1209	135	789	SEA
1209	15	988	SEA
1209	150	1019	SEA
1210	135	768	SEA
1210	15	970	SEA
1210	150	959	SEA
1214	135	772	SEA
1214	15	962	SEA
1214	150	1084	SEA
1228	135	531	SEA
1228	15	918	SEA
1228	150	1201	SEA
1239	135	2147	SEA
1239	15	1074	SEA
1239	150	1159	SEA
1240	135	725	SEA
1240	15	998	SEA
1240	150	1129	SEA
1243	135	1438	SEA
1243	15	1114	SEA
1243	150	1200	SEA
1248	135	1474	SEA
1248	15	1126	SEA
1248	150	1269	SEA
1252	135	1502	SEA
1252	15	1117	SEA
1252	150	1191	SEA
1255	135	780	SEA
1255	15	1042	SEA
1255	150	1208	SEA
1256	135	780	SEA
1256	15	1130	SEA
1256	150	1208	SEA
1257	135	780	SEA
1257	15	1130	SEA
1257	150	1208	SEA
1264	135	670	SEA
1264	15	1125	SEA
1265	135	653	SEA
1265	15	1234	SEA
1275	135	784	SEA
1275	15	1203	SEA
1275	150	1416	SDA
1278	135	840	SEA
1278	15	744	SEA
1278	150	1367	SDA
1279	135	840	SEA
1279	15	744	SEA
1279	150	1367	SDA
1280	135	840	SEA
1280	15	834	SEA
1280	150	1377	SDA
1284	135	840	SEA
1284	15	754	SEA
1284	150	1440	SEA
1295	135	950	SEA
1295	15	764	SEA
1295	150	1341	SEA
1296	135	950	SEA
1296	15	764	SEA
1296	150	1341	SEA
1301	135	1050	SEA
1301	15	1720	SEA
1301	150	1343	SEA
1306	135	580	SEA
1306	15	686	SEA
1308	135	580	SEA
1308	15	734	SEA
1308	150	1440	SEA
1312	135	539	SEA
1312	15	806	SEA
1312	150	1440	SEA
1319	135	453	SEA
1319	15	725	SEA
1319	150	1416	SEA
