375	35	1299	SEA
392	35	908	SEA
395	35	905	SEA
408	35	917	SEA
409	35	907	SEA
421	35	990	SEA
422	35	2184	SEA
435	35	1532	SEA
439	35	1562	SEA
448	35	772	SEA
458	35	467	SEA
463	35	1205	SEA
512	35	795	SEA
516	35	851	SEA
529	35	865	SEA
531	35	868	SEA
536	35	480	SEA
549	35	730	SEA
554	35	519	SEA
568	35	1347	SEA
593	35	1310	SEA
606	35	2061	SEA
607	35	2101	SEA
623	35	1097	SEA
624	35	1312	SEA
637	35	1316	SEA
694	35	1322	SEA
710	35	603	SEA
718	35	2129	SEA
778	35	2031	SEA
791	35	800	SEA
798	35	741	SEA
801	35	1002	SEA
804	35	1023	SEA
808	35	1008	SEA
810	35	974	SEA
853	35	999	SEA
893	35	101	SEA
895	35	130	SEA
901	35	128	SEA
908	35	149	SEA
918	35	136	SEA
920	35	144	SEA
922	35	166	SEA
923	35	162	SEA
924	35	113	SEA
926	35	98	SEA
936	35	337	SEA
937	35	326	SEA
940	35	292	SEA
941	35	290	SEA
943	35	276	SEA
944	35	269	SEA
950	35	250	SEA
952	35	483	SEA
953	35	456	SEA
965	35	188	SEA
967	35	193	SEA
972	35	498	SEA
986	35	548	SEA
987	35	497	SEA
989	35	724	SEA
992	35	616	SEA
1000	35	401	SEA
1006	35	467	SEA
1007	35	467	SEA
1008	35	1626	SEA
1010	35	671	SEA
1013	35	620	SEA
1014	35	605	SEA
1016	35	941	SEA
1019	35	938	SEA
1023	35	802	SEA
1026	35	876	SEA
1028	35	920	SEA
1033	35	755	SEA
1037	35	778	SEA
1040	35	1270	SEA
1042	35	1289	SEA
1048	35	1228	SEA
1049	35	1280	SEA
1051	35	703	SEA
1053	35	671	SEA
1057	35	692	SEA
1059	35	448	SEA
1063	35	430	SEA
1064	35	432	SEA
1067	35	479	SEA
1069	35	515	SDA
1071	35	535	SDA
1074	35	499	SDA
1075	35	992	SEA
1090	35	1125	SEA
1093	35	1156	SEA
1168	35	907	SEA
1181	35	1117	SEA
1183	35	1104	SEA
1188	35	1084	SEA
1190	35	1112	SEA
1200	35	1258	SEA
1205	35	1186	SEA
1209	35	948	SEA
