363	851	422	SEA
375	851	743	SEA
385	851	809	SEA
392	851	790	SEA
400	851	752	SEA
408	851	661	SEA
409	851	587	SEA
414	851	582	SEA
421	851	1038	SEA
422	851	1009	SEA
425	851	1020	SEA
435	851	814	SEA
439	851	833	SEA
448	851	793	SEA
450	851	718	SEA
453	851	729	SEA
457	851	497	SEA
458	851	466	SEA
463	851	425	SEA
465	851	396	SEA
488	851	482	SEA
490	851	465	SEA
492	851	517	SEA
494	851	506	SEA
500	851	486	SEA
501	851	342	SEA
505	851	259	SEA
507	851	381	SEA
508	851	375	SEA
512	851	969	SEA
516	851	981	SEA
517	851	418	SEA
520	851	433	SEA
529	851	412	SEA
531	851	475	SEA
536	851	129	SEA
541	851	156	SEA
542	851	132	SEA
543	851	132	SEA
549	851	239	SEA
554	851	320	SEA
558	851	339	SEA
564	851	629	SEA
566	851	558	SEA
568	851	1174	SEA
578	851	525	SEA
593	851	355	SEA
596	851	306	SEA
606	851	280	SEA
607	851	266	SEA
610	851	291	SEA
615	851	228	SEA
624	851	795	SEA
637	851	533	SEA
652	851	527	SEA
654	851	569	SEA
663	851	527	SEA
684	851	798	SEA
692	851	928	SEA
694	851	852	SEA
710	851	577	SDA
720	851	503	SEA
727	851	765	SEA
729	851	776	SEA
739	851	726	SEA
740	851	748	SEA
749	851	826	SEA
750	851	873	SEA
751	851	873	SEA
756	851	900	SEA
757	851	806	SEA
759	851	916	SEA
760	851	560	SDA
761	851	593	SDA
765	851	543	SDA
768	851	581	SEA
770	851	616	SEA
771	851	553	SEA
772	851	553	SEA
773	851	610	SEA
774	851	515	SEA
775	851	515	SEA
778	851	303	SEA
779	851	410	SEA
783	851	589	SEA
791	851	665	SEA
798	851	640	SEA
801	851	682	SEA
804	851	657	SEA
808	851	846	SEA
810	851	952	SEA
819	851	642	SEA
834	851	655	SEA
840	851	732	SEA
847	851	1192	SEA
853	851	1217	SEA
859	851	650	SEA
863	851	741	SEA
871	851	1109	SEA
876	851	356	SEA
887	851	253	SEA
889	851	365	SEA
893	851	833	SEA
895	851	765	SEA
901	851	423	SEA
908	851	483	SEA
918	851	569	SEA
920	851	493	SEA
922	851	562	SEA
923	851	508	SEA
924	851	671	SEA
926	851	611	SEA
932	851	582	SEA
933	851	532	SEA
936	851	589	SEA
937	851	526	SEA
940	851	588	SEA
941	851	472	SEA
943	851	492	SEA
944	851	357	SEA
950	851	775	SEA
952	851	853	SEA
953	851	863	SEA
965	851	598	SEA
967	851	566	SEA
972	851	591	SEA
986	851	585	SEA
987	851	599	SEA
989	851	548	SEA
992	851	522	SEA
1000	851	635	SEA
1006	851	791	SEA
1007	851	791	SEA
1008	851	744	SEA
1010	851	768	SEA
1013	851	756	SEA
1014	851	881	SEA
1016	851	805	SEA
1019	851	822	SEA
1023	851	762	SEA
1026	851	629	SEA
1028	851	596	SEA
1033	851	471	SEA
1037	851	466	SEA
1040	851	483	SEA
1042	851	459	SEA
1048	851	321	SEA
1049	851	235	SEA
1051	851	584	SEA
1053	851	610	SEA
1057	851	855	SEA
1059	851	873	SEA
1063	851	922	SEA
1064	851	547	SEA
1067	851	543	SEA
1069	851	586	SEA
1071	851	572	SEA
1074	851	646	SEA
1075	851	714	SEA
1090	851	544	SDA
1093	851	593	SEA
1099	851	521	SEA
1103	851	473	SEA
1105	851	414	SEA
1108	851	557	SDA
1112	851	332	SEA
1119	851	378	SEA
1127	851	410	SDA
1130	851	454	SDA
1132	851	341	SDA
1136	851	161	SDA
1140	851	181	SDA
1146	851	654	SEA
1149	851	380	SEA
1153	851	418	SEA
1154	851	811	SEA
1157	851	828	SEA
1164	851	5	SEA
1168	851	97	SEA
1181	851	814	SEA
1183	851	805	SEA
1188	851	29	SEA
1190	851	41	SEA
1200	851	81	SEA
1205	851	514	SEA
1209	851	510	SEA
1210	851	535	SEA
1214	851	569	SEA
1228	851	758	SEA
1239	851	679	SEA
1240	851	739	SEA
1243	851	676	SEA
1248	851	617	SEA
1252	851	892	SEA
1255	851	957	SEA
1256	851	970	SEA
1257	851	970	SEA
1264	851	947	SEA
1265	851	994	SEA
1275	851	556	SEA
1278	851	535	SDA
1279	851	535	SDA
1280	851	523	SDA
1284	851	527	SEA
1289	851	485	SEA
1295	851	621	SEA
1296	851	621	SEA
1301	851	866	SEA
1306	851	760	SEA
1308	851	931	SEA
1312	851	836	SEA
1319	851	963	SEA
