408	12	634	SEA
409	12	606	SEA
421	12	589	SEA
422	12	89	SEA
435	12	684	SEA
439	12	750	SEA
448	12	772	SEA
453	12	251	SDA
463	12	113	SEA
490	12	313	SDA
494	12	339	SDA
512	12	487	SEA
529	12	181	SEA
531	12	167	SEA
549	12	506	SEA
554	12	375	SEA
568	12	425	SEA
593	12	723	SEA
596	12	630	SEA
606	12	657	SEA
607	12	726	SEA
623	12	707	SEA
624	12	646	SEA
637	12	335	SEA
654	12	1156	SDA
663	12	368	SEA
684	12	121	SEA
694	12	941	SEA
710	12	216	SEA
718	12	1258	SEA
720	12	745	SEA
727	12	595	SEA
729	12	599	SEA
740	12	545	SEA
751	12	148	SEA
757	12	146	SEA
760	12	193	SEA
761	12	179	SEA
765	12	87	SEA
768	12	145	SEA
770	12	239	SEA
771	12	283	SEA
774	12	258	SEA
775	12	258	SEA
778	12	197	SEA
791	12	517	SEA
798	12	424	SEA
801	12	418	SEA
804	12	429	SEA
808	12	1285	SEA
810	12	1298	SEA
819	12	609	SEA
834	12	601	SEA
840	12	947	SEA
847	12	925	SEA
853	12	803	SEA
859	12	751	SEA
863	12	806	SEA
871	12	679	SEA
876	12	728	SEA
887	12	722	SEA
889	12	692	SEA
893	12	816	SEA
895	12	885	SDA
901	12	1067	SEA
908	12	163	SEA
918	12	45	SEA
920	12	83	SEA
922	12	129	SEA
923	12	1072	SEA
924	12	689	SEA
926	12	637	SEA
932	12	454	SEA
933	12	458	SEA
936	12	446	SEA
937	12	407	SEA
940	12	568	SEA
941	12	563	SEA
943	12	632	SEA
944	12	615	SEA
950	12	334	SEA
952	12	303	SEA
953	12	338	SEA
965	12	1421	SEA
967	12	1348	SEA
972	12	1194	SEA
986	12	419	SEA
987	12	433	SEA
989	12	333	SEA
992	12	312	SEA
1000	12	819	SEA
1006	12	291	SEA
1007	12	291	SEA
1008	12	280	SEA
1010	12	396	SEA
1013	12	428	SEA
1014	12	496	SEA
1016	12	926	SEA
1019	12	965	SEA
1023	12	1137	SEA
1026	12	1131	SEA
1028	12	1068	SEA
1033	12	943	SEA
1037	12	1035	SEA
1040	12	1060	SEA
1042	12	1044	SEA
1048	12	4	SEA
1049	12	4	SEA
1051	12	38	SEA
1053	12	76	SEA
1057	12	165	SEA
1059	12	103	SDA
1063	12	215	SDA
1064	12	193	SDA
1067	12	81	SDA
1069	12	126	SDA
1071	12	911	SEA
1074	12	926	SEA
1075	12	938	SEA
1090	12	77	SDA
1093	12	7	SDA
1099	12	122	SEA
1103	12	625	SEA
1105	12	545	SEA
1108	12	445	SEA
1112	12	533	SEA
1119	12	695	SEA
1127	12	678	SDA
1130	12	716	SDA
1132	12	653	SDA
1136	12	662	SDA
1140	12	651	SEA
1146	12	1067	SEA
1149	12	1065	SEA
1153	12	324	SDA
1154	12	335	SDA
1157	12	350	SDA
1164	12	185	SDA
1168	12	151	SDA
1181	12	440	SEA
1183	12	467	SEA
1188	12	534	SEA
1190	12	531	SEA
1200	12	882	SEA
1205	12	378	SEA
1209	12	593	SEA
1210	12	649	SEA
1214	12	648	SEA
1228	12	668	SEA
1239	12	372	SEA
1240	12	338	SEA
1243	12	336	SEA
1248	12	327	SEA
1252	12	234	SEA
1255	12	302	SEA
1256	12	746	SEA
1257	12	746	SEA
1264	12	929	SEA
1265	12	860	SEA
1275	12	601	SEA
1278	12	584	SEA
1280	12	589	SEA
1284	12	672	SEA
1289	12	607	SEA
1295	12	701	SEA
1296	12	701	SEA
1301	12	733	SEA
1306	12	899	SEA
1308	12	856	SEA
1312	12	870	SEA
1319	12	776	SEA
