363	100	556	SEA
385	100	811	SEA
408	100	374	SEA
409	100	369	SEA
421	100	304	SDA
422	100	261	SDA
435	100	882	SEA
439	100	899	SEA
448	100	758	SDA
458	100	459	SEA
463	100	490	SDA
494	100	378	SDA
507	100	254	SDA
512	100	177	SDA
520	100	128	SDA
529	100	369	SDA
543	100	256	SDA
549	100	567	SEA
554	100	490	SEA
568	100	876	SEA
593	100	925	SEA
606	100	771	SEA
607	100	693	SEA
629	100	733	SEA
637	100	930	SEA
654	100	977	SDA
694	100	761	SEA
710	100	775	SEA
720	100	719	SDA
727	100	631	SEA
729	100	665	SEA
751	100	524	SEA
757	100	920	SEA
759	100	933	SEA
760	100	935	SEA
765	100	315	SEA
768	100	342	SEA
770	100	302	SEA
772	100	317	SEA
774	100	239	SEA
778	100	216	SEA
783	100	1070	SEA
791	100	446	SDA
798	100	453	SDA
801	100	442	SDA
804	100	432	SDA
808	100	873	SEA
810	100	763	SEA
819	100	1993	SEA
834	100	361	SDA
840	100	329	SEA
847	100	292	SEA
853	100	311	SEA
859	100	178	SDA
863	100	1033	SEA
871	100	576	SEA
876	100	550	SEA
887	100	677	SEA
889	100	759	SEA
893	100	447	SEA
895	100	447	SEA
901	100	304	SEA
908	100	424	SEA
918	100	317	SEA
920	100	304	SEA
922	100	4	SEA
923	100	4	SEA
924	100	22	SEA
926	100	19	SEA
932	100	260	SEA
933	100	443	SEA
936	100	397	SEA
937	100	393	SEA
940	100	437	SEA
941	100	461	SEA
943	100	481	SEA
944	100	830	SEA
950	100	661	SEA
952	100	273	SEA
953	100	367	SEA
965	100	673	SEA
967	100	620	SEA
972	100	368	SEA
986	100	589	SEA
987	100	598	SEA
989	100	591	SEA
992	100	409	SEA
1000	100	446	SEA
1006	100	751	SEA
1007	100	751	SEA
1008	100	822	SEA
1010	100	751	SEA
1013	100	725	SEA
1014	100	416	SEA
1016	100	479	SEA
1019	100	435	SEA
1023	100	434	SEA
1026	100	407	SEA
1028	100	507	SEA
1033	100	263	SEA
1037	100	244	SEA
1040	100	142	SEA
1042	100	109	SDA
1048	100	1218	SEA
1049	100	1228	SEA
1051	100	1241	SEA
1053	100	1303	SEA
1057	100	1307	SEA
1059	100	412	SDA
1063	100	387	SDA
1064	100	437	SDA
1067	100	456	SEA
1069	100	534	SEA
1071	100	655	SEA
1074	100	634	SEA
1075	100	661	SEA
1090	100	763	SEA
1093	100	668	SDA
1099	100	673	SDA
1103	100	442	SDA
1105	100	521	SEA
1108	100	610	SEA
1112	100	648	SDA
1119	100	716	SDA
1127	100	476	SDA
1130	100	1084	SDA
1132	100	1052	SDA
1136	100	958	SEA
1140	100	807	SEA
1146	100	919	SEA
1149	100	805	SEA
1153	100	859	SEA
1154	100	859	SEA
1157	100	606	SEA
1164	100	782	SEA
1168	100	706	SEA
1181	100	744	SEA
1183	100	696	SEA
1188	100	676	SEA
1190	100	646	SEA
1200	100	673	SEA
1205	100	378	SEA
1209	100	272	SEA
1210	100	291	SEA
1214	100	730	SEA
1228	100	1100	SEA
1239	100	1104	SEA
1240	100	1138	SEA
1243	100	686	SDA
1248	100	717	SEA
1252	100	742	SEA
1255	100	849	SEA
1257	100	910	SEA
1264	100	684	SEA
1265	100	661	SEA
1275	100	915	SEA
1278	100	945	SEA
1279	100	945	SEA
1280	100	935	SEA
1284	100	906	SEA
1289	100	666	SEA
1295	100	681	SEA
1296	100	681	SEA
1301	100	953	SEA
1306	100	1119	SEA
1308	100	1076	SEA
1312	100	900	SEA
1319	100	967	SEA
