363	80	738	SEA
408	80	862	SEA
409	80	870	SEA
414	80	802	SEA
421	80	747	SEA
422	80	747	SEA
435	80	811	SEA
439	80	718	SEA
453	80	858	SEA
490	80	299	SEA
494	80	780	SEA
516	80	569	SEA
529	80	340	SEA
531	80	351	SEA
542	80	394	SEA
549	80	628	SEA
554	80	625	SEA
568	80	667	SEA
593	80	607	SEA
606	80	624	SEA
607	80	624	SEA
623	80	743	SEA
624	80	738	SEA
694	80	900	SEA
710	80	864	SEA
718	80	842	SEA
720	80	667	SEA
727	80	375	SEA
729	80	504	SEA
757	80	630	SEA
759	80	621	SEA
760	80	621	SEA
761	80	635	SEA
768	80	180	SEA
770	80	321	SEA
771	80	818	SEA
774	80	803	SEA
778	80	773	SEA
801	80	671	SEA
804	80	627	SEA
808	80	1514	SEA
810	80	1490	SEA
819	80	900	SEA
834	80	701	SEA
840	80	719	SEA
847	80	617	SEA
853	80	514	SEA
859	80	682	SEA
863	80	747	SEA
871	80	640	SEA
876	80	42	SEA
887	80	755	SEA
889	80	727	SEA
893	80	690	SEA
895	80	727	SEA
901	80	804	SEA
908	80	747	SEA
918	80	794	SEA
920	80	804	SEA
922	80	773	SEA
923	80	754	SEA
924	80	1661	SEA
926	80	759	SEA
932	80	749	SEA
933	80	761	SEA
936	80	796	SEA
937	80	803	SEA
940	80	707	SEA
941	80	714	SEA
943	80	719	SEA
944	80	750	SEA
950	80	777	SEA
952	80	1672	SEA
953	80	1657	SEA
965	80	639	SEA
967	80	624	SEA
972	80	515	SEA
986	80	900	SEA
987	80	900	SEA
989	80	900	SEA
992	80	719	SEA
1000	80	827	SEA
1006	80	779	SEA
1007	80	779	SEA
1008	80	669	SEA
1010	80	710	SEA
1013	80	708	SEA
1014	80	702	SEA
1016	80	744	SEA
1019	80	673	SEA
1023	80	107	SEA
1026	80	261	SEA
1028	80	327	SEA
1033	80	620	SEA
1037	80	905	SEA
1040	80	610	SEA
1042	80	610	SEA
1048	80	612	SEA
1049	80	616	SEA
1051	80	779	SEA
1053	80	532	SEA
1057	80	528	SEA
1059	80	459	SEA
1063	80	379	SEA
1064	80	337	SEA
1067	80	686	SEA
1069	80	667	SEA
1071	80	568	SEA
1074	80	685	SEA
1075	80	682	SEA
1090	80	663	SEA
1093	80	721	SEA
1103	80	627	SEA
1105	80	634	SEA
1108	80	709	SEA
1112	80	810	SEA
1119	80	796	SEA
1127	80	608	SEA
1130	80	657	SEA
1132	80	612	SEA
1136	80	628	SEA
1140	80	562	SEA
1146	80	911	SEA
1149	80	930	SEA
1153	80	931	SEA
1154	80	942	SEA
1157	80	1440	SEA
1164	80	1041	SEA
1168	80	1032	SEA
1181	80	871	SEA
1183	80	1199	SEA
1188	80	959	SEA
1190	80	798	SEA
1200	80	797	SEA
1205	80	1072	SEA
1209	80	1049	SEA
1210	80	1024	SEA
1214	80	971	SEA
1228	80	791	SEA
1239	80	959	SEA
1240	80	919	SEA
1243	80	875	SEA
1248	80	896	SEA
1252	80	889	SEA
1255	80	738	SEA
1257	80	750	SEA
1264	80	439	SEA
1265	80	359	SEA
1275	80	845	SEA
1278	80	861	SEA
1280	80	878	SEA
1284	80	900	SEA
1289	80	943	SEA
1295	80	893	SEA
1296	80	893	SEA
1301	80	909	SEA
1306	80	862	SEA
1308	80	840	SEA
1312	80	881	SEA
1319	80	1108	SEA
