408	12	634	SEA
409	12	606	SEA
414	12	536	SEA
421	12	500	SEA
422	12	428	SEA
435	12	295	SEA
439	12	176	SEA
448	12	124	SEA
458	12	1005	SEA
463	12	1059	SEA
492	12	873	SEA
494	12	933	SEA
500	12	834	SEA
505	12	907	SEA
507	12	884	SEA
512	12	171	SEA
520	12	193	SEA
529	12	683	SEA
531	12	677	SEA
541	12	707	SEA
542	12	763	SEA
543	12	763	SEA
549	12	28	SEA
554	12	22	SEA
568	12	423	SEA
593	12	263	SEA
606	12	579	SEA
607	12	426	SEA
610	12	563	SEA
615	12	562	SEA
624	12	914	SEA
629	12	825	SEA
652	12	551	SEA
654	12	615	SEA
663	12	389	SEA
667	12	968	SEA
684	12	1374	SEA
694	12	329	SEA
710	12	1034	SEA
718	12	861	SEA
720	12	922	SEA
727	12	266	SEA
729	12	278	SEA
739	12	197	SEA
745	12	395	SEA
757	12	189	SEA
759	12	166	SEA
760	12	213	SEA
761	12	48	SEA
765	12	17	SEA
768	12	10	SEA
770	12	230	SEA
771	12	274	SEA
772	12	274	SEA
774	12	249	SEA
778	12	188	SEA
791	12	133	SEA
801	12	14	SEA
804	12	70	SEA
808	12	1292	SEA
810	12	597	SEA
819	12	685	SEA
834	12	1288	SEA
840	12	1197	SEA
847	12	637	SEA
853	12	661	SEA
859	12	713	SEA
863	12	702	SEA
871	12	724	SEA
876	12	818	SDA
887	12	742	SEA
889	12	792	SEA
893	12	832	SEA
895	12	856	SEA
901	12	887	SEA
908	12	352	SEA
918	12	187	SEA
920	12	1412	SEA
922	12	129	SEA
923	12	143	SEA
924	12	208	SEA
926	12	89	SEA
932	12	60	SEA
933	12	63	SEA
936	12	101	SEA
937	12	89	SEA
940	12	145	SEA
941	12	154	SEA
943	12	20	SEA
944	12	15	SEA
950	12	755	SEA
952	12	858	SEA
953	12	846	SEA
965	12	615	SEA
967	12	636	SEA
972	12	133	SDA
986	12	422	SEA
987	12	439	SEA
989	12	339	SEA
992	12	313	SEA
1000	12	194	SEA
1006	12	10	SEA
1007	12	10	SEA
1008	12	8	SEA
1010	12	5	SEA
1013	12	33	SEA
1014	12	13	SEA
1016	12	4	SEA
1019	12	649	SEA
1023	12	458	SEA
1026	12	451	SEA
1028	12	420	SEA
1033	12	723	SEA
1037	12	1363	SEA
1040	12	1387	SEA
1042	12	1370	SEA
1048	12	1302	SEA
1049	12	1238	SEA
1051	12	1222	SEA
1053	12	1250	SEA
1057	12	1281	SEA
1059	12	1374	SEA
1063	12	1320	SEA
1064	12	1328	SEA
1067	12	1376	SEA
1069	12	1366	SEA
1071	12	1164	SEA
1074	12	7	SEA
1075	12	60	SEA
1090	12	182	SEA
1093	12	538	SEA
1099	12	1219	SEA
1103	12	1135	SEA
1105	12	1115	SEA
1108	12	3	SEA
1112	12	40	SEA
1119	12	201	SEA
1127	12	743	SEA
1130	12	825	SEA
1132	12	890	SEA
1136	12	908	SEA
1140	12	905	SEA
1146	12	1035	SEA
1149	12	1125	SEA
1153	12	473	SEA
1154	12	483	SEA
1157	12	455	SEA
1164	12	380	SEA
1168	12	331	SEA
1181	12	145	SDA
1183	12	136	SDA
1188	12	115	SDA
1190	12	126	SDA
1200	12	86	SEA
1205	12	502	SEA
1209	12	481	SEA
1210	12	488	SEA
1214	12	429	SEA
1228	12	557	SEA
1239	12	982	SEA
1240	12	1004	SEA
1243	12	944	SEA
1248	12	1065	SEA
1252	12	1080	SEA
1255	12	1102	SEA
1257	12	1107	SEA
1264	12	332	SEA
1265	12	300	SEA
1275	12	348	SEA
1278	12	796	SEA
1280	12	764	SEA
1284	12	907	SEA
1289	12	854	SEA
1295	12	534	SEA
1296	12	534	SEA
1301	12	628	SEA
1306	12	533	SEA
1308	12	916	SEA
1312	12	937	SEA
1319	12	998	SEA
