363	123	584	SEA
385	123	904	SEA
408	123	611	SEA
409	123	548	SEA
421	123	664	SEA
422	123	647	SEA
435	123	603	SEA
439	123	573	SEA
448	123	467	SEA
453	123	463	SEA
458	123	751	SEA
463	123	840	SEA
494	123	740	SEA
507	123	671	SEA
512	123	619	SEA
520	123	591	SEA
529	123	560	SEA
543	123	960	SEA
549	123	654	SEA
554	123	735	SEA
593	123	611	SEA
606	123	630	SEA
607	123	825	SEA
629	123	501	SEA
637	123	514	SEA
654	123	1039	SEA
694	123	806	SEA
710	123	671	SEA
718	123	669	SEA
720	123	581	SEA
727	123	557	SEA
729	123	582	SEA
749	123	467	SEA
751	123	469	SEA
757	123	440	SEA
759	123	442	SEA
760	123	506	SEA
761	123	509	SEA
765	123	687	SEA
768	123	567	SEA
770	123	611	SEA
771	123	601	SEA
772	123	601	SEA
774	123	602	SEA
775	123	602	SEA
778	123	862	SEA
783	123	588	SEA
791	123	723	SEA
798	123	701	SEA
801	123	667	SEA
804	123	620	SEA
808	123	799	SEA
810	123	766	SEA
819	123	785	SEA
834	123	712	SEA
840	123	771	SEA
847	123	713	SEA
853	123	763	SEA
859	123	731	SEA
863	123	745	SEA
871	123	709	SEA
876	123	721	SEA
887	123	668	SEA
889	123	722	SEA
893	123	735	SEA
895	123	782	SEA
901	123	693	SEA
908	123	720	SEA
918	123	587	SEA
920	123	527	SEA
922	123	1020	SEA
923	123	1020	SEA
924	123	1020	SEA
926	123	1020	SEA
932	123	913	SEA
933	123	905	SEA
936	123	909	SEA
937	123	847	SEA
940	123	800	SEA
941	123	782	SEA
943	123	753	SEA
944	123	710	SEA
950	123	697	SEA
952	123	669	SEA
953	123	679	SEA
965	123	948	SEA
967	123	269	SEA
972	123	389	SEA
986	123	504	SEA
987	123	494	SEA
989	123	449	SEA
992	123	488	SEA
1006	123	1654	SEA
1007	123	1654	SEA
1008	123	1674	SEA
1010	123	1699	SEA
1013	123	754	SEA
1014	123	736	SEA
1016	123	747	SEA
1019	123	859	SEA
1023	123	703	SEA
1026	123	680	SEA
1028	123	616	SEA
1033	123	731	SEA
1037	123	625	SEA
1040	123	618	SEA
1042	123	642	SEA
1048	123	629	SEA
1049	123	907	SEA
1051	123	914	SEA
1053	123	965	SEA
1057	123	368	SEA
1059	123	425	SEA
1063	123	726	SEA
1064	123	759	SEA
1067	123	786	SEA
1069	123	552	SEA
1071	123	532	SEA
1074	123	401	SEA
1075	123	530	SEA
1090	123	524	SEA
1093	123	882	SDA
1099	123	524	SEA
1103	123	599	SEA
1105	123	979	SEA
1108	123	562	SEA
1112	123	538	SEA
1119	123	525	SEA
1127	123	479	SEA
1130	123	960	SEA
1132	123	960	SEA
1136	123	899	SEA
1140	123	654	SEA
1146	123	527	SEA
1149	123	537	SEA
1153	123	706	SEA
1154	123	776	SEA
1157	123	626	SEA
1164	123	620	SEA
1168	123	870	SEA
1181	123	831	SEA
1183	123	860	SEA
1188	123	689	SEA
1190	123	637	SEA
1200	123	635	SEA
1205	123	808	SEA
1209	123	843	SEA
1210	123	835	SEA
1214	123	748	SEA
1228	123	924	SEA
1239	123	1002	SEA
1240	123	973	SEA
1243	123	928	SEA
1248	123	945	SEA
1252	123	632	SEA
1255	123	630	SEA
1257	123	614	SEA
1264	123	588	SEA
1265	123	532	SEA
1275	123	909	SEA
1278	123	886	SEA
1279	123	886	SEA
1280	123	919	SEA
1284	123	885	SEA
1289	123	850	SEA
1295	123	839	SEA
1296	123	839	SEA
1301	123	800	SEA
1306	123	750	SEA
1308	123	836	SEA
1312	123	739	SEA
1319	123	379	SEA
