363	33	973	SEA
385	33	738	SEA
408	33	93	SEA
409	33	9	SEA
421	33	767	SDA
422	33	805	SDA
435	33	158	SEA
439	33	83	SDA
448	33	295	SEA
458	33	319	SEA
463	33	54	SEA
494	33	692	SEA
529	33	689	SEA
543	33	579	SDA
549	33	1160	SEA
554	33	1178	SEA
568	33	1207	SDA
593	33	716	SEA
606	33	570	SEA
607	33	1883	SEA
629	33	40	SEA
637	33	1	SEA
694	33	886	SEA
710	33	1373	SEA
720	33	1095	SEA
727	33	1057	SEA
729	33	1132	SEA
751	33	1055	SDA
757	33	894	SEA
759	33	862	SEA
760	33	867	SDA
765	33	927	SEA
768	33	946	SEA
770	33	883	SEA
771	33	894	SEA
772	33	894	SEA
774	33	906	SEA
778	33	931	SDA
791	33	778	SEA
798	33	699	SDA
801	33	780	SDA
804	33	746	SDA
808	33	425	SEA
810	33	516	SEA
819	33	1146	SEA
834	33	929	SDA
840	33	874	SDA
847	33	768	SDA
853	33	413	SEA
859	33	415	SEA
863	33	1001	SEA
871	33	498	SDA
876	33	580	SDA
887	33	1050	SEA
889	33	1022	SEA
893	33	757	SEA
895	33	771	SEA
901	33	831	SEA
908	33	874	SEA
918	33	668	SEA
920	33	689	SEA
922	33	1479	SDA
923	33	1509	SDA
924	33	1454	SDA
926	33	1516	SDA
932	33	1473	SDA
933	33	1537	SDA
936	33	1180	SEA
937	33	1177	SEA
940	33	1196	SEA
941	33	1143	SEA
943	33	1216	SEA
944	33	1217	SEA
950	33	1214	SDA
952	33	1117	SEA
953	33	1125	SEA
965	33	184	SDA
967	33	256	SDA
972	33	124	SEA
986	33	632	SDA
987	33	682	SDA
989	33	614	SDA
992	33	673	SDA
1000	33	638	SDA
1006	33	525	SDA
1007	33	525	SDA
1008	33	469	SDA
1010	33	413	SEA
1013	33	1071	SEA
1014	33	1059	SEA
1016	33	985	SEA
1019	33	1038	SEA
1023	33	1074	SDA
1026	33	1143	SEA
1028	33	1138	SDA
1033	33	1042	SDA
1037	33	991	SDA
1040	33	1013	SDA
1042	33	756	SDA
1048	33	765	SDA
1049	33	791	SDA
1051	33	875	SDA
1053	33	824	SDA
1057	33	805	SDA
1059	33	508	SDA
1063	33	517	SDA
1064	33	514	SDA
1067	33	519	SDA
1069	33	545	SDA
1071	33	1113	SDA
1074	33	1118	SDA
1075	33	1104	SDA
1090	33	535	SDA
1093	33	622	SDA
1099	33	1062	SDA
1103	33	956	SDA
1105	33	995	SDA
1108	33	908	SDA
1112	33	743	SDA
1119	33	774	SDA
1127	33	620	SDA
1130	33	1053	SDA
1132	33	1011	SDA
1136	33	1054	SDA
1140	33	750	SDA
1146	33	638	SDA
1149	33	561	SDA
1153	33	498	SDA
1154	33	519	SDA
1157	33	461	SDA
1164	33	1298	SDA
1168	33	1305	SDA
1181	33	310	SDA
1183	33	424	SEA
1188	33	304	SDA
1190	33	295	SDA
1200	33	97	SDA
1205	33	127	SDA
1209	33	111	SDA
1210	33	74	SDA
1214	33	76	SDA
1228	33	1090	SDA
1239	33	755	SEA
1240	33	827	SEA
1243	33	736	SEA
1248	33	727	SEA
1252	33	480	SEA
1255	33	458	SEA
1257	33	531	SEA
1264	33	1443	SEA
1265	33	1521	SEA
1275	33	342	SDA
1278	33	235	SDA
1279	33	235	SDA
1280	33	186	SDA
1284	33	130	SDA
1289	33	133	SDA
1295	33	1362	SEA
1296	33	1362	SEA
1301	33	687	SEA
1306	33	914	SEA
1308	33	809	SEA
1312	33	1012	SEA
1319	33	477	SDA
