363	151	600	SEA
385	151	290	SEA
395	151	432	SEA
408	151	347	SEA
409	151	723	SEA
421	151	626	SEA
422	151	673	SEA
435	151	222	SEA
439	151	237	SEA
448	151	191	SDA
458	151	907	SEA
463	151	853	SEA
494	151	715	SEA
507	151	664	SEA
520	151	985	SEA
529	151	560	SEA
542	151	451	SDA
543	151	451	SDA
549	151	944	SEA
554	151	804	SEA
568	151	798	SEA
578	151	688	SEA
593	151	804	SEA
607	151	225	SEA
629	151	248	SEA
637	151	251	SEA
654	151	673	SEA
694	151	513	SEA
710	151	676	SEA
720	151	502	SEA
727	151	682	SEA
729	151	688	SEA
740	151	786	SEA
749	151	545	SEA
751	151	539	SEA
757	151	722	SEA
759	151	805	SEA
760	151	787	SEA
765	151	746	SEA
768	151	841	SEA
770	151	659	SEA
771	151	599	SEA
772	151	599	SEA
773	151	479	SEA
774	151	439	SEA
775	151	439	SEA
783	151	1840	SEA
791	151	888	SDA
798	151	779	SEA
801	151	794	SEA
804	151	732	SEA
808	151	824	SEA
810	151	769	SEA
819	151	419	SEA
834	151	337	SEA
840	151	741	SEA
847	151	834	SEA
853	151	766	SEA
859	151	907	SEA
863	151	1560	SEA
871	151	764	SEA
876	151	716	SEA
887	151	667	SEA
889	151	626	SEA
893	151	543	SEA
895	151	566	SEA
901	151	580	SEA
908	151	482	SEA
918	151	698	SEA
920	151	698	SEA
922	151	631	SEA
923	151	668	SEA
924	151	629	SEA
926	151	537	SEA
932	151	793	SEA
933	151	773	SEA
936	151	420	SEA
937	151	441	SEA
940	151	422	SEA
941	151	413	SEA
943	151	435	SEA
944	151	421	SEA
950	151	639	SEA
952	151	600	SEA
953	151	542	SEA
965	151	441	SEA
967	151	604	SEA
972	151	782	SEA
986	151	642	SEA
987	151	715	SEA
989	151	607	SEA
992	151	538	SEA
1000	151	519	SEA
1006	151	719	SEA
1007	151	719	SEA
1008	151	684	SEA
1010	151	736	SEA
1013	151	333	SEA
1014	151	370	SEA
1016	151	320	SEA
1019	151	328	SEA
1023	151	650	SEA
1026	151	931	SEA
1028	151	274	SEA
1033	151	129	SEA
1037	151	400	SEA
1040	151	712	SEA
1042	151	547	SEA
1048	151	581	SEA
1049	151	660	SDA
1051	151	783	SDA
1053	151	683	SEA
1057	151	769	SEA
1059	151	695	SEA
1063	151	801	SDA
1064	151	857	SDA
1067	151	905	SDA
1069	151	1015	SDA
1071	151	311	SEA
1074	151	524	SEA
1075	151	495	SEA
1090	151	375	SDA
1093	151	401	SDA
1099	151	578	SEA
1103	151	517	SEA
1105	151	621	SEA
1108	151	734	SEA
1112	151	685	SEA
1119	151	369	SDA
1127	151	373	SEA
1130	151	448	SEA
1132	151	278	SDA
1136	151	210	SDA
1140	151	216	SEA
1146	151	120	SEA
1149	151	149	SEA
1153	151	124	SDA
1154	151	121	SDA
1157	151	103	SDA
1164	151	609	SEA
1168	151	618	SEA
1181	151	1105	SEA
1183	151	1201	SEA
1188	151	1080	SEA
1190	151	1085	SEA
1200	151	1026	SDA
1228	151	104	SEA
1239	151	1172	SEA
1240	151	1190	SEA
1243	151	1200	SEA
1248	151	1184	SEA
1252	151	1197	SEA
1255	151	1198	SEA
1256	151	1210	SEA
1257	151	1210	SEA
1264	151	960	SEA
1265	151	960	SEA
1275	151	792	SEA
1278	151	828	SDA
1279	151	828	SDA
1280	151	795	SDA
1284	151	901	SDA
1289	151	731	SEA
1295	151	690	SDA
1296	151	690	SDA
1301	151	787	SDA
1306	151	663	SDA
1308	151	694	SDA
1312	151	767	SDA
1319	151	842	SEA
