363	195	597	SEA
385	195	550	SEA
408	195	711	SEA
409	195	684	SDA
421	195	640	SEA
422	195	882	SDA
435	195	258	SDA
439	195	265	SEA
448	195	992	SEA
458	195	228	SDA
463	195	199	SEA
494	195	19	SDA
520	195	336	SDA
543	195	948	SDA
549	195	730	SEA
554	195	964	LSD
568	195	34	SEA
593	195	781	SEA
606	195	1580	SEA
607	195	1558	SEA
629	195	1016	SEA
637	195	875	SEA
654	195	970	SEA
694	195	1225	SEA
710	195	958	SEA
718	195	951	SEA
727	195	1087	SEA
729	195	1045	SEA
751	195	488	SEA
757	195	693	SEA
759	195	684	SEA
760	195	869	SEA
761	195	930	SEA
765	195	988	SEA
768	195	862	SEA
770	195	925	SEA
771	195	922	SEA
772	195	922	SEA
773	195	1001	SEA
774	195	944	SEA
778	195	1064	SEA
791	195	425	SDA
798	195	600	SDA
801	195	635	SEA
804	195	623	SEA
808	195	632	SDA
810	195	870	SDA
819	195	925	SEA
834	195	720	SDA
840	195	1165	SEA
847	195	1259	SEA
853	195	497	SEA
859	195	474	SDA
863	195	416	SDA
871	195	347	SDA
876	195	987	SEA
887	195	246	SEA
889	195	209	SEA
893	195	177	SEA
895	195	720	SEA
901	195	504	SEA
908	195	826	SEA
918	195	318	SDA
920	195	291	SDA
922	195	319	SDA
923	195	287	SDA
924	195	274	SEA
926	195	285	SEA
932	195	585	SEA
933	195	602	SEA
936	195	855	SEA
937	195	899	SEA
940	195	804	SEA
941	195	803	SEA
943	195	755	SEA
944	195	595	SEA
950	195	475	SEA
952	195	452	SEA
953	195	469	SEA
965	195	770	SEA
967	195	669	SEA
972	195	651	SEA
986	195	254	SEA
987	195	190	SEA
989	195	193	SEA
992	195	187	SEA
1000	195	304	SDA
1006	195	1357	SEA
1007	195	1357	SEA
1008	195	1334	SEA
1010	195	801	SEA
1013	195	772	SEA
1014	195	753	SEA
1016	195	752	SEA
1019	195	746	SDA
1023	195	769	SDA
1026	195	816	SDA
1028	195	847	SDA
1033	195	409	SDA
1037	195	362	SEA
1040	195	456	SDA
1042	195	404	SDA
1048	195	718	SEA
1049	195	737	SEA
1051	195	170	SEA
1053	195	210	SEA
1057	195	31	SEA
1059	195	8	SEA
1063	195	8	SEA
1064	195	10	SEA
1067	195	956	SEA
1069	195	1024	SDA
1071	195	1135	SDA
1074	195	1184	SDA
1075	195	1088	SDA
1090	195	347	SDA
1093	195	278	SDA
1099	195	320	SEA
1103	195	672	SDA
1105	195	785	SEA
1108	195	674	SEA
1112	195	690	SDA
1119	195	624	SDA
1127	195	469	SEA
1130	195	402	SEA
1132	195	1174	SEA
1136	195	1137	SEA
1140	195	1084	SEA
1146	195	94	SEA
1149	195	83	SEA
1153	195	25	SEA
1154	195	4	SEA
1157	195	5	SEA
1164	195	1461	SEA
1168	195	1566	SEA
1181	195	344	SEA
1183	195	333	SEA
1188	195	336	SEA
1190	195	353	SDA
1200	195	331	SDA
1205	195	1041	SEA
1209	195	312	SEA
1210	195	329	SEA
1214	195	323	SEA
1228	195	1037	SEA
1239	195	487	SEA
1240	195	481	SEA
1243	195	502	SEA
1248	195	544	SEA
1252	195	469	SEA
1255	195	508	SEA
1257	195	1108	SEA
1264	195	569	SEA
1265	195	602	SEA
1275	195	602	SEA
1278	195	572	SEA
1279	195	572	SEA
1280	195	572	SEA
1284	195	930	SEA
1295	195	760	SEA
1296	195	760	SEA
1301	195	890	SEA
1306	195	519	SEA
1308	195	457	SEA
1312	195	348	SEA
1319	195	304	SEA
