363	188	779	SEA
375	188	790	SEA
395	188	799	SEA
408	188	784	SEA
409	188	795	SEA
414	188	681	SEA
421	188	962	SEA
435	188	1591	SEA
439	188	809	SEA
448	188	705	SEA
463	188	357	SEA
465	188	405	SEA
494	188	473	SEA
505	188	503	SEA
529	188	140	SEA
531	188	126	SEA
549	188	672	SEA
554	188	685	SEA
568	188	1103	SEA
596	188	194	SEA
606	188	569	SEA
607	188	573	SEA
623	188	514	SEA
654	188	806	SEA
684	188	279	SEA
694	188	1103	SEA
710	188	605	SEA
718	188	958	SEA
727	188	759	SEA
729	188	764	SEA
745	188	784	SEA
751	188	746	SEA
757	188	813	SEA
760	188	966	SEA
761	188	1041	SEA
765	188	1262	SEA
768	188	1396	SEA
770	188	1755	SEA
771	188	900	SEA
773	188	899	SEA
778	188	906	SEA
791	188	991	SEA
798	188	959	SEA
801	188	988	SEA
804	188	830	SEA
808	188	823	SEA
810	188	755	SEA
819	188	866	SEA
834	188	1128	SEA
840	188	1083	SEA
847	188	1324	SEA
853	188	201	SEA
859	188	273	SEA
863	188	307	SEA
871	188	374	SEA
876	188	975	SEA
887	188	885	SEA
889	188	844	SEA
893	188	786	SEA
895	188	803	SEA
901	188	756	SEA
908	188	659	SEA
918	188	891	SEA
920	188	893	SEA
922	188	745	SEA
923	188	744	SEA
924	188	790	SEA
926	188	732	SEA
932	188	650	SEA
933	188	683	SEA
936	188	686	SEA
937	188	734	SEA
940	188	747	SEA
941	188	769	SEA
943	188	741	SEA
944	188	713	SEA
950	188	686	SEA
952	188	699	SEA
953	188	902	SEA
965	188	1542	SEA
967	188	631	SEA
972	188	591	SEA
986	188	768	SDA
987	188	692	SDA
989	188	694	SDA
992	188	692	SDA
1000	188	708	SEA
1006	188	757	SEA
1007	188	757	SEA
1008	188	651	SEA
1010	188	639	SDA
1013	188	577	SDA
1014	188	527	SDA
1016	188	551	SDA
1019	188	580	SDA
1023	188	496	SEA
1026	188	500	SEA
1028	188	500	SEA
1033	188	553	SEA
1037	188	587	SEA
1040	188	570	SEA
1042	188	556	SEA
1048	188	772	SEA
1049	188	803	SEA
1051	188	370	SEA
1053	188	401	SEA
1057	188	309	SEA
1059	188	338	SEA
1063	188	289	SDA
1064	188	310	SDA
1067	188	487	SEA
1069	188	469	SEA
1071	188	59	SEA
1074	188	103	SDA
1075	188	99	SDA
1090	188	474	SDA
1093	188	386	SEA
1099	188	203	SEA
1103	188	140	SEA
1105	188	173	SEA
1108	188	150	SDA
1112	188	310	SDA
1119	188	455	SEA
1127	188	210	SEA
1130	188	227	SDA
1132	188	178	SDA
1136	188	296	SDA
1140	188	549	SEA
1146	188	503	SEA
1149	188	437	SEA
1153	188	650	SEA
1154	188	657	SEA
1157	188	596	SEA
1164	188	486	SEA
1168	188	389	SEA
1181	188	924	SEA
1183	188	909	SEA
1188	188	885	SEA
1190	188	842	SEA
1200	188	940	SEA
1205	188	885	SDA
1209	188	856	SEA
1210	188	870	SEA
1214	188	1062	SEA
1228	188	580	SEA
1239	188	742	SDA
1240	188	719	SDA
1243	188	738	SDA
1248	188	842	SEA
1252	188	829	SEA
1255	188	882	SEA
1257	188	919	SEA
1264	188	622	SEA
1265	188	658	SEA
1275	188	375	SEA
1278	188	331	SEA
1280	188	321	SEA
1284	188	361	SEA
1289	188	690	SEA
1295	188	637	SEA
1296	188	637	SEA
1301	188	677	SDA
1306	188	705	SEA
1308	188	698	SEA
1312	188	638	SEA
1319	188	625	SEA
