363	147	720	SEA
385	147	442	SEA
408	147	780	SEA
409	147	735	SEA
421	147	615	SEA
422	147	646	SEA
435	147	293	SEA
439	147	669	SEA
448	147	754	SEA
458	147	616	SEA
463	147	668	SEA
494	147	831	SEA
529	147	273	SEA
543	147	535	SEA
549	147	493	SEA
554	147	446	SEA
568	147	638	SEA
593	147	522	SEA
606	147	251	SEA
607	147	83	SEA
629	147	349	SEA
637	147	441	SEA
694	147	711	SEA
710	147	862	SEA
718	147	1003	SEA
727	147	189	SEA
729	147	162	SEA
751	147	230	SEA
757	147	912	SEA
760	147	1078	SEA
765	147	310	SEA
768	147	230	SEA
770	147	282	SEA
771	147	266	SEA
772	147	266	SEA
774	147	326	SEA
778	147	200	SEA
791	147	307	SEA
798	147	712	SEA
801	147	360	SEA
804	147	280	SEA
808	147	348	SEA
810	147	457	SEA
819	147	318	SEA
834	147	114	SEA
840	147	132	SEA
847	147	17	SEA
853	147	12	SEA
859	147	15	SEA
863	147	655	SEA
871	147	380	SEA
876	147	680	SEA
887	147	965	SEA
889	147	948	SEA
893	147	1030	SEA
895	147	766	SEA
901	147	661	SEA
908	147	800	SEA
918	147	1365	SEA
920	147	1434	SEA
922	147	12	SEA
923	147	8	SEA
924	147	4	SEA
926	147	4	SEA
932	147	22	SEA
933	147	53	SEA
936	147	106	SEA
937	147	112	SEA
940	147	207	SEA
941	147	191	SEA
943	147	127	SEA
944	147	1042	SEA
950	147	1166	SEA
952	147	1133	SEA
953	147	1146	SEA
965	147	311	SEA
967	147	264	SEA
972	147	289	SEA
986	147	512	SEA
987	147	525	SEA
989	147	473	SEA
992	147	459	SEA
1000	147	1089	SEA
1006	147	7	SEA
1007	147	7	SEA
1008	147	10	SEA
1010	147	12	SEA
1013	147	54	SEA
1014	147	26	SEA
1016	147	10	SEA
1019	147	9	SEA
1023	147	414	SEA
1026	147	343	SEA
1028	147	315	SEA
1033	147	429	SEA
1037	147	541	SEA
1040	147	111	SEA
1042	147	54	SEA
1048	147	1155	SEA
1049	147	1147	SEA
1051	147	131	SDA
1053	147	189	SDA
1057	147	188	SDA
1059	147	162	SEA
1063	147	196	SEA
1064	147	182	SEA
1067	147	817	SEA
1069	147	78	SDA
1071	147	125	SDA
1074	147	129	SEA
1075	147	163	SEA
1090	147	436	SEA
1093	147	437	SEA
1099	147	629	SEA
1103	147	616	SEA
1105	147	563	SEA
1108	147	605	SEA
1112	147	475	SEA
1119	147	864	SEA
1127	147	283	SDA
1130	147	275	SDA
1132	147	205	SEA
1136	147	260	SEA
1140	147	258	SEA
1146	147	468	SEA
1149	147	1004	SEA
1153	147	395	SDA
1154	147	369	SEA
1157	147	341	SEA
1164	147	285	SEA
1168	147	275	SEA
1181	147	116	SEA
1183	147	172	SEA
1188	147	174	SEA
1190	147	166	SEA
1200	147	156	SEA
1205	147	1023	SEA
1209	147	1051	SEA
1210	147	405	SEA
1214	147	440	SEA
1228	147	245	SEA
1239	147	301	SEA
1240	147	877	SEA
1243	147	850	SEA
1248	147	604	SEA
1252	147	621	SEA
1255	147	634	SEA
1257	147	526	SEA
1264	147	495	SEA
1265	147	486	SEA
1275	147	445	SEA
1278	147	413	SEA
1279	147	413	SEA
1280	147	515	SEA
1284	147	232	SEA
1295	147	497	SEA
1296	147	497	SEA
1301	147	518	SEA
1306	147	548	SEA
1308	147	527	SEA
1312	147	908	SEA
1319	147	957	SEA
