408	97	644	SEA
409	97	638	SEA
421	97	557	SEA
422	97	524	SEA
435	97	894	SEA
439	97	1150	SEA
448	97	947	SEA
458	97	1940	SEA
463	97	1961	SEA
494	97	1195	SEA
507	97	669	SEA
520	97	554	SEA
543	97	1114	SEA
549	97	1054	SEA
554	97	455	SEA
568	97	273	SEA
593	97	1012	SEA
606	97	386	SEA
607	97	372	SEA
629	97	94	SEA
637	97	618	SEA
654	97	1424	SEA
694	97	1149	SEA
710	97	1023	SEA
718	97	930	SEA
727	97	1446	SEA
729	97	1455	SEA
751	97	327	SEA
757	97	240	SEA
759	97	221	SEA
760	97	213	SEA
765	97	1519	SEA
768	97	1000	SEA
770	97	1126	SEA
771	97	1077	SEA
772	97	1077	SEA
774	97	1048	SEA
778	97	996	SEA
791	97	1121	SEA
798	97	20	SEA
801	97	22	SEA
804	97	10	SEA
808	97	91	SEA
819	97	1708	SEA
834	97	872	SEA
840	97	965	SEA
847	97	1056	SEA
853	97	1041	SEA
859	97	561	SEA
863	97	536	SEA
871	97	584	SEA
876	97	1032	SEA
887	97	464	SEA
889	97	446	SEA
893	97	458	SEA
895	97	485	SEA
901	97	430	SEA
908	97	348	SEA
918	97	1199	SEA
920	97	1186	SEA
922	97	1182	SEA
923	97	1226	SEA
924	97	1271	SEA
926	97	1294	SEA
932	97	375	SEA
933	97	405	SEA
936	97	308	SDA
937	97	291	SDA
940	97	261	SEA
941	97	283	SEA
943	97	284	SEA
944	97	321	SDA
950	97	345	SEA
952	97	1192	SEA
953	97	1181	SEA
965	97	1840	SEA
967	97	1900	SEA
972	97	1887	SEA
986	97	959	SEA
987	97	960	SEA
989	97	916	SEA
992	97	891	SEA
1000	97	996	SEA
1006	97	767	SEA
1007	97	767	SEA
1008	97	801	SEA
1010	97	817	SEA
1013	97	890	SEA
1014	97	899	SEA
1016	97	897	SEA
1019	97	437	SEA
1023	97	387	SEA
1026	97	387	SEA
1028	97	333	SEA
1033	97	914	SEA
1037	97	897	SEA
1040	97	1126	SEA
1042	97	1078	SEA
1048	97	1101	SDA
1049	97	1172	SDA
1051	97	1163	SDA
1053	97	1179	SDA
1057	97	271	SEA
1059	97	160	SEA
1063	97	182	SEA
1064	97	134	SDA
1067	97	178	SDA
1069	97	120	SDA
1071	97	776	SEA
1074	97	810	SEA
1075	97	890	SEA
1090	97	820	SEA
1093	97	838	SDA
1099	97	881	SEA
1103	97	368	SDA
1105	97	378	SDA
1108	97	390	SDA
1112	97	367	SDA
1119	97	949	SDA
1127	97	472	SDA
1130	97	344	SDA
1132	97	362	SDA
1136	97	262	LSD
1140	97	312	LSD
1146	97	161	SDA
1149	97	131	SDA
1153	97	1509	SEA
1154	97	1460	SEA
1157	97	1454	SEA
1164	97	1276	SEA
1168	97	1320	SEA
1181	97	344	SEA
1183	97	821	SEA
1188	97	858	SEA
1190	97	523	SEA
1200	97	581	SDA
1205	97	814	SEA
1209	97	834	SEA
1210	97	815	SEA
1214	97	1233	SEA
1228	97	412	SEA
1239	97	466	SEA
1240	97	466	SEA
1243	97	497	SEA
1248	97	874	SEA
1252	97	800	SEA
1255	97	1245	SEA
1257	97	1229	SEA
1264	97	1180	SEA
1265	97	1141	SEA
1275	97	981	SEA
1278	97	999	SEA
1279	97	999	SEA
1280	97	1012	SEA
1284	97	1036	SEA
1289	97	671	SEA
1295	97	726	SEA
1296	97	726	SEA
1301	97	681	SEA
