363	197	883	SEA
375	197	921	SEA
385	197	1159	SEA
408	197	384	SEA
409	197	420	SEA
421	197	862	SEA
427	197	181	SDA
435	197	89	SEA
439	197	27	SEA
448	197	973	SEA
453	197	869	SEA
458	197	364	SDA
463	197	278	SEA
490	197	1601	SDA
494	197	1747	SDA
517	197	382	SEA
529	197	385	SEA
543	197	373	SEA
549	197	1136	SEA
554	197	1117	SEA
568	197	57	SEA
570	197	77	SEA
593	197	26	SEA
596	197	4	SEA
606	197	588	SEA
607	197	537	SEA
610	197	576	SEA
623	197	405	SEA
624	197	443	SEA
654	197	208	SEA
667	197	780	SEA
684	197	588	SEA
694	197	645	SEA
710	197	7	SEA
718	197	32	SEA
727	197	8	SEA
729	197	22	SEA
749	197	31	SEA
757	197	548	SEA
760	197	585	SEA
761	197	644	SEA
765	197	658	SEA
768	197	730	SEA
770	197	1339	SEA
771	197	1387	SEA
773	197	1358	SEA
774	197	1371	SEA
778	197	1317	SEA
791	197	1186	SEA
798	197	1201	SEA
801	197	1183	SEA
804	197	1209	SEA
808	197	1525	SEA
810	197	1550	SEA
819	197	1473	SEA
834	197	384	SEA
840	197	406	SEA
847	197	554	SEA
859	197	2400	SEA
871	197	693	SEA
876	197	672	SEA
887	197	578	SEA
889	197	654	SEA
893	197	665	SEA
895	197	672	SEA
901	197	1376	SEA
908	197	1398	SEA
918	197	786	SEA
920	197	761	SEA
922	197	858	SEA
923	197	861	SEA
924	197	925	SEA
926	197	896	SEA
932	197	860	SEA
933	197	602	SDA
936	197	539	SDA
937	197	476	SDA
940	197	344	SDA
941	197	340	SDA
943	197	359	SDA
944	197	267	SDA
950	197	2217	SEA
952	197	525	SEA
953	197	517	SEA
965	197	456	SEA
967	197	460	SEA
972	197	274	SEA
986	197	77	SEA
987	197	71	SEA
989	197	62	SEA
992	197	155	SDA
1000	197	535	SEA
1006	197	354	SEA
1007	197	354	SEA
1008	197	347	SEA
1010	197	331	SEA
1013	197	586	SDA
1014	197	558	SDA
1016	197	580	SEA
1019	197	989	SEA
1023	197	1033	SDA
1026	197	1013	SEA
1028	197	549	SEA
1033	197	638	SDA
1037	197	652	SDA
1040	197	669	SEA
1042	197	702	SEA
1048	197	1092	SEA
1049	197	1113	SEA
1051	197	1102	SEA
1053	197	1094	SEA
1057	197	470	SDA
1059	197	484	SDA
1063	197	430	SDA
1064	197	451	SDA
1067	197	378	SDA
1069	197	355	SDA
1071	197	367	SDA
1074	197	1240	SEA
1075	197	1232	SEA
1090	197	321	SDA
1093	197	325	SDA
1099	197	243	SDA
1103	197	1099	SEA
1105	197	282	SEA
1108	197	255	SEA
1112	197	159	SEA
1119	197	199	SEA
1127	197	84	SEA
1130	197	76	SEA
1132	197	77	SEA
1136	197	103	SEA
1140	197	143	SEA
1146	197	53	SEA
1149	197	37	SEA
1153	197	38	SEA
1154	197	294	SEA
1157	197	1305	SEA
1164	197	207	SEA
1168	197	90	SEA
1181	197	30	SEA
1183	197	38	SEA
1188	197	579	SEA
1190	197	518	SEA
1200	197	411	SEA
1205	197	359	SEA
1209	197	299	SEA
1210	197	264	SEA
1214	197	511	SEA
1228	197	841	SEA
1239	197	926	SEA
1240	197	989	SEA
1243	197	958	SEA
1248	197	940	SEA
1252	197	829	SEA
1255	197	825	SEA
1256	197	203	SEA
1257	197	203	SEA
1264	197	239	SEA
1265	197	221	SEA
1275	197	1064	SEA
1278	197	1048	SEA
1280	197	995	SEA
1284	197	1052	SEA
1295	197	816	SEA
1296	197	816	SEA
1301	197	830	SEA
1306	197	945	SDA
1308	197	963	SEA
1312	197	1009	SDA
1319	197	1031	SEA
