363	194	407	SEA
375	194	538	SEA
408	194	614	SDA
409	194	638	SDA
421	194	281	SDA
422	194	269	SDA
435	194	597	SEA
439	194	387	SDA
448	194	589	SDA
463	194	494	SDA
494	194	454	SDA
520	194	267	SDA
529	194	533	SEA
543	194	526	SEA
549	194	418	SEA
554	194	463	SEA
568	194	598	SEA
593	194	783	SEA
606	194	657	SEA
607	194	602	SEA
623	194	770	SEA
624	194	811	SEA
663	194	813	SEA
694	194	889	SEA
710	194	815	SEA
718	194	759	SEA
729	194	840	SEA
745	194	719	SEA
751	194	890	SEA
757	194	839	SEA
760	194	831	SEA
761	194	779	SEA
768	194	885	SEA
770	194	840	SEA
771	194	839	SEA
772	194	839	SEA
773	194	719	SEA
774	194	892	SEA
775	194	892	SEA
778	194	907	SEA
791	194	865	SEA
801	194	779	SEA
804	194	754	SEA
808	194	778	SEA
810	194	775	SEA
819	194	757	SEA
834	194	700	SEA
840	194	623	SEA
847	194	710	SEA
853	194	840	SEA
859	194	786	SEA
863	194	789	SEA
871	194	763	SEA
876	194	882	SEA
887	194	539	SEA
889	194	621	SEA
893	194	530	SEA
895	194	556	SEA
901	194	671	SEA
908	194	724	SEA
918	194	655	SEA
920	194	679	SEA
922	194	733	SEA
923	194	780	SEA
924	194	719	SEA
926	194	698	SEA
932	194	757	SEA
933	194	733	SEA
936	194	779	SEA
937	194	719	SEA
940	194	1259	SEA
941	194	1219	SEA
943	194	1251	SEA
944	194	1273	SEA
950	194	660	SEA
952	194	576	SEA
953	194	576	SEA
965	194	479	SEA
967	194	299	SEA
972	194	378	SEA
986	194	419	SEA
987	194	359	SEA
989	194	452	SEA
992	194	589	SEA
1000	194	998	SEA
1006	194	573	SEA
1007	194	573	SEA
1008	194	596	SEA
1010	194	319	SEA
1013	194	120	SEA
1014	194	101	SEA
1016	194	316	SEA
1019	194	434	SEA
1023	194	361	SEA
1026	194	426	SEA
1028	194	596	SEA
1033	194	435	SDA
1037	194	597	SDA
1040	194	626	SDA
1042	194	190	SEA
1048	194	566	SEA
1049	194	607	SEA
1051	194	191	SEA
1053	194	163	SEA
1057	194	360	SEA
1059	194	436	SEA
1063	194	365	SEA
1064	194	390	SEA
1067	194	455	SEA
1069	194	585	SEA
1071	194	237	SEA
1074	194	502	SEA
1075	194	479	SEA
1090	194	416	SEA
1093	194	437	SEA
1099	194	687	SEA
1103	194	602	SEA
1105	194	539	SEA
1108	194	779	SEA
1112	194	582	SEA
1127	194	1753	SEA
1130	194	826	SEA
1132	194	874	SEA
1136	194	960	SEA
1140	194	740	SEA
1146	194	602	SEA
1149	194	662	SEA
1153	194	899	SEA
1154	194	859	SEA
1157	194	702	SEA
1164	194	654	SEA
1168	194	959	SEA
1181	194	598	SEA
1183	194	637	SEA
1188	194	779	SEA
1190	194	629	SEA
1200	194	1080	SEA
1205	194	802	SEA
1209	194	769	SEA
1210	194	819	SEA
1214	194	794	SEA
1228	194	849	SEA
1239	194	899	SEA
1240	194	859	SEA
1243	194	874	SEA
1248	194	875	SEA
1257	194	959	SEA
1264	194	857	SEA
1265	194	884	SEA
1275	194	916	SEA
1278	194	874	SEA
1280	194	896	SEA
1284	194	2264	SEA
1295	194	1193	SEA
1296	194	1193	SEA
1301	194	1251	SEA
1306	194	1320	SEA
1308	194	1320	SEA
1312	194	1320	SEA
1319	194	1158	SEA
