363	99	272	SEA
385	99	320	SEA
395	99	373	SEA
408	99	420	SEA
409	99	413	SEA
421	99	210	SEA
422	99	242	SEA
435	99	182	SEA
439	99	234	SEA
448	99	253	SEA
453	99	195	SEA
458	99	158	SEA
463	99	190	SEA
494	99	433	SEA
507	99	375	SEA
512	99	219	SEA
520	99	341	SEA
529	99	322	SEA
543	99	71	SEA
549	99	69	SEA
554	99	975	SEA
568	99	540	SEA
578	99	50	SEA
593	99	225	SEA
606	99	540	SEA
607	99	433	SEA
629	99	360	SEA
637	99	508	SEA
654	99	373	SEA
694	99	540	SEA
710	99	439	SEA
720	99	540	SEA
727	99	273	SEA
729	99	294	SEA
751	99	366	SEA
757	99	433	SEA
759	99	433	SEA
760	99	434	SEA
761	99	480	SEA
765	99	373	SEA
768	99	209	SEA
770	99	239	SEA
771	99	265	SEA
772	99	265	SEA
774	99	273	SEA
775	99	273	SEA
778	99	75	SEA
783	99	178	SEA
791	99	179	SEA
798	99	170	SEA
801	99	193	SEA
804	99	156	SEA
808	99	239	SEA
810	99	193	SEA
819	99	226	SEA
834	99	432	SEA
840	99	337	SEA
847	99	293	SEA
853	99	353	SEA
859	99	420	SEA
863	99	320	SEA
871	99	420	SEA
876	99	257	SEA
887	99	373	SEA
889	99	345	SEA
893	99	322	SEA
895	99	573	SEA
901	99	600	SEA
908	99	541	SEA
918	99	423	SEA
920	99	480	SEA
922	99	480	SEA
923	99	439	SEA
924	99	505	SEA
926	99	480	SEA
932	99	406	SEA
933	99	885	SEA
936	99	480	SEA
937	99	480	SEA
940	99	403	SEA
941	99	427	SEA
943	99	417	SEA
944	99	420	SEA
950	99	368	SEA
952	99	420	SEA
953	99	420	SEA
965	99	303	SEA
967	99	299	SEA
972	99	309	SEA
986	99	401	SEA
987	99	352	SEA
989	99	365	SEA
992	99	433	SEA
1000	99	384	SEA
1006	99	480	SEA
1007	99	480	SEA
1008	99	433	SEA
1010	99	410	SEA
1013	99	480	SEA
1014	99	480	SEA
1016	99	390	SEA
1019	99	384	SEA
1023	99	480	SEA
1026	99	296	SEA
1028	99	274	SEA
1033	99	393	SEA
1037	99	694	SEA
1040	99	373	SEA
1042	99	256	SEA
1048	99	293	SDA
1049	99	301	SDA
1051	99	278	SDA
1053	99	286	SDA
1057	99	276	SEA
1059	99	420	SEA
1063	99	225	SEA
1064	99	206	SEA
1067	99	218	SEA
1069	99	353	SEA
1071	99	233	SEA
1074	99	373	SEA
1075	99	313	SEA
1090	99	453	SEA
1093	99	349	SEA
1099	99	354	SEA
1103	99	480	SEA
1105	99	433	SEA
1108	99	349	SEA
1112	99	480	SEA
1119	99	347	SEA
1127	99	119	SEA
1130	99	216	SEA
1132	99	359	SEA
1136	99	480	SEA
1140	99	313	SEA
1146	99	1293	SEA
1149	99	1155	SDA
1153	99	660	SEA
1154	99	660	SEA
1157	99	613	SEA
1164	99	208	SDA
1168	99	553	SEA
1181	99	545	SDA
1183	99	548	SDA
1188	99	660	SEA
1190	99	613	SEA
1200	99	660	SEA
1205	99	579	SDA
1209	99	780	SEA
1210	99	780	SEA
1214	99	707	SEA
1228	99	624	SEA
1239	99	613	SEA
1240	99	573	SEA
1243	99	532	SEA
1248	99	780	SEA
1252	99	697	SEA
1255	99	695	SEA
1256	99	780	SEA
1257	99	780	SEA
1264	99	753	SEA
1265	99	673	SEA
1275	99	780	SEA
1278	99	714	SEA
1279	99	714	SEA
1280	99	701	SEA
1284	99	780	SEA
1289	99	733	SEA
1295	99	780	SEA
1296	99	780	SEA
1301	99	975	SEA
1306	99	647	SEA
1308	99	780	SEA
1312	99	780	SEA
1319	99	705	SEA
