363	974	631	SEA
375	974	736	SEA
385	974	658	SEA
392	974	559	SEA
394	974	645	SEA
395	974	555	SEA
400	974	478	SDA
408	974	250	SDA
409	974	302	SDA
421	974	456	SDA
422	974	412	SDA
427	974	382	SDA
435	974	370	SDA
439	974	275	SDA
441	974	238	SDA
448	974	237	SEA
450	974	225	SEA
453	974	297	SEA
457	974	343	SEA
458	974	297	SEA
463	974	909	SEA
490	974	450	SEA
492	974	697	SEA
494	974	753	SEA
500	974	279	SEA
501	974	223	SEA
507	974	259	SEA
508	974	259	SEA
512	974	893	SEA
513	974	874	SEA
516	974	800	SEA
517	974	1122	SEA
520	974	1054	SEA
529	974	245	SEA
531	974	220	SEA
536	974	363	SEA
541	974	300	SEA
542	974	364	SEA
543	974	364	SEA
549	974	507	SEA
554	974	633	SEA
558	974	804	SEA
564	974	737	SEA
568	974	758	SEA
570	974	455	SEA
578	974	428	SEA
593	974	1141	SEA
596	974	1048	SEA
597	974	1056	SEA
606	974	403	SEA
607	974	441	SEA
610	974	423	SEA
615	974	501	SEA
624	974	731	SEA
629	974	759	SEA
630	974	759	SEA
637	974	1046	SEA
652	974	260	SEA
654	974	271	SEA
663	974	161	SEA
667	974	91	SEA
672	974	1052	SEA
684	974	939	SEA
692	974	927	SEA
694	974	805	SEA
701	974	877	SEA
710	974	430	SEA
718	974	404	SEA
720	974	446	SEA
726	974	925	SEA
727	974	899	SEA
729	974	824	SEA
735	974	1413	SEA
736	974	1473	SEA
739	974	1463	SEA
745	974	754	SDA
749	974	795	SDA
750	974	759	SDA
751	974	759	SDA
756	974	824	SEA
757	974	794	SEA
759	974	811	SEA
760	974	796	SEA
761	974	792	SEA
765	974	827	SEA
768	974	737	SEA
770	974	1024	SEA
771	974	1012	SEA
772	974	1012	SEA
773	974	990	SEA
774	974	990	SEA
775	974	990	SEA
778	974	967	SEA
779	974	927	SEA
791	974	402	SEA
798	974	495	SEA
801	974	1618	SEA
804	974	1623	SEA
808	974	10	SEA
810	974	4	SEA
819	974	98	SEA
834	974	2	SEA
840	974	5	SEA
847	974	637	SEA
853	974	795	SEA
859	974	672	SDA
863	974	644	SDA
871	974	523	SEA
876	974	898	SEA
887	974	776	SEA
889	974	726	SEA
893	974	694	SEA
895	974	647	SEA
901	974	523	SEA
908	974	517	SEA
918	974	1051	SEA
920	974	866	SEA
922	974	838	SEA
923	974	902	SEA
924	974	815	SEA
926	974	890	SEA
932	974	811	SEA
933	974	833	SEA
936	974	871	SEA
937	974	833	SEA
940	974	778	SEA
941	974	707	SEA
943	974	714	SEA
944	974	709	SEA
950	974	644	SEA
952	974	672	SEA
953	974	650	SEA
965	974	822	SEA
967	974	786	SEA
972	974	308	SEA
986	974	356	SEA
987	974	377	SEA
989	974	291	SEA
992	974	1271	SEA
1000	974	698	SEA
1006	974	625	SEA
1007	974	625	SEA
1008	974	666	SEA
1010	974	579	SEA
1013	974	481	SEA
1014	974	550	SEA
1016	974	534	SEA
1019	974	619	SEA
1023	974	1085	SEA
1026	974	1045	SEA
1028	974	1088	SEA
1033	974	775	SEA
1037	974	715	SEA
1040	974	601	SEA
1042	974	598	SEA
1048	974	497	SEA
1049	974	427	SEA
1051	974	431	SEA
1053	974	464	SEA
1057	974	1103	SEA
1059	974	1079	SEA
1063	974	1091	SEA
1064	974	1082	SEA
1067	974	950	SEA
1069	974	1052	SEA
1071	974	929	SEA
1074	974	871	SEA
1075	974	917	SEA
1090	974	772	SEA
1093	974	755	SEA
1099	974	785	SEA
1103	974	406	SEA
1105	974	324	SEA
1108	974	351	SEA
1112	974	445	SEA
1119	974	195	SEA
1127	974	1596	SEA
1130	974	1550	SEA
1132	974	1538	SEA
1136	974	364	SDA
1140	974	421	SDA
1146	974	426	SEA
1149	974	368	SEA
1153	974	299	SEA
1154	974	201	SEA
1157	974	347	SEA
1164	974	15	SEA
1168	974	874	SEA
1181	974	486	SEA
1183	974	347	SEA
1188	974	555	SEA
1190	974	479	SEA
1200	974	53	SEA
1205	974	1337	SEA
1209	974	1338	SEA
1210	974	1334	SEA
1214	974	11	SEA
1228	974	156	SEA
1239	974	395	SEA
1240	974	348	SEA
1243	974	460	SEA
1248	974	460	SEA
1252	974	1252	SEA
1255	974	1306	SEA
1256	974	1328	SEA
1257	974	1328	SEA
1264	974	194	SEA
1265	974	176	SEA
1267	974	197	SEA
1275	974	143	SEA
1278	974	192	SEA
1279	974	192	SEA
1280	974	116	SEA
1284	974	1125	SEA
1289	974	1176	SEA
1295	974	827	SEA
1296	974	827	SEA
1301	974	901	SEA
1306	974	950	SEA
1308	974	1026	SEA
1312	974	980	SEA
1319	974	1377	SEA
