363	253	665	SEA
385	253	600	SEA
408	253	525	SEA
409	253	533	SEA
421	253	554	SEA
422	253	549	SEA
435	253	478	SEA
439	253	505	SEA
448	253	562	SEA
453	253	760	SEA
458	253	793	SEA
463	253	258	SEA
494	253	684	SEA
507	253	669	SEA
512	253	481	SEA
520	253	257	SEA
529	253	750	SEA
543	253	720	SEA
549	253	676	SEA
554	253	755	SEA
568	253	626	SEA
578	253	891	SEA
593	253	735	SEA
606	253	841	SEA
607	253	776	SEA
629	253	742	SEA
637	253	932	SEA
654	253	678	SEA
694	253	770	SEA
710	253	809	SEA
718	253	560	SEA
720	253	643	SEA
727	253	703	SEA
729	253	728	SEA
749	253	757	SEA
751	253	764	SEA
757	253	917	SEA
759	253	911	SEA
760	253	719	SEA
765	253	736	SEA
768	253	746	SEA
770	253	801	SEA
771	253	839	SEA
772	253	839	SEA
774	253	709	SEA
775	253	709	SEA
778	253	747	SEA
783	253	846	SEA
791	253	608	SEA
798	253	719	SEA
801	253	738	SEA
804	253	721	SEA
808	253	743	SEA
810	253	829	SEA
819	253	906	SEA
834	253	493	SEA
840	253	782	SEA
847	253	790	SEA
853	253	749	SEA
859	253	709	SEA
863	253	791	SEA
871	253	650	SEA
876	253	636	SEA
887	253	761	SEA
889	253	778	SEA
893	253	844	SEA
895	253	760	SEA
901	253	773	SEA
908	253	599	SEA
918	253	683	SEA
920	253	753	SEA
922	253	667	SEA
923	253	745	SEA
924	253	735	SEA
926	253	705	SEA
932	253	882	SEA
933	253	827	SEA
936	253	709	SEA
937	253	745	SEA
940	253	579	SEA
941	253	542	SEA
943	253	537	SEA
944	253	520	SEA
950	253	568	SEA
952	253	548	SEA
953	253	664	SEA
965	253	894	SEA
967	253	1091	SEA
972	253	337	SEA
986	253	569	SEA
987	253	633	SEA
989	253	627	SEA
992	253	632	SEA
1000	253	869	SEA
1006	253	583	SEA
1007	253	583	SEA
1008	253	590	SEA
1010	253	581	SEA
1013	253	575	SEA
1014	253	588	SEA
1016	253	816	SEA
1019	253	844	SEA
1023	253	813	SEA
1026	253	580	SEA
1028	253	580	SEA
1033	253	632	SEA
1037	253	755	SEA
1040	253	640	SEA
1042	253	653	SEA
1048	253	676	SEA
1049	253	659	SEA
1051	253	417	SEA
1053	253	449	SEA
1057	253	529	SEA
1059	253	486	SEA
1063	253	597	SEA
1064	253	640	SEA
1067	253	754	SEA
1069	253	750	SEA
1071	253	390	SEA
1074	253	420	SEA
1075	253	467	SEA
1090	253	793	SEA
1093	253	715	SEA
1099	253	549	SEA
1103	253	541	SEA
1105	253	565	SEA
1108	253	590	SEA
1112	253	604	SEA
1119	253	596	SEA
1127	253	636	SEA
1130	253	603	SEA
1132	253	613	SEA
1136	253	640	SEA
1140	253	636	SEA
1146	253	887	SEA
1149	253	710	SEA
1153	253	688	SEA
1154	253	705	SEA
1157	253	680	SEA
1164	253	573	SEA
1168	253	437	SEA
1181	253	1004	SEA
1183	253	1035	SEA
1188	253	602	SEA
1190	253	565	SEA
1200	253	799	SEA
1205	253	671	SEA
1209	253	652	SEA
1210	253	631	SEA
1214	253	634	SEA
1228	253	653	SEA
1239	253	914	SEA
1240	253	643	SEA
1243	253	631	SEA
1248	253	681	SEA
1252	253	716	SEA
1255	253	647	SEA
1256	253	683	SEA
1257	253	683	SEA
1264	253	768	SEA
1265	253	681	SEA
1275	253	930	SEA
1278	253	851	SEA
1279	253	851	SEA
1280	253	840	SEA
1284	253	637	SEA
1289	253	664	SEA
1295	253	635	SEA
1296	253	635	SEA
1301	253	814	SEA
1306	253	772	SEA
1308	253	1283	SEA
1312	253	1347	SEA
1319	253	1328	SEA
