363	248	720	SEA
408	248	455	SEA
409	248	409	SEA
654	248	1946	SEA
684	248	1978	SEA
694	248	1964	SEA
710	248	1585	SEA
720	248	1729	SEA
727	248	1709	SEA
729	248	1686	SEA
751	248	1822	SEA
757	248	1817	SEA
771	248	1656	SEA
774	248	1730	SEA
778	248	1779	SEA
804	248	1860	SEA
808	248	1922	SEA
810	248	1819	SEA
834	248	1770	SEA
840	248	1767	SEA
871	248	2088	SEA
893	248	1617	SEA
901	248	1704	SEA
908	248	1857	SEA
924	248	1646	SEA
926	248	1688	SEA
932	248	1749	SEA
933	248	1755	SEA
936	248	1660	SEA
937	248	1662	SEA
940	248	1600	SEA
941	248	1585	SEA
952	248	1723	SEA
953	248	1746	SEA
965	248	1635	SEA
967	248	1675	SEA
986	248	1761	SEA
987	248	1788	SEA
989	248	1753	SEA
992	248	1660	SEA
1000	248	1755	SEA
1255	248	1671	SEA
1264	248	1687	SEA
1265	248	1730	SEA
1284	248	1732	SEA
1295	248	1725	SEA
1296	248	1725	SEA
