363	333	283	SEA
375	333	556	SEA
385	333	248	SEA
408	333	162	SEA
409	333	120	SEA
414	333	696	SEA
421	333	566	SEA
422	333	569	SEA
435	333	359	SEA
439	333	321	SEA
448	333	534	SDA
453	333	528	SDA
458	333	670	SDA
463	333	7	SDA
465	333	9	SDA
490	333	199	SDA
492	333	247	SDA
494	333	166	SDA
500	333	502	SEA
517	333	264	SEA
520	333	281	SEA
529	333	180	SEA
536	333	357	SEA
543	333	284	SDA
549	333	124	SEA
554	333	498	SEA
568	333	448	SEA
570	333	278	SEA
578	333	176	SDA
593	333	632	SEA
606	333	201	SDA
607	333	216	SEA
629	333	332	SEA
630	333	332	SEA
637	333	83	SEA
654	333	1022	SEA
667	333	824	SEA
672	333	692	SEA
692	333	713	SEA
694	333	865	SEA
710	333	818	SEA
718	333	666	SEA
720	333	520	SEA
727	333	1155	SEA
729	333	1122	SEA
739	333	601	SEA
749	333	429	SDA
750	333	458	SDA
751	333	458	SDA
757	333	508	SEA
759	333	547	SEA
760	333	502	SEA
761	333	469	SEA
765	333	1340	SDA
768	333	1415	SDA
770	333	455	SEA
771	333	534	SEA
772	333	534	SEA
773	333	623	SEA
774	333	652	SEA
775	333	652	SEA
778	333	781	SEA
783	333	744	SEA
791	333	419	SEA
798	333	466	SDA
801	333	399	SDA
804	333	431	SEA
808	333	205	SEA
810	333	136	SEA
819	333	511	SEA
834	333	13	LSD
840	333	20	SDA
847	333	2	SEA
853	333	156	SEA
859	333	101	SEA
863	333	217	SEA
871	333	533	SEA
876	333	485	SEA
887	333	442	SEA
889	333	458	SEA
893	333	788	SEA
895	333	728	SEA
908	333	366	SEA
918	333	888	SEA
922	333	521	SEA
923	333	530	SEA
924	333	510	SEA
926	333	460	SEA
932	333	509	SEA
933	333	542	SEA
936	333	414	SEA
937	333	402	SEA
940	333	511	SEA
941	333	487	SEA
943	333	412	SEA
944	333	468	SEA
950	333	842	SEA
952	333	769	SEA
953	333	832	SEA
965	333	140	SEA
967	333	207	SEA
972	333	131	SEA
986	333	498	SEA
987	333	496	SEA
989	333	512	SEA
992	333	479	SEA
1000	333	1300	SEA
1006	333	269	SEA
1007	333	269	SEA
1008	333	384	SEA
1010	333	328	SEA
1013	333	343	SEA
1014	333	336	SEA
1016	333	331	SEA
1019	333	320	SEA
1023	333	181	SEA
1026	333	10	SEA
1028	333	5	SEA
1033	333	1066	SEA
1037	333	1101	SEA
1040	333	1056	SEA
1042	333	587	SEA
1048	333	558	SEA
1049	333	454	SEA
1051	333	360	SEA
1053	333	375	SEA
1057	333	409	SEA
1059	333	361	SEA
1063	333	435	SEA
1064	333	644	SEA
1067	333	683	SEA
1069	333	770	SEA
1071	333	525	SEA
1074	333	597	SEA
1075	333	627	SEA
1090	333	222	SEA
1093	333	182	SEA
1099	333	361	SEA
1103	333	402	SEA
1105	333	375	SDA
1108	333	311	SEA
1112	333	169	SEA
1119	333	420	SEA
1127	333	92	SEA
1130	333	7	SEA
1132	333	6	SEA
1136	333	11	SEA
1140	333	904	SEA
1146	333	537	SEA
1149	333	511	SEA
1153	333	495	SEA
1157	333	451	SEA
1164	333	85	SEA
1168	333	608	SEA
1181	333	614	SEA
1183	333	610	SEA
1188	333	808	SEA
1190	333	822	SEA
1200	333	513	SEA
1205	333	323	SEA
1209	333	717	SEA
1210	333	685	SEA
1214	333	519	SEA
1228	333	749	SEA
1239	333	1096	SEA
1240	333	1120	SEA
1243	333	419	SEA
1248	333	364	SEA
1252	333	305	SEA
1255	333	255	SEA
1257	333	228	SEA
1264	333	223	SEA
1275	333	585	SEA
1278	333	530	SEA
1280	333	478	SEA
1284	333	1062	SEA
1295	333	557	SEA
1296	333	557	SEA
1301	333	634	SEA
1306	333	645	SEA
1308	333	618	SEA
1312	333	833	SEA
1319	333	698	SEA
