363	98	328	SEA
375	98	452	SEA
385	98	1337	SEA
392	98	931	SEA
395	98	1015	SEA
408	98	680	SEA
409	98	705	SEA
421	98	878	SEA
422	98	886	SEA
435	98	22	SEA
439	98	17	SDA
448	98	107	SEA
453	98	6	SEA
458	98	5	SEA
463	98	929	SEA
490	98	654	SEA
494	98	664	SEA
500	98	527	SEA
507	98	522	SEA
508	98	488	SEA
512	98	877	SEA
517	98	858	SEA
520	98	35	SEA
529	98	5	SEA
536	98	226	SEA
541	98	1181	SEA
543	98	1149	SEA
549	98	19	SEA
554	98	4	SEA
568	98	2214	SEA
578	98	427	SEA
593	98	52	SEA
606	98	41	SEA
607	98	57	SEA
624	98	640	SEA
629	98	462	SEA
637	98	56	SEA
654	98	52	SEA
672	98	91	SEA
694	98	1133	SEA
710	98	873	SEA
720	98	850	SEA
727	98	791	SEA
740	98	1775	SEA
750	98	626	SEA
751	98	626	SEA
757	98	663	SEA
759	98	708	SEA
760	98	807	SEA
761	98	808	SEA
765	98	865	SEA
768	98	872	SEA
770	98	871	SEA
771	98	820	SEA
772	98	820	SEA
773	98	887	SEA
774	98	828	SEA
778	98	912	SEA
783	98	923	SEA
791	98	738	SEA
798	98	773	SEA
801	98	860	SEA
804	98	841	SEA
808	98	727	SEA
810	98	756	SEA
819	98	872	SEA
834	98	782	SEA
840	98	827	SEA
847	98	730	SEA
853	98	643	SEA
859	98	823	SEA
863	98	1010	SEA
871	98	917	SEA
876	98	931	SEA
887	98	1024	SEA
889	98	1029	SEA
893	98	1011	SEA
895	98	980	SEA
901	98	1020	SEA
908	98	1093	SEA
918	98	490	SEA
920	98	518	SEA
922	98	582	SEA
923	98	582	SEA
924	98	509	SEA
926	98	531	SEA
932	98	1237	SEA
933	98	1253	SEA
936	98	1342	SEA
937	98	1306	SEA
940	98	943	SEA
941	98	961	SEA
943	98	951	SEA
944	98	909	SEA
950	98	1042	SEA
952	98	1109	SEA
953	98	1055	SEA
965	98	720	SEA
972	98	569	SEA
986	98	1783	SEA
987	98	812	SEA
989	98	815	SEA
992	98	964	SEA
1000	98	985	SEA
1006	98	935	SEA
1007	98	935	SEA
1008	98	946	SEA
1010	98	976	SEA
1013	98	1043	SEA
1014	98	659	SEA
1016	98	597	SEA
1019	98	676	SEA
1023	98	613	SEA
1026	98	651	SEA
1028	98	693	SEA
1033	98	1408	SEA
1037	98	1423	SEA
1040	98	1413	SEA
1042	98	1450	SEA
1048	98	637	SDA
1049	98	654	SDA
1051	98	745	SDA
1053	98	746	SDA
1057	98	757	SDA
1059	98	739	SDA
1064	98	984	SEA
1067	98	996	SEA
1069	98	393	SDA
1071	98	315	LSD
1074	98	358	SDA
1075	98	423	SDA
1090	98	923	SEA
1093	98	722	SDA
1099	98	675	SDA
1105	98	529	SEA
1108	98	478	SEA
1112	98	996	SEA
1119	98	43	SEA
1127	98	142	SEA
1130	98	121	SEA
1132	98	160	SEA
1136	98	816	SEA
1140	98	275	SDA
1146	98	442	SEA
1149	98	337	SEA
1153	98	407	SEA
1154	98	378	SEA
1157	98	526	SEA
1164	98	341	SEA
1168	98	281	SEA
1181	98	423	SEA
1183	98	472	SEA
1190	98	450	SEA
1200	98	242	SEA
1205	98	186	SEA
1209	98	248	SEA
1210	98	282	SEA
1214	98	455	SEA
1228	98	482	SEA
1239	98	700	SEA
1240	98	642	SEA
1243	98	1659	SDA
1248	98	1560	SEA
1252	98	807	SEA
1255	98	839	SEA
1256	98	888	SEA
1257	98	888	SEA
1264	98	779	SEA
1265	98	789	SEA
1275	98	837	SEA
1278	98	884	SEA
1280	98	875	SEA
1284	98	633	SEA
1295	98	908	SEA
1296	98	908	SEA
1301	98	983	SEA
1306	98	1291	SEA
1308	98	1273	SEA
1312	98	1388	SEA
1319	98	1395	SEA
