363	334	354	SEA
375	334	208	SEA
385	334	351	SEA
394	334	395	SEA
395	334	414	SEA
396	334	337	SEA
400	334	391	SEA
408	334	761	SEA
409	334	763	SEA
414	334	512	SEA
421	334	580	SEA
422	334	574	SEA
427	334	553	SEA
432	334	472	SEA
435	334	433	SEA
439	334	523	SEA
448	334	437	SEA
450	334	379	SEA
458	334	462	SEA
463	334	795	SEA
465	334	887	SEA
488	334	519	SEA
490	334	546	SEA
492	334	568	SEA
494	334	552	SEA
500	334	515	SEA
501	334	567	SEA
505	334	365	SEA
507	334	397	SEA
508	334	426	SEA
512	334	729	SEA
513	334	725	SEA
517	334	688	SEA
520	334	513	SEA
529	334	1039	SEA
531	334	51	SEA
536	334	283	SEA
541	334	439	SEA
542	334	453	SEA
543	334	453	SEA
549	334	387	SEA
554	334	461	SEA
568	334	624	SEA
570	334	497	SEA
578	334	434	SEA
593	334	327	SEA
596	334	345	SEA
597	334	424	SEA
606	334	215	SEA
607	334	465	SEA
610	334	635	SEA
615	334	485	SEA
623	334	592	SEA
624	334	666	SEA
629	334	726	SEA
637	334	467	SEA
654	334	501	SEA
663	334	306	SEA
667	334	291	SEA
684	334	189	SEA
692	334	583	SEA
694	334	573	SEA
710	334	599	SEA
718	334	130	SEA
720	334	383	SEA
727	334	796	SEA
729	334	753	SEA
735	334	446	SEA
736	334	538	SEA
739	334	462	SEA
740	334	481	SEA
745	334	776	SEA
750	334	804	SEA
751	334	804	SEA
757	334	611	SEA
759	334	609	SEA
760	334	774	SEA
761	334	856	SEA
765	334	600	SEA
768	334	386	SEA
770	334	488	SEA
771	334	486	SEA
772	334	486	SEA
773	334	508	SEA
774	334	493	SEA
775	334	493	SEA
778	334	783	SEA
779	334	880	SEA
791	334	489	SEA
798	334	501	SEA
801	334	464	SEA
804	334	512	SEA
808	334	695	SEA
810	334	690	SEA
819	334	534	SEA
834	334	34	SEA
840	334	550	SEA
847	334	709	SEA
853	334	486	SEA
859	334	489	SEA
863	334	576	SEA
871	334	455	SEA
876	334	869	SEA
887	334	716	SEA
889	334	759	SEA
893	334	942	SEA
895	334	1045	SEA
901	334	304	SEA
908	334	521	SEA
918	334	315	SEA
920	334	374	SEA
922	334	542	SEA
923	334	596	SEA
924	334	576	SEA
926	334	314	SEA
932	334	219	SEA
933	334	214	SEA
936	334	232	SEA
937	334	559	SEA
940	334	573	SEA
941	334	388	SEA
943	334	363	SEA
944	334	431	SEA
950	334	304	SEA
952	334	335	SEA
953	334	331	SEA
965	334	553	SEA
967	334	569	SEA
972	334	494	SEA
986	334	455	SEA
987	334	841	SEA
989	334	844	SEA
992	334	824	SEA
1000	334	531	SEA
1006	334	436	SEA
1007	334	436	SEA
1008	334	475	SEA
1010	334	521	SEA
1013	334	546	SEA
1014	334	570	SEA
1016	334	661	SEA
1019	334	363	SEA
1023	334	399	SEA
1026	334	618	SEA
1028	334	740	SEA
1033	334	852	SEA
1037	334	617	SEA
1040	334	627	SEA
1042	334	602	SEA
1048	334	572	SEA
1049	334	487	SEA
1051	334	608	SEA
1053	334	591	SEA
1057	334	366	SEA
1059	334	405	SEA
1063	334	411	SEA
1064	334	465	SEA
1067	334	483	SEA
1069	334	528	SEA
1071	334	508	SEA
1074	334	539	SEA
1075	334	618	SEA
1090	334	768	SEA
1093	334	474	SEA
1099	334	405	SEA
1103	334	379	SEA
1105	334	407	SEA
1108	334	375	SEA
1112	334	401	SEA
1119	334	466	SEA
1127	334	576	SEA
1130	334	284	SEA
1132	334	282	SEA
1136	334	260	SEA
1140	334	201	SEA
1146	334	314	SEA
1149	334	251	SEA
1153	334	257	SEA
1154	334	278	SEA
1157	334	300	SEA
1164	334	305	SEA
1168	334	332	SEA
1181	334	412	SEA
1183	334	462	SEA
1188	334	407	SEA
1190	334	362	SEA
1200	334	948	SEA
1205	334	226	SEA
1209	334	493	SEA
1210	334	501	SEA
1214	334	313	SEA
1228	334	590	SEA
1239	334	328	SEA
1240	334	381	SEA
1243	334	504	SEA
1248	334	810	SEA
1252	334	1049	SEA
1255	334	288	SEA
1256	334	315	SEA
1257	334	315	SEA
1264	334	614	SEA
1265	334	643	SEA
1267	334	608	SEA
1275	334	535	SEA
1278	334	629	SEA
1279	334	629	SEA
1280	334	431	SEA
1284	334	806	SEA
1295	334	669	SEA
1296	334	669	SEA
1301	334	933	SEA
1306	334	305	SEA
1308	334	369	SEA
1312	334	657	SEA
1319	334	807	SEA
