421	502	908	SEA
422	502	933	SEA
435	502	973	SEA
439	502	1020	SEA
448	502	1253	SEA
458	502	1314	SEA
463	502	1261	SEA
494	502	649	SEA
507	502	1120	SEA
529	502	1520	SEA
543	502	754	SEA
549	502	754	SEA
554	502	815	SEA
568	502	183	SEA
593	502	946	SEA
606	502	1284	SEA
607	502	1137	SEA
629	502	1449	SEA
637	502	885	SEA
694	502	225	SEA
710	502	1532	SEA
718	502	1527	SEA
729	502	1338	SDA
751	502	1418	SDA
757	502	772	SEA
759	502	775	SEA
760	502	760	SEA
765	502	777	SEA
770	502	818	SEA
772	502	769	SEA
774	502	712	SEA
791	502	314	SEA
798	502	403	SEA
801	502	399	SEA
804	502	476	SEA
808	502	418	SEA
810	502	391	SEA
819	502	437	SEA
834	502	1698	SEA
847	502	1194	SEA
853	502	1182	SEA
859	502	1213	SEA
863	502	1198	SEA
871	502	463	SEA
876	502	416	SEA
887	502	411	SEA
889	502	425	SEA
893	502	1313	SEA
895	502	1263	SEA
901	502	1022	SEA
908	502	1087	SEA
918	502	1052	SEA
920	502	1054	SEA
922	502	1070	SEA
923	502	1137	SEA
924	502	1172	SEA
926	502	1185	SEA
932	502	855	SEA
933	502	864	SEA
936	502	843	SEA
937	502	851	SEA
940	502	855	SEA
941	502	850	SEA
943	502	785	SEA
944	502	789	SEA
950	502	1170	SEA
952	502	1141	SEA
953	502	1113	SEA
965	502	1168	SEA
967	502	1179	SEA
972	502	1080	SEA
986	502	1141	SEA
987	502	1177	SEA
989	502	1228	SEA
992	502	1183	SEA
1000	502	1790	SDA
1006	502	1769	SDA
1007	502	1769	SDA
1008	502	1860	SDA
1010	502	1881	SDA
1019	502	1329	SDA
1023	502	1229	SDA
1026	502	1360	SDA
1028	502	1333	SDA
1033	502	1239	SDA
1037	502	1199	SDA
1040	502	1095	SDA
1042	502	949	SDA
1048	502	458	SDA
1049	502	464	SDA
1051	502	473	SDA
1053	502	468	SDA
1057	502	436	SDA
1059	502	1224	SEA
1063	502	1209	SEA
1064	502	1212	SEA
1067	502	1104	SEA
1069	502	1049	SEA
1071	502	1343	SDA
1074	502	1328	SDA
1075	502	1345	SDA
1090	502	1012	SDA
1093	502	1036	SEA
1099	502	949	SEA
1103	502	877	SEA
1105	502	857	SEA
1108	502	808	SEA
1112	502	1144	SDA
1119	502	1098	SDA
1127	502	1219	SDA
1130	502	1183	SDA
1132	502	1223	SDA
1136	502	1146	SDA
1140	502	1018	SDA
1146	502	319	SDA
1149	502	239	SDA
1153	502	346	SDA
1154	502	347	SDA
1157	502	269	SDA
1164	502	1287	SDA
1168	502	1236	SDA
1181	502	364	SDA
1183	502	281	SDA
1188	502	283	SDA
1190	502	311	SDA
1200	502	373	SEA
1205	502	259	SEA
1209	502	136	SEA
1210	502	74	SEA
1214	502	349	SEA
1228	502	334	SEA
1239	502	1107	SEA
1240	502	1140	SEA
1243	502	1087	SEA
1248	502	1108	SEA
1252	502	834	SDA
1255	502	935	SDA
1257	502	921	SDA
1264	502	806	SDA
1265	502	838	SDA
1275	502	835	SDA
1278	502	829	SDA
1279	502	829	SDA
1280	502	768	SDA
1284	502	966	SDA
1295	502	1150	SDA
1296	502	1150	SDA
1301	502	1151	SDA
1306	502	1308	SDA
1308	502	1293	SDA
1312	502	1143	SDA
1319	502	488	SEA
