363	165	518	SEA
375	165	495	SEA
408	165	757	SEA
409	165	618	SEA
421	165	761	SEA
422	165	793	SEA
427	165	800	SEA
435	165	504	SDA
439	165	329	SEA
448	165	684	SEA
450	165	656	SEA
458	165	756	SEA
463	165	804	SEA
490	165	721	SEA
494	165	768	SEA
512	165	775	SEA
513	165	760	SEA
529	165	597	SEA
554	165	708	SEA
558	165	630	SEA
568	165	825	SEA
570	165	832	SEA
593	165	949	SEA
606	165	796	SEA
607	165	828	SEA
610	165	762	SEA
623	165	407	SEA
663	165	923	SEA
667	165	867	SEA
694	165	1043	SEA
710	165	568	SEA
718	165	958	SEA
720	165	941	SEA
729	165	628	SEA
745	165	1258	SEA
757	165	609	SEA
759	165	605	SEA
760	165	632	SEA
761	165	654	SEA
765	165	976	SEA
768	165	998	SEA
770	165	872	SEA
771	165	896	SEA
774	165	908	SEA
775	165	908	SEA
778	165	607	SEA
791	165	554	SEA
798	165	931	SEA
801	165	981	SEA
804	165	964	SEA
808	165	829	SEA
810	165	825	SEA
819	165	1081	SEA
834	165	858	SEA
840	165	916	SEA
847	165	734	SEA
853	165	743	SEA
859	165	737	SEA
863	165	688	SEA
871	165	805	SEA
876	165	1440	SEA
887	165	590	SEA
889	165	678	SEA
893	165	544	SEA
895	165	512	SEA
901	165	520	SEA
908	165	1600	SEA
918	165	539	SEA
920	165	542	SEA
922	165	774	SEA
923	165	800	SEA
924	165	916	SEA
926	165	1021	SEA
932	165	1318	SEA
933	165	1348	SEA
936	165	1525	SEA
937	165	624	SEA
940	165	643	SEA
941	165	652	SEA
943	165	654	SEA
944	165	852	SEA
950	165	604	SEA
952	165	586	SEA
953	165	574	SEA
965	165	987	SEA
967	165	915	SEA
972	165	699	SEA
986	165	618	SEA
987	165	1052	SEA
989	165	1049	SEA
992	165	990	SEA
1000	165	1033	SEA
1006	165	1155	SEA
1007	165	1155	SEA
1008	165	1156	SEA
1010	165	1196	SEA
1013	165	860	SEA
1014	165	843	SEA
1016	165	912	SEA
1019	165	1027	SEA
1023	165	1479	SEA
1026	165	1352	SEA
1028	165	738	SEA
1033	165	776	SEA
1037	165	737	SEA
1040	165	719	SEA
1042	165	673	SEA
1048	165	741	SEA
1049	165	578	SEA
1051	165	647	SEA
1053	165	641	SEA
1057	165	711	SEA
1059	165	718	SEA
1063	165	698	SEA
1064	165	740	SEA
1067	165	697	SEA
1069	165	688	SEA
1071	165	938	SEA
1074	165	1014	SEA
1075	165	953	SEA
1090	165	729	SEA
1093	165	801	SEA
1099	165	655	SEA
1103	165	368	SEA
1105	165	281	SEA
1108	165	294	SEA
1112	165	1087	SEA
1119	165	457	SDA
1127	165	420	SDA
1130	165	512	SDA
1132	165	731	SEA
1136	165	706	SEA
1140	165	936	SEA
1146	165	1590	SEA
1149	165	1721	SEA
1153	165	350	SEA
1154	165	1159	SEA
1157	165	310	SEA
1164	165	580	SEA
1168	165	613	SEA
1181	165	894	SEA
1183	165	922	SEA
1188	165	888	SEA
1190	165	876	SEA
1200	165	871	SEA
1205	165	1025	SEA
1209	165	1165	SEA
1210	165	1199	SEA
1214	165	1128	SEA
1228	165	2097	SEA
1239	165	514	SEA
1240	165	471	SEA
1243	165	517	SEA
1248	165	736	SEA
1252	165	1056	SEA
1255	165	1453	SEA
1256	165	1447	SEA
1257	165	1447	SEA
1264	165	619	SEA
1265	165	614	SEA
1275	165	534	SEA
1278	165	509	SEA
1280	165	519	SEA
1284	165	439	SEA
1289	165	533	SEA
1295	165	582	SEA
1296	165	582	SEA
1301	165	736	SEA
1306	165	887	SEA
1308	165	882	SEA
1312	165	913	SEA
1319	165	1036	SEA
