363	991	346	SEA
375	991	501	SEA
385	991	728	SEA
392	991	633	SEA
408	991	269	SEA
409	991	233	SEA
421	991	391	SEA
422	991	382	SEA
435	991	546	SEA
439	991	539	SEA
448	991	426	SEA
450	991	439	SEA
458	991	395	SEA
463	991	260	SDA
488	991	539	SEA
490	991	451	SEA
494	991	399	SEA
507	991	435	SEA
512	991	388	SEA
513	991	362	SEA
516	991	364	SEA
517	991	376	SEA
520	991	567	SEA
529	991	679	SEA
531	991	619	SEA
542	991	699	SEA
543	991	699	SEA
549	991	605	SEA
554	991	799	SEA
568	991	839	SEA
578	991	652	SEA
593	991	517	SEA
596	991	679	SEA
606	991	780	SEA
607	991	779	SEA
615	991	700	SEA
624	991	822	SEA
629	991	900	SEA
637	991	750	SEA
667	991	779	SEA
673	991	765	SEA
694	991	780	SEA
710	991	703	SEA
718	991	780	SEA
720	991	780	SEA
727	991	471	SEA
729	991	491	SEA
740	991	713	SEA
749	991	719	SEA
750	991	751	SEA
751	991	751	SEA
757	991	647	SEA
759	991	720	SEA
760	991	720	SEA
761	991	720	SEA
765	991	553	SEA
768	991	515	SEA
770	991	488	SEA
771	991	494	SEA
772	991	494	SEA
773	991	719	SEA
774	991	679	SEA
778	991	419	SEA
779	991	359	SEA
783	991	720	SEA
791	991	578	SEA
798	991	659	SEA
801	991	539	SEA
804	991	359	SEA
808	991	780	SEA
810	991	719	SEA
819	991	639	SEA
834	991	569	LSD
840	991	648	SEA
847	991	533	SEA
853	991	779	SEA
859	991	694	SEA
863	991	900	SEA
871	991	862	SEA
876	991	959	SEA
887	991	925	SEA
889	991	780	SEA
893	991	780	SEA
895	991	780	SEA
901	991	479	SEA
908	991	840	SEA
918	991	692	SEA
920	991	840	SEA
922	991	840	SEA
923	991	840	SEA
924	991	674	SEA
926	991	674	SEA
932	991	605	SEA
933	991	605	SEA
936	991	835	SEA
937	991	834	SEA
940	991	654	SEA
941	991	694	SEA
943	991	685	SEA
944	991	690	SEA
950	991	845	SEA
952	991	784	SEA
953	991	744	SEA
965	991	840	SEA
967	991	779	SEA
972	991	735	SEA
986	991	571	SEA
987	991	566	SEA
989	991	555	SEA
992	991	599	SEA
1000	991	59	SEA
1006	991	400	SEA
1007	991	400	SEA
1008	991	384	SEA
1010	991	367	SEA
1013	991	348	SEA
1014	991	359	SEA
1016	991	239	SEA
1019	991	119	SEA
1023	991	566	SEA
1026	991	565	SEA
1028	991	516	SEA
1033	991	514	SEA
1037	991	503	SEA
1040	991	480	SEA
1042	991	439	SEA
1048	991	233	SEA
1049	991	410	SEA
1051	991	357	SEA
1053	991	364	SEA
1057	991	380	SEA
1059	991	346	SEA
1063	991	201	SEA
1064	991	291	SEA
1067	991	498	SEA
1069	991	528	SEA
1071	991	520	SEA
1074	991	652	SEA
1075	991	653	SEA
1090	991	493	SEA
1093	991	443	SDA
1099	991	595	SEA
1103	991	696	SEA
1105	991	696	SEA
1108	991	575	SEA
1112	991	395	SEA
1119	991	539	SEA
1127	991	297	SEA
1130	991	359	SEA
1132	991	259	SEA
1136	991	59	SEA
1140	991	299	SEA
1146	991	314	SEA
1149	991	355	SEA
1153	991	479	SEA
1154	991	439	SEA
1157	991	448	SEA
1164	991	419	SEA
1168	991	397	SEA
1181	991	619	SEA
1183	991	544	SEA
1188	991	530	SEA
1190	991	780	SEA
1200	991	709	SEA
1205	991	719	SEA
1209	991	539	SEA
1210	991	479	SEA
1214	991	259	SEA
1228	991	840	SEA
1239	991	299	SEA
1240	991	259	SEA
1243	991	900	SEA
1248	991	719	SEA
1252	991	758	SEA
1255	991	900	SEA
1256	991	900	SEA
1257	991	900	SEA
1264	991	902	SEA
1265	991	910	SEA
1275	991	899	SEA
1278	991	890	SEA
1279	991	890	SEA
1280	991	900	SEA
1284	991	960	SEA
1289	991	960	SEA
1295	991	894	SEA
1296	991	894	SEA
1301	991	960	SEA
1306	991	959	SEA
1308	991	854	SEA
1312	991	739	SEA
1319	991	900	SEA
