363	855	522	SEA
375	855	934	SEA
385	855	1000	SEA
395	855	960	SEA
408	855	924	SEA
409	855	904	SEA
414	855	890	SEA
421	855	835	SEA
422	855	854	SEA
432	855	894	SEA
435	855	895	SEA
439	855	887	SDA
448	855	786	SEA
453	855	747	SEA
463	855	950	SEA
465	855	995	SEA
490	855	850	SEA
492	855	839	SEA
494	855	817	SEA
501	855	792	SEA
507	855	989	SEA
508	855	1060	SEA
512	855	1039	SEA
517	855	1034	SEA
520	855	833	SEA
529	855	859	SEA
531	855	835	SEA
542	855	661	SEA
543	855	661	SEA
549	855	698	SEA
554	855	717	SEA
568	855	1100	SEA
578	855	609	SEA
593	855	607	SDA
606	855	682	SEA
607	855	723	SEA
615	855	703	SEA
624	855	70	SEA
629	855	56	SEA
637	855	837	SEA
654	855	896	SEA
663	855	496	SEA
684	855	580	SEA
694	855	545	SEA
710	855	637	SEA
718	855	533	SEA
720	855	582	SEA
727	855	916	SEA
729	855	940	SEA
745	855	1038	SEA
749	855	1033	SEA
751	855	1079	SEA
757	855	655	SEA
759	855	621	SEA
760	855	614	SEA
765	855	616	SEA
768	855	562	SEA
770	855	600	SEA
771	855	596	SEA
772	855	596	SEA
773	855	632	SEA
774	855	653	SEA
775	855	653	SEA
778	855	750	SEA
779	855	743	SEA
791	855	833	SEA
798	855	702	SEA
801	855	629	SEA
804	855	590	SEA
808	855	770	SEA
810	855	715	SEA
819	855	938	SEA
834	855	679	SDA
840	855	489	SDA
847	855	888	SEA
853	855	765	SEA
859	855	1086	SEA
863	855	1117	SEA
871	855	913	SEA
876	855	799	SEA
887	855	677	SEA
889	855	641	SEA
893	855	529	SEA
895	855	551	SEA
901	855	782	SEA
908	855	869	SEA
918	855	748	SEA
920	855	694	SEA
922	855	701	SEA
923	855	724	SEA
924	855	695	SEA
926	855	616	SEA
932	855	530	SEA
933	855	480	SEA
936	855	408	SEA
937	855	434	SEA
940	855	288	SEA
941	855	297	SEA
943	855	1136	SEA
944	855	1142	SEA
950	855	708	SEA
952	855	737	SEA
953	855	755	SEA
965	855	1017	SEA
967	855	525	SEA
972	855	558	SEA
986	855	673	SEA
987	855	701	SEA
989	855	691	SEA
992	855	634	SEA
1000	855	673	SEA
1006	855	2041	SEA
1007	855	2041	SEA
1008	855	2074	SEA
1010	855	1327	SEA
1013	855	1369	SDA
1014	855	1355	SEA
1016	855	806	SEA
1019	855	788	SEA
1023	855	985	SEA
1026	855	987	SDA
1028	855	944	SDA
1033	855	825	SDA
1037	855	893	SDA
1040	855	798	SEA
1042	855	782	SEA
1048	855	672	SDA
1049	855	735	SDA
1051	855	790	SDA
1053	855	747	SDA
1057	855	785	SDA
1059	855	815	SDA
1063	855	1004	SDA
1064	855	1029	SDA
1067	855	512	SEA
1069	855	479	SEA
1071	855	483	SEA
1074	855	445	SEA
1075	855	482	SDA
1090	855	847	SDA
1093	855	835	SDA
1099	855	601	SEA
1103	855	565	SEA
1105	855	591	SEA
1108	855	521	SEA
1112	855	636	SEA
1119	855	727	SEA
1127	855	1087	SDA
1130	855	208	SEA
1132	855	223	SEA
1136	855	216	SEA
1140	855	199	SEA
1146	855	150	SEA
1149	855	79	SEA
1153	855	564	SEA
1154	855	545	SEA
1157	855	596	SEA
1164	855	975	SEA
1168	855	1071	SEA
1181	855	703	SEA
1183	855	684	SEA
1188	855	821	SEA
1190	855	820	SEA
1200	855	536	SEA
1205	855	1052	SEA
1209	855	1106	SEA
1210	855	1056	SEA
1214	855	966	SEA
1228	855	1003	SEA
1239	855	819	SEA
1240	855	875	SEA
1243	855	803	SEA
1248	855	650	SEA
1252	855	696	SEA
1255	855	785	SEA
1256	855	760	SEA
1257	855	760	SEA
1264	855	807	SEA
1265	855	774	SEA
1267	855	717	SEA
1275	855	602	SEA
1278	855	555	SEA
1279	855	555	SEA
1280	855	513	SEA
1284	855	567	SEA
1295	855	742	SEA
1296	855	742	SEA
1301	855	877	SEA
1306	855	901	SEA
1308	855	879	SEA
1312	855	1706	SEA
1319	855	1776	SEA
