363	852	663	SEA
385	852	682	SEA
408	852	1201	SEA
409	852	1223	SEA
421	852	584	SEA
422	852	588	SEA
435	852	509	SEA
439	852	491	SEA
448	852	1206	SEA
453	852	1093	SEA
458	852	863	SDA
463	852	959	SEA
490	852	555	SEA
494	852	912	SEA
507	852	584	SEA
512	852	521	SEA
517	852	577	SEA
520	852	464	SEA
529	852	729	SEA
536	852	568	SEA
542	852	392	SEA
543	852	392	SEA
549	852	516	SEA
554	852	301	SEA
564	852	361	SEA
568	852	275	SEA
578	852	243	SEA
593	852	402	SEA
606	852	867	SEA
607	852	1240	SEA
615	852	1182	SEA
624	852	642	SEA
629	852	835	SEA
637	852	580	SEA
654	852	996	SEA
694	852	489	SEA
710	852	1020	SEA
718	852	1011	SEA
727	852	1148	SEA
729	852	1073	SEA
740	852	488	SEA
749	852	1092	SEA
751	852	1104	SEA
757	852	1078	SEA
759	852	1016	SEA
760	852	741	SEA
761	852	725	SEA
765	852	598	SEA
768	852	580	SEA
770	852	618	SEA
771	852	626	SEA
772	852	626	SEA
773	852	561	SEA
774	852	589	SEA
775	852	589	SEA
778	852	818	SEA
783	852	710	SEA
791	852	883	SEA
798	852	968	SEA
801	852	974	SEA
804	852	974	SEA
808	852	967	SEA
810	852	1004	SEA
819	852	658	SEA
834	852	1441	SEA
840	852	1015	SEA
847	852	1011	SEA
859	852	1024	SEA
863	852	1008	SEA
871	852	894	SEA
876	852	935	SEA
887	852	882	SEA
889	852	877	SEA
893	852	870	SEA
901	852	795	SEA
908	852	678	SEA
918	852	887	SEA
920	852	890	SEA
922	852	875	SEA
923	852	848	SEA
924	852	825	SEA
926	852	865	SEA
932	852	1194	SEA
933	852	1169	SEA
936	852	1137	SEA
937	852	1081	SEA
940	852	1116	SEA
941	852	1084	SEA
943	852	736	SEA
944	852	794	SEA
950	852	621	SEA
952	852	619	SEA
953	852	605	SEA
965	852	843	SEA
967	852	845	SEA
972	852	783	SEA
986	852	651	SEA
987	852	673	SEA
989	852	674	SEA
992	852	640	SEA
1000	852	951	SEA
1006	852	1006	SEA
1007	852	1006	SEA
1008	852	1008	SEA
1010	852	995	SEA
1013	852	362	SEA
1014	852	382	SEA
1016	852	388	SEA
1019	852	291	SEA
1023	852	358	SEA
1026	852	1254	SEA
1028	852	1331	SEA
1033	852	653	SEA
1037	852	605	SEA
1040	852	613	SEA
1042	852	638	SEA
1048	852	577	SEA
1049	852	524	SEA
1051	852	488	SEA
1053	852	818	SEA
1057	852	895	SEA
1059	852	872	SEA
1063	852	1138	SEA
1064	852	1162	SEA
1067	852	1098	SEA
1069	852	1201	SEA
1071	852	1194	SEA
1074	852	605	SEA
1075	852	600	SEA
1090	852	664	SDA
1093	852	982	SEA
1099	852	1021	SEA
1103	852	896	SDA
1105	852	886	SDA
1108	852	1092	SEA
1112	852	1034	SEA
1119	852	1165	SDA
1127	852	592	SEA
1130	852	577	SEA
1132	852	513	SEA
1136	852	479	SEA
1140	852	503	SDA
1146	852	872	SEA
1149	852	644	SEA
1153	852	751	SDA
1154	852	770	SDA
1157	852	752	SEA
1164	852	1054	SEA
1168	852	1046	SEA
1181	852	954	SEA
1183	852	917	SEA
1188	852	975	SEA
1190	852	1001	SEA
1200	852	383	SEA
1205	852	471	SEA
1209	852	377	SEA
1210	852	329	SEA
1214	852	251	SDA
1228	852	974	SEA
1239	852	779	SEA
1240	852	779	SEA
1243	852	789	SEA
1248	852	690	SEA
1252	852	727	SEA
1255	852	691	SEA
1257	852	668	SEA
1264	852	790	SEA
1265	852	803	SEA
1275	852	669	SEA
1278	852	683	SEA
1279	852	683	SEA
1280	852	648	SEA
1284	852	567	SEA
1295	852	1054	SEA
1296	852	1054	SEA
1301	852	921	SEA
1306	852	783	SEA
1308	852	752	SEA
1312	852	809	SEA
1319	852	689	SEA
