363	174	782	SEA
385	174	459	SEA
395	174	145	SEA
408	174	443	SEA
409	174	442	SEA
421	174	481	SEA
422	174	38	SEA
427	174	193	SEA
435	174	4	SDA
439	174	51	SEA
448	174	1197	SDA
458	174	560	SEA
463	174	688	SEA
494	174	1205	SDA
507	174	1294	SEA
513	174	1364	SEA
529	174	902	SEA
549	174	419	SEA
554	174	469	SEA
568	174	635	SEA
570	174	651	SEA
593	174	125	SEA
596	174	212	SEA
606	174	905	SEA
607	174	872	SEA
623	174	14	SEA
624	174	5	SEA
667	174	795	SEA
694	174	1050	SEA
710	174	734	SEA
718	174	619	SEA
720	174	676	SEA
727	174	891	SEA
729	174	850	SEA
740	174	1200	SEA
751	174	1241	SEA
757	174	1272	SEA
760	174	1252	SEA
761	174	1211	SEA
768	174	1120	SEA
770	174	1158	SEA
771	174	1162	SEA
774	174	1289	SEA
778	174	1275	SEA
791	174	878	SEA
798	174	808	SEA
801	174	832	SEA
804	174	818	SEA
808	174	838	SEA
810	174	815	SEA
819	174	1088	SEA
834	174	332	SEA
840	174	211	SDA
847	174	172	SDA
853	174	792	SEA
859	174	827	SEA
863	174	789	SEA
871	174	953	SEA
876	174	921	SEA
887	174	636	SEA
889	174	635	SEA
893	174	615	SEA
895	174	620	SEA
901	174	645	SEA
908	174	955	SEA
918	174	1126	SEA
920	174	1105	SEA
922	174	1074	SEA
923	174	1030	SEA
924	174	1013	SEA
926	174	976	SEA
932	174	1032	SEA
933	174	1021	SDA
936	174	1317	SEA
937	174	1368	SEA
940	174	1377	SEA
941	174	1407	SEA
943	174	1403	SEA
944	174	1421	SEA
950	174	1467	SEA
952	174	318	SDA
953	174	286	SDA
965	174	164	SDA
967	174	59	SDA
972	174	16	SEA
986	174	729	SEA
987	174	817	SEA
989	174	824	SEA
992	174	255	SEA
1000	174	533	SEA
1006	174	358	SDA
1007	174	358	SDA
1008	174	390	SDA
1010	174	342	SDA
1013	174	835	SEA
1014	174	854	SEA
1016	174	873	SEA
1019	174	593	SEA
1023	174	678	SEA
1026	174	634	SEA
1028	174	612	SEA
1033	174	795	SEA
1037	174	683	SEA
1040	174	621	SEA
1042	174	622	SEA
1048	174	599	SDA
1049	174	608	SDA
1051	174	1543	SEA
1053	174	1630	SEA
1057	174	1783	SEA
1059	174	1745	SEA
1063	174	919	SDA
1064	174	880	SDA
1067	174	929	SDA
1069	174	941	SDA
1071	174	871	SDA
1074	174	843	SDA
1075	174	907	SDA
1090	174	832	SDA
1093	174	1252	SDA
1099	174	1358	SDA
1103	174	1464	SEA
1105	174	650	SDA
1108	174	553	SDA
1112	174	544	SDA
1119	174	720	SDA
1127	174	662	SDA
1130	174	568	SEA
1132	174	496	SEA
1136	174	610	SEA
1140	174	573	SEA
1146	174	1099	SEA
1149	174	1132	SEA
1153	174	858	SDA
1154	174	891	SDA
1157	174	907	SDA
1164	174	819	SDA
1168	174	811	SDA
1181	174	574	SEA
1183	174	593	SEA
1188	174	950	SDA
1190	174	861	SDA
1200	174	588	SEA
1205	174	627	SEA
1209	174	558	SEA
1210	174	596	SEA
1214	174	1785	SEA
1228	174	961	SEA
1239	174	1076	SEA
1240	174	1006	SEA
1243	174	1024	SEA
1248	174	945	SEA
1252	174	819	SEA
1255	174	946	SEA
1257	174	942	SEA
1264	174	968	SEA
1265	174	899	SEA
1275	174	980	SEA
1278	174	970	SEA
1279	174	970	SEA
1280	174	888	SEA
1284	174	873	SEA
1295	174	1101	SDA
1296	174	1101	SDA
1301	174	1077	SDA
1306	174	745	SDA
1308	174	839	SEA
1312	174	863	SEA
1319	174	864	SEA
