363	870	719	SEA
385	870	847	SEA
408	870	2	SEA
409	870	149	SEA
421	870	539	SEA
422	870	15	SEA
435	870	850	SEA
439	870	503	SEA
448	870	637	SEA
458	870	617	SEA
463	870	526	SEA
494	870	716	SEA
507	870	657	SEA
529	870	176	SEA
543	870	507	SEA
549	870	937	SEA
554	870	674	SEA
568	870	473	SEA
593	870	736	SEA
606	870	483	SEA
607	870	547	SEA
629	870	580	SEA
637	870	541	SEA
694	870	906	SEA
710	870	688	SEA
718	870	726	SEA
727	870	652	SEA
729	870	745	SEA
751	870	539	SEA
757	870	429	SEA
759	870	467	SEA
761	870	746	SEA
765	870	940	SEA
768	870	362	SEA
770	870	540	SEA
771	870	527	SEA
772	870	527	SEA
778	870	862	SEA
791	870	777	SEA
798	870	654	SEA
801	870	824	SEA
804	870	172	SEA
808	870	595	SEA
810	870	643	SEA
819	870	302	SEA
834	870	484	SEA
840	870	621	SDA
847	870	605	SEA
853	870	595	SEA
859	870	559	SEA
863	870	728	SEA
871	870	735	SEA
876	870	480	SEA
887	870	559	SEA
889	870	744	SEA
893	870	682	SEA
895	870	690	SEA
901	870	1379	SEA
908	870	814	SEA
918	870	680	SEA
920	870	743	SEA
922	870	762	SEA
923	870	389	SEA
924	870	425	SEA
926	870	479	SEA
932	870	824	SEA
933	870	828	SEA
936	870	672	SEA
937	870	693	SEA
940	870	676	SEA
941	870	686	SEA
943	870	682	SEA
944	870	709	SEA
950	870	684	SEA
952	870	692	SEA
953	870	648	SEA
965	870	688	SEA
967	870	648	SEA
972	870	751	SEA
986	870	411	SEA
987	870	466	SEA
989	870	683	SEA
992	870	777	SEA
1000	870	844	SEA
1006	870	781	SEA
1007	870	781	SEA
1008	870	767	SEA
1010	870	728	SEA
1013	870	740	SEA
1014	870	764	SEA
1016	870	829	SEA
1019	870	892	SEA
1023	870	1001	SEA
1026	870	1024	SEA
1028	870	982	SEA
1033	870	539	SEA
1037	870	835	SEA
1040	870	833	SEA
1042	870	925	SEA
1048	870	644	SEA
1049	870	753	SEA
1051	870	743	SEA
1053	870	722	SEA
1057	870	843	SEA
1059	870	878	SEA
1063	870	65	SEA
1064	870	49	SEA
1067	870	213	SEA
1069	870	246	SEA
1071	870	522	SEA
1074	870	629	SEA
1075	870	551	SEA
1090	870	387	SEA
1093	870	629	SEA
1099	870	629	SEA
1103	870	594	SEA
1105	870	783	SEA
1108	870	603	SEA
1112	870	527	SEA
1119	870	613	SEA
1127	870	651	SEA
1130	870	602	SEA
1132	870	710	SEA
1136	870	670	SEA
1140	870	452	SEA
1146	870	610	SEA
1149	870	672	SEA
1153	870	831	SEA
1154	870	802	SEA
1157	870	534	SEA
1164	870	640	SEA
1168	870	459	SEA
1181	870	535	SEA
1183	870	706	SEA
1188	870	563	SEA
1190	870	770	SEA
1200	870	376	SEA
1205	870	779	SEA
1209	870	902	SEA
1210	870	716	SEA
1214	870	486	SEA
1228	870	665	SEA
1239	870	823	SEA
1240	870	800	SEA
1243	870	777	SEA
1248	870	990	SEA
1252	870	1000	SEA
1255	870	1047	SEA
1257	870	1018	SEA
1264	870	170	SEA
1265	870	317	SEA
1275	870	883	SEA
1278	870	334	SEA
1279	870	334	SEA
1280	870	411	SEA
1284	870	623	SEA
1289	870	990	SEA
1295	870	677	SEA
1296	870	677	SEA
1301	870	770	SEA
1306	870	839	SEA
1308	870	801	SEA
1312	870	914	SEA
1319	870	999	SEA
