363	945	730	SEA
375	945	438	SEA
408	945	369	SEA
421	945	198	SDA
435	945	617	SDA
439	945	592	SDA
448	945	217	SDA
458	945	9	SEA
463	945	306	SEA
494	945	661	SEA
529	945	421	SEA
531	945	424	SEA
549	945	756	SEA
554	945	409	SEA
593	945	564	SEA
606	945	212	SEA
607	945	324	SEA
654	945	255	SEA
694	945	669	SEA
710	945	492	SEA
718	945	159	SEA
727	945	481	SEA
729	945	478	SEA
751	945	394	SDA
757	945	518	SEA
760	945	455	SEA
761	945	422	SEA
768	945	377	SEA
770	945	390	SEA
771	945	395	SEA
772	945	395	SEA
773	945	519	SEA
774	945	559	SDA
778	945	686	SDA
791	945	479	SEA
798	945	78	SEA
801	945	237	SDA
804	945	157	SEA
808	945	45	SDA
810	945	224	SDA
819	945	763	SEA
834	945	344	SDA
840	945	271	LSD
847	945	307	SDA
853	945	318	SDA
859	945	707	SEA
863	945	197	SEA
871	945	379	SDA
876	945	83	SEA
887	945	344	SEA
889	945	414	SEA
893	945	430	SDA
895	945	428	SDA
901	945	418	SEA
908	945	647	SEA
918	945	484	SDA
920	945	337	SEA
922	945	589	SEA
923	945	659	SEA
924	945	563	SEA
926	945	321	SEA
932	945	406	SEA
933	945	407	SEA
936	945	479	SEA
937	945	594	SEA
940	945	605	SEA
941	945	185	SEA
943	945	262	SEA
944	945	374	SEA
950	945	353	SDA
952	945	322	SEA
953	945	501	SEA
965	945	594	SEA
967	945	567	SEA
972	945	535	SEA
986	945	680	SEA
987	945	724	SEA
989	945	776	SEA
992	945	302	SEA
1000	945	675	SDA
1006	945	562	SEA
1007	945	562	SEA
1008	945	562	SEA
1010	945	616	SEA
1013	945	330	SEA
1014	945	443	SEA
1016	945	653	SEA
1019	945	559	SEA
1023	945	502	SEA
1026	945	844	SEA
1028	945	232	SEA
1033	945	189	SDA
1037	945	371	SEA
1040	945	579	SDA
1042	945	511	SDA
1048	945	467	SEA
1049	945	522	SEA
1051	945	314	SEA
1053	945	358	SEA
1057	945	648	SEA
1059	945	174	SDA
1063	945	484	SDA
1064	945	500	SDA
1067	945	501	SDA
1069	945	495	SDA
1071	945	561	SEA
1074	945	528	SEA
1075	945	520	SEA
1090	945	426	SDA
1093	945	359	SDA
1099	945	536	SDA
1103	945	488	SDA
1105	945	569	SDA
1108	945	663	SEA
1112	945	308	SDA
1119	945	16	SDA
1127	945	297	SDA
1130	945	337	SDA
1132	945	318	SEA
1136	945	452	SEA
1140	945	391	SEA
1146	945	521	SEA
1149	945	260	SDA
1153	945	460	SEA
1154	945	404	SEA
1157	945	278	SEA
1164	945	599	SEA
1168	945	459	SEA
1181	945	448	SEA
1183	945	582	SEA
1188	945	425	SEA
1190	945	440	SEA
1200	945	306	SEA
1205	945	480	SDA
1209	945	305	SEA
1210	945	352	SEA
1214	945	505	SDA
1228	945	470	SEA
1239	945	458	SEA
1240	945	455	SEA
1243	945	570	SDA
1248	945	421	SEA
1252	945	567	SEA
1255	945	714	SEA
1257	945	647	SEA
1264	945	666	SEA
1265	945	708	SEA
1275	945	679	SDA
1278	945	628	SEA
1280	945	675	SEA
1284	945	696	SDA
1295	945	714	SEA
1301	945	617	SDA
1306	945	699	SDA
1308	945	704	SEA
1312	945	745	SEA
