363	979	621	SEA
375	979	945	SEA
395	979	197	SEA
408	979	244	SEA
414	979	534	SEA
421	979	294	SDA
435	979	62	SDA
439	979	139	SDA
448	979	107	SDA
453	979	66	SDA
458	979	575	SDA
494	979	266	SEA
512	979	220	SDA
516	979	200	SDA
529	979	126	SDA
531	979	793	SEA
543	979	87	SEA
554	979	145	SEA
568	979	197	SEA
593	979	667	SEA
606	979	235	SEA
607	979	652	SEA
623	979	870	SEA
694	979	859	SEA
710	979	599	SEA
718	979	1458	SEA
720	979	1470	SEA
727	979	503	SEA
729	979	484	SEA
751	979	350	SDA
757	979	706	SEA
760	979	711	SEA
761	979	775	SEA
770	979	647	SEA
771	979	673	SEA
772	979	673	SEA
774	979	648	SDA
778	979	732	SDA
791	979	586	SDA
798	979	1009	SDA
801	979	1061	SDA
804	979	138	SEA
808	979	141	SEA
810	979	225	SEA
819	979	1253	SEA
834	979	6	SEA
840	979	89	SEA
847	979	18	SEA
853	979	754	SEA
859	979	538	SEA
863	979	562	SEA
871	979	1372	SEA
876	979	1384	SEA
887	979	726	SEA
889	979	780	SEA
893	979	720	SEA
895	979	649	SEA
901	979	570	SEA
908	979	499	SEA
918	979	689	SEA
920	979	695	SEA
922	979	808	SEA
923	979	450	SEA
924	979	498	SEA
926	979	604	SEA
932	979	521	SEA
933	979	531	SEA
936	979	667	SEA
937	979	655	SEA
940	979	704	SEA
941	979	703	SEA
943	979	695	SEA
944	979	690	SEA
950	979	1478	SEA
952	979	1476	SEA
953	979	1469	SEA
965	979	601	SEA
967	979	599	SEA
972	979	567	SEA
986	979	360	SEA
987	979	373	SEA
989	979	347	SEA
992	979	649	SEA
1000	979	973	SEA
1006	979	997	SEA
1007	979	997	SEA
1008	979	992	SEA
1010	979	549	SEA
1013	979	562	SEA
1014	979	551	SEA
1016	979	458	SEA
1019	979	424	SEA
1023	979	365	SEA
1026	979	310	SEA
1028	979	595	SEA
1033	979	823	SEA
1037	979	764	SEA
1040	979	796	SEA
1042	979	712	SEA
1048	979	784	SEA
1049	979	738	SDA
1051	979	719	SDA
1053	979	704	SDA
1057	979	535	SEA
1059	979	527	SEA
1063	979	477	SEA
1064	979	453	SEA
1067	979	468	SEA
1069	979	385	SEA
1071	979	1407	SEA
1074	979	1475	SEA
1075	979	1500	SEA
1090	979	28	SDA
1093	979	29	SDA
1099	979	110	LSD
1103	979	9	SDA
1105	979	4	SEA
1108	979	126	SEA
1112	979	94	SEA
1119	979	764	SEA
1127	979	183	SDA
1132	979	138	SDA
1136	979	13	SDA
1140	979	3	SDA
1146	979	454	SEA
1149	979	851	SEA
1153	979	761	SEA
1154	979	819	SEA
1157	979	271	SDA
1164	979	190	SDA
1168	979	376	SEA
1181	979	432	SEA
1183	979	498	SEA
1188	979	898	SEA
1190	979	873	SEA
1200	979	104	SEA
1205	979	10	SEA
1209	979	10	SEA
1210	979	241	SEA
1214	979	378	SEA
1228	979	60	SEA
1239	979	325	SEA
1240	979	541	SEA
1243	979	538	SEA
1248	979	309	SEA
1252	979	255	SEA
1255	979	595	SEA
1257	979	591	SEA
1264	979	1143	SEA
1265	979	1103	SEA
1275	979	24	SEA
1278	979	20	SEA
1279	979	20	SEA
1280	979	8	SEA
1284	979	10	SEA
1295	979	156	SEA
1296	979	156	SEA
1301	979	1104	SEA
1306	979	163	SEA
1308	979	178	SEA
1312	979	195	SEA
1319	979	134	SEA
