363	187	248	SEA
375	187	414	SEA
385	187	303	SEA
408	187	463	SEA
409	187	459	SEA
421	187	410	SEA
422	187	406	SEA
432	187	710	SEA
435	187	372	SEA
439	187	322	SEA
448	187	430	SEA
458	187	564	SEA
463	187	820	SEA
490	187	523	SEA
492	187	513	SEA
494	187	491	SEA
500	187	633	SEA
505	187	566	SEA
512	187	771	SEA
513	187	775	SEA
529	187	742	SEA
543	187	475	SEA
554	187	278	SEA
568	187	882	SEA
593	187	357	SEA
606	187	688	SEA
607	187	684	SEA
610	187	584	SEA
623	187	660	SEA
624	187	659	SEA
629	187	134	SEA
637	187	237	SEA
654	187	585	SEA
694	187	370	SEA
710	187	604	SEA
720	187	859	SEA
727	187	502	SEA
729	187	565	SEA
751	187	355	SEA
757	187	514	SEA
760	187	494	SEA
761	187	542	SEA
765	187	621	SEA
770	187	697	SEA
771	187	566	SEA
774	187	594	SEA
775	187	594	SEA
778	187	890	SEA
779	187	940	SEA
783	187	802	SEA
791	187	134	SEA
798	187	814	SEA
801	187	914	SEA
804	187	1179	SEA
808	187	475	SEA
810	187	539	SEA
819	187	668	SEA
834	187	754	SEA
840	187	557	SEA
847	187	793	SEA
853	187	331	SEA
859	187	350	SEA
863	187	378	SEA
871	187	782	SEA
876	187	762	SEA
887	187	354	SEA
889	187	255	SEA
893	187	226	SEA
895	187	237	SEA
901	187	242	SEA
908	187	508	SEA
918	187	263	SEA
920	187	276	SEA
922	187	511	SEA
923	187	313	SEA
924	187	368	SEA
926	187	334	SEA
932	187	295	SEA
933	187	285	SEA
936	187	372	SEA
937	187	367	SEA
940	187	620	SEA
941	187	592	SEA
943	187	608	SEA
944	187	522	SEA
950	187	305	SEA
952	187	335	SEA
953	187	305	SEA
965	187	153	SEA
967	187	169	SEA
972	187	204	SEA
986	187	415	SEA
987	187	412	SEA
989	187	400	SEA
992	187	461	SEA
1000	187	303	SEA
1006	187	1046	SEA
1007	187	1046	SEA
1008	187	1095	SEA
1010	187	906	SEA
1013	187	94	SEA
1014	187	156	SEA
1016	187	143	SEA
1019	187	147	SEA
1023	187	184	SEA
1026	187	272	SEA
1028	187	261	SEA
1033	187	236	SEA
1037	187	261	SEA
1040	187	755	SEA
1042	187	466	SEA
1048	187	899	SEA
1049	187	961	SEA
1051	187	873	SEA
1053	187	931	SEA
1057	187	110	SEA
1059	187	127	SEA
1063	187	137	SEA
1064	187	148	SEA
1067	187	162	SDA
1069	187	647	SEA
1071	187	593	SEA
1074	187	512	SEA
1075	187	504	SEA
1090	187	990	SEA
1093	187	293	SDA
1099	187	668	SDA
1103	187	645	SDA
1105	187	582	SDA
1108	187	622	SDA
1112	187	714	SDA
1119	187	634	SDA
1127	187	158	SEA
1130	187	517	SEA
1132	187	333	SEA
1136	187	309	SEA
1140	187	354	SEA
1146	187	761	SDA
1149	187	532	SEA
1153	187	751	SEA
1154	187	775	SEA
1157	187	764	SEA
1164	187	667	SEA
1168	187	977	SEA
1181	187	972	SDA
1183	187	801	SDA
1188	187	794	SDA
1190	187	794	SDA
1200	187	738	SEA
1205	187	696	SEA
1209	187	1475	SEA
1210	187	877	SEA
1214	187	1076	SEA
1228	187	663	SEA
1239	187	651	SEA
1240	187	694	SEA
1243	187	607	SEA
1248	187	885	SEA
1252	187	799	SEA
1255	187	470	SEA
1257	187	565	SEA
1264	187	485	SEA
1265	187	427	SEA
1267	187	672	SEA
1275	187	775	SEA
1278	187	822	SEA
1280	187	888	SEA
1284	187	443	SDA
1289	187	391	SDA
1295	187	288	SDA
1296	187	288	SDA
1301	187	720	SEA
1306	187	695	SEA
1308	187	758	SEA
1312	187	664	SEA
1319	187	787	SEA
