363	972	601	SEA
375	972	618	SEA
385	972	269	SEA
392	972	371	SEA
394	972	268	SEA
395	972	358	SEA
408	972	281	SEA
409	972	397	SEA
414	972	476	SEA
421	972	522	SEA
422	972	498	SEA
432	972	300	SEA
435	972	215	SEA
439	972	74	SEA
448	972	4	SEA
450	972	90	SEA
453	972	75	SEA
458	972	222	SEA
463	972	99	SEA
465	972	270	SEA
488	972	240	SEA
490	972	181	SEA
492	972	538	SEA
494	972	611	SEA
500	972	535	SEA
507	972	498	SEA
508	972	510	SEA
512	972	508	SEA
513	972	489	SEA
517	972	578	SEA
529	972	320	SEA
531	972	301	SEA
536	972	218	SEA
541	972	452	SEA
542	972	412	SEA
543	972	412	SEA
549	972	435	SEA
554	972	489	SEA
564	972	750	SEA
568	972	212	SEA
578	972	228	SEA
593	972	34	SEA
596	972	44	SEA
606	972	12	SEA
607	972	17	SEA
610	972	503	SEA
615	972	925	SEA
623	972	524	SEA
624	972	405	SEA
629	972	248	SEA
630	972	248	SEA
637	972	379	SEA
652	972	446	SEA
654	972	476	SEA
663	972	496	SEA
667	972	629	SEA
672	972	510	SEA
694	972	842	SEA
701	972	867	SEA
710	972	876	SEA
718	972	878	SEA
720	972	862	SEA
727	972	893	SEA
729	972	845	SEA
735	972	843	SEA
736	972	1763	SEA
739	972	1711	SEA
740	972	778	SEA
749	972	1518	SEA
751	972	1571	SEA
756	972	779	SEA
757	972	779	SEA
759	972	739	SEA
760	972	556	SEA
761	972	550	SEA
765	972	511	SEA
768	972	501	SEA
770	972	520	SEA
771	972	487	SEA
772	972	487	SEA
773	972	436	SEA
774	972	435	SEA
775	972	435	SEA
778	972	755	SEA
779	972	749	SEA
783	972	922	SEA
784	972	922	SEA
791	972	554	SEA
798	972	598	SEA
801	972	718	SEA
804	972	733	SEA
808	972	880	SEA
810	972	761	SEA
819	972	698	SEA
834	972	686	SEA
840	972	778	SEA
847	972	852	SEA
853	972	777	SEA
859	972	798	SDA
863	972	798	SEA
871	972	839	SEA
876	972	781	SEA
887	972	960	SEA
889	972	960	SEA
893	972	556	SEA
895	972	1554	SEA
901	972	599	SEA
908	972	926	SEA
918	972	839	SEA
920	972	772	SEA
922	972	882	SEA
923	972	882	SEA
924	972	865	SEA
926	972	931	SEA
932	972	840	SEA
933	972	839	SEA
936	972	779	SEA
937	972	784	SEA
940	972	793	SEA
941	972	786	SEA
943	972	796	SEA
944	972	797	SEA
950	972	667	SEA
952	972	620	SEA
953	972	584	SEA
965	972	536	SEA
967	972	570	SEA
972	972	593	SEA
986	972	562	SEA
987	972	454	SEA
989	972	454	SEA
992	972	574	SEA
1000	972	398	SEA
1006	972	700	SEA
1007	972	700	SEA
1008	972	686	SEA
1010	972	733	SEA
1013	972	393	SEA
1014	972	309	SEA
1016	972	344	SEA
1019	972	442	SEA
1023	972	626	SEA
1026	972	298	SEA
1028	972	339	SEA
1033	972	300	SEA
1037	972	251	SEA
1040	972	666	SEA
1042	972	655	SEA
1048	972	175	SEA
1049	972	162	SEA
1051	972	118	SEA
1053	972	131	SEA
1057	972	294	SEA
1059	972	301	SEA
1063	972	306	SEA
1064	972	298	SEA
1067	972	548	SEA
1069	972	648	SEA
1071	972	684	SEA
1074	972	271	SEA
1075	972	295	SEA
1090	972	47	SEA
1093	972	749	SEA
1099	972	262	SEA
1103	972	200	SEA
1105	972	739	SEA
1108	972	699	SEA
1112	972	316	SEA
1119	972	536	SEA
1127	972	756	SEA
1130	972	210	SDA
1132	972	308	SDA
1136	972	190	SEA
1140	972	117	SEA
1146	972	520	SEA
1149	972	553	SDA
1153	972	716	SDA
1154	972	800	SDA
1157	972	382	SEA
1164	972	396	SEA
1168	972	674	SEA
1181	972	541	SEA
1183	972	543	SEA
1188	972	653	SEA
1190	972	615	SEA
1200	972	1584	SEA
1205	972	770	SEA
1209	972	537	SEA
1210	972	477	SEA
1214	972	313	SEA
1228	972	262	SEA
1239	972	867	SEA
1240	972	862	SEA
1243	972	719	SEA
1248	972	677	SDA
1252	972	652	SEA
1255	972	674	SEA
1256	972	739	SEA
1257	972	739	SEA
1264	972	685	SEA
1265	972	686	SEA
1267	972	630	SEA
1275	972	439	SDA
1278	972	464	SDA
1279	972	464	SDA
1280	972	490	SDA
1284	972	772	SEA
1289	972	477	SEA
1295	972	606	SEA
1296	972	606	SEA
1301	972	727	SEA
1306	972	790	SEA
1308	972	822	SEA
1312	972	748	SEA
1319	972	682	SEA
