421	960	295	SEA
422	960	274	SEA
435	960	361	SEA
439	960	362	SEA
448	960	317	SEA
458	960	150	SEA
463	960	1457	SEA
494	960	39	SEA
507	960	463	SEA
529	960	135	SEA
543	960	1300	SEA
549	960	1335	SEA
554	960	784	SEA
568	960	621	SEA
593	960	470	SEA
606	960	1208	SEA
607	960	1144	SEA
629	960	158	SEA
637	960	827	SEA
654	960	960	SEA
694	960	509	SEA
710	960	402	SEA
727	960	847	SEA
729	960	887	SEA
751	960	700	SEA
757	960	456	SEA
759	960	488	SEA
760	960	384	SEA
765	960	1434	SEA
768	960	556	SEA
770	960	594	SEA
771	960	629	SEA
772	960	629	SEA
774	960	687	SEA
778	960	678	SEA
791	960	1552	SEA
798	960	577	SEA
801	960	627	SEA
804	960	682	SEA
808	960	640	SEA
810	960	689	SEA
819	960	787	SEA
834	960	999	SEA
840	960	847	SEA
847	960	1509	SDA
853	960	1349	SEA
859	960	1331	SEA
863	960	861	SEA
871	960	923	SEA
876	960	926	SEA
887	960	208	SEA
889	960	279	SEA
893	960	335	SEA
895	960	319	SEA
901	960	823	SEA
908	960	456	SEA
918	960	1305	SEA
920	960	1281	SEA
922	960	1225	SEA
923	960	1219	SEA
924	960	1197	SEA
926	960	1231	SEA
932	960	122	SEA
933	960	171	SEA
936	960	205	SEA
937	960	256	SEA
940	960	163	SEA
941	960	151	SEA
943	960	129	SEA
944	960	102	SEA
950	960	965	SEA
952	960	569	SEA
953	960	569	SEA
965	960	546	SEA
967	960	556	SEA
972	960	249	SEA
986	960	819	SDA
987	960	840	SDA
989	960	839	SDA
992	960	888	SEA
1000	960	844	SEA
1006	960	992	SEA
1007	960	992	SEA
1008	960	451	SEA
1010	960	419	SEA
1013	960	481	SEA
1014	960	458	SEA
1016	960	510	SEA
1019	960	508	SEA
1023	960	729	SEA
1026	960	718	SEA
1028	960	681	SEA
1033	960	882	SEA
1037	960	907	SEA
1040	960	812	SEA
1042	960	814	SEA
1048	960	1193	SEA
1049	960	1248	SEA
1051	960	1224	SEA
1053	960	1236	SEA
1057	960	581	SEA
1059	960	599	SEA
1063	960	629	SEA
1064	960	568	SEA
1067	960	483	SEA
1069	960	565	SEA
1071	960	558	SEA
1074	960	484	SEA
1075	960	529	SEA
1090	960	653	SEA
1093	960	633	SEA
1099	960	565	SEA
1103	960	526	SEA
1105	960	642	SEA
1108	960	651	SEA
1112	960	583	SEA
1119	960	379	SEA
1127	960	310	SEA
1130	960	367	SEA
1132	960	492	SEA
1136	960	727	SEA
1140	960	755	SEA
1146	960	127	SEA
1149	960	229	SEA
1153	960	140	SEA
1154	960	142	SEA
1157	960	105	SEA
1164	960	396	SEA
1168	960	348	SEA
1181	960	1503	SDA
1183	960	232	SDA
1188	960	199	SDA
1190	960	185	SDA
1200	960	251	SEA
1205	960	312	SEA
1209	960	425	SEA
1210	960	369	SEA
1214	960	559	SEA
1228	960	597	SEA
1239	960	802	SEA
1240	960	808	SEA
1243	960	868	SEA
1248	960	751	SEA
1252	960	715	SEA
1255	960	766	SEA
1257	960	752	SEA
1264	960	715	SEA
1265	960	707	SEA
1275	960	644	SEA
1278	960	637	SEA
1279	960	637	SEA
1280	960	686	SEA
1284	960	591	SEA
1289	960	470	SEA
1295	960	364	SEA
1296	960	364	SEA
1301	960	621	SEA
1306	960	615	SEA
1308	960	608	SEA
1312	960	560	SEA
1319	960	803	SEA
