363	160	589	SEA
375	160	625	SEA
408	160	553	SEA
409	160	613	SEA
421	160	786	SDA
422	160	802	SDA
435	160	900	SEA
439	160	188	SEA
448	160	360	SEA
458	160	360	SEA
463	160	139	SEA
490	160	900	SEA
494	160	900	SEA
513	160	1210	SEA
517	160	1217	SEA
529	160	2510	SEA
531	160	2511	SEA
543	160	110	SDA
554	160	87	SDA
568	160	644	SDA
606	160	387	SDA
607	160	387	SDA
623	160	2225	SDA
667	160	489	SEA
672	160	603	SEA
718	160	1536	SEA
720	160	1608	SEA
727	160	1481	SEA
729	160	163	SEA
757	160	1176	LSD
761	160	1299	LSD
765	160	1440	LSD
768	160	1734	LSD
770	160	1852	LSD
771	160	1413	SEA
772	160	1413	SEA
773	160	1398	SEA
775	160	1398	SEA
778	160	511	SEA
779	160	571	SEA
791	160	149	SEA
798	160	241	SEA
801	160	281	SEA
804	160	267	SEA
834	160	678	SEA
840	160	1640	SEA
847	160	1354	SEA
853	160	369	SDA
859	160	1897	SEA
863	160	2351	SEA
871	160	770	SEA
876	160	1761	SEA
893	160	1870	SEA
895	160	2098	SEA
908	160	144	SDA
924	160	555	SDA
926	160	587	SDA
1014	160	900	SEA
1016	160	900	SEA
1019	160	900	SEA
1023	160	779	SEA
1026	160	539	SEA
1028	160	419	SEA
1033	160	696	SEA
1037	160	499	SEA
1040	160	820	SEA
1042	160	866	SEA
1051	160	959	SEA
1053	160	919	SEA
1057	160	659	SEA
1059	160	479	SEA
1063	160	461	SEA
1064	160	461	SEA
1067	160	461	SEA
1069	160	440	SEA
1071	160	320	SEA
1074	160	40	SEA
1075	160	20	SEA
1090	160	840	SEA
1093	160	1040	SEA
1099	160	981	LSD
1103	160	1436	SDA
1105	160	160	SDA
1108	160	369	SDA
1112	160	739	SDA
1119	160	1229	SEA
1127	160	592	SEA
1130	160	832	SEA
1132	160	932	SEA
1136	160	1132	SEA
1140	160	1611	SEA
1149	160	1827	SEA
1153	160	1783	SDA
1154	160	1787	SDA
1157	160	1726	SDA
1168	160	1558	SDA
1181	160	891	SEA
1183	160	891	SEA
1188	160	891	SEA
1190	160	891	SEA
1200	160	1132	SEA
1205	160	1970	SEA
1209	160	1790	SEA
1210	160	1730	SEA
1214	160	188	SEA
1228	160	632	SEA
1264	160	919	SEA
1265	160	839	SEA
1275	160	1020	SEA
1278	160	1019	SEA
1280	160	979	SEA
1284	160	659	SEA
1295	160	1079	SEA
1296	160	1079	SEA
1301	160	779	SEA
1312	160	195	SEA
1319	160	80	SEA
