363	178	677	SEA
375	178	795	SEA
385	178	722	SEA
392	178	749	SEA
395	178	733	SEA
400	178	700	SEA
408	178	739	SEA
409	178	814	SEA
414	178	622	SEA
421	178	844	SEA
422	178	711	SEA
435	178	592	SEA
439	178	650	SEA
441	178	638	SEA
448	178	620	SDA
450	178	584	SDA
453	178	651	SDA
458	178	638	SEA
463	178	596	SEA
465	178	661	SEA
490	178	658	SEA
492	178	651	SEA
494	178	856	SEA
500	178	591	SEA
501	178	640	SEA
505	178	578	SEA
507	178	525	SEA
508	178	569	SDA
512	178	738	SEA
516	178	735	SEA
517	178	688	SEA
520	178	618	SEA
529	178	602	SEA
531	178	596	SEA
536	178	566	SEA
541	178	619	SEA
542	178	554	SEA
543	178	554	SEA
549	178	605	SEA
554	178	555	SEA
564	178	650	SEA
568	178	845	SEA
593	178	929	SEA
596	178	922	SEA
606	178	933	SEA
607	178	923	SEA
615	178	960	SEA
623	178	822	SEA
629	178	1691	SEA
630	178	1691	SEA
663	178	443	SEA
694	178	61	SEA
710	178	783	SEA
718	178	748	SEA
720	178	714	SEA
727	178	631	SEA
729	178	901	SEA
735	178	242	SEA
736	178	242	SEA
739	178	419	SEA
740	178	407	SEA
749	178	681	SEA
751	178	769	SEA
757	178	1739	SEA
760	178	1619	SEA
761	178	559	SEA
765	178	1213	SEA
768	178	1303	SEA
770	178	1247	SDA
771	178	387	SDA
772	178	387	SDA
773	178	474	SDA
774	178	356	SDA
775	178	356	SDA
778	178	414	SEA
779	178	396	SEA
783	178	449	SEA
784	178	449	SEA
791	178	613	SEA
798	178	723	SEA
801	178	711	SEA
804	178	716	SEA
808	178	691	SEA
810	178	641	SEA
819	178	725	SEA
834	178	820	SEA
840	178	624	SEA
847	178	605	SEA
853	178	391	SEA
859	178	1740	SEA
863	178	802	SEA
871	178	525	SEA
876	178	482	SEA
887	178	880	SEA
889	178	870	SEA
893	178	1559	SEA
895	178	619	SEA
901	178	840	SEA
908	178	529	SEA
918	178	648	SEA
920	178	1354	SEA
922	178	539	SEA
923	178	141	SEA
924	178	231	SEA
926	178	6	SEA
932	178	185	SEA
933	178	232	SEA
936	178	426	SEA
937	178	538	SEA
940	178	125	SEA
941	178	152	SEA
943	178	257	SEA
944	178	340	SEA
950	178	413	SEA
952	178	292	SEA
953	178	261	SEA
965	178	4	SEA
967	178	768	SEA
972	178	379	SEA
986	178	695	SEA
987	178	738	SEA
989	178	752	SEA
992	178	659	SEA
1000	178	835	SEA
1006	178	828	SEA
1007	178	828	SEA
1008	178	792	SEA
1010	178	821	SEA
1013	178	810	SEA
1014	178	710	SEA
1016	178	611	SEA
1019	178	623	SEA
1023	178	623	SEA
1026	178	694	SEA
1028	178	712	SEA
1033	178	700	SEA
1037	178	670	SEA
1040	178	643	SEA
1042	178	676	SEA
1048	178	905	SEA
1049	178	878	SEA
1051	178	882	SEA
1053	178	836	SEA
1057	178	719	SEA
1059	178	481	SDA
1063	178	453	SEA
1064	178	492	SEA
1067	178	437	SEA
1069	178	457	SEA
1071	178	744	SEA
1074	178	806	SEA
1075	178	800	SEA
1090	178	807	SDA
1093	178	763	SEA
1099	178	768	SEA
1103	178	639	SDA
1105	178	680	SEA
1108	178	678	SEA
1112	178	703	SEA
1119	178	762	SEA
1127	178	839	SEA
1130	178	599	SEA
1132	178	499	SEA
1136	178	299	SEA
1140	178	1084	SEA
1146	178	821	SEA
1149	178	844	SEA
1153	178	911	SEA
1154	178	910	SEA
1157	178	879	SEA
1164	178	711	SDA
1168	178	758	SDA
1181	178	1005	SEA
1183	178	987	SEA
1188	178	1014	SEA
1190	178	986	SEA
1200	178	1124	SEA
1205	178	1165	SEA
1209	178	1185	SEA
1210	178	1111	SEA
1214	178	1305	SEA
1228	178	1204	SEA
1239	178	1030	SEA
1240	178	999	SEA
1243	178	1028	SDA
1248	178	986	SEA
1252	178	1006	SEA
1255	178	960	SEA
1256	178	960	SEA
1257	178	960	SEA
1264	178	769	SEA
1265	178	769	SEA
1267	178	715	SEA
1275	178	1445	SEA
1278	178	1324	SEA
1279	178	1324	SEA
1280	178	1175	SEA
1284	178	1256	SDA
1295	178	415	SEA
1296	178	415	SEA
1301	178	693	SEA
1306	178	677	SEA
1308	178	753	SEA
1312	178	613	SEA
1319	178	906	SEA
