363	903	450	SEA
375	903	262	SEA
395	903	226	SEA
408	903	21	SEA
409	903	18	SEA
421	903	67	SEA
422	903	78	SEA
435	903	391	SEA
439	903	15	SEA
448	903	321	SEA
463	903	351	SEA
465	903	455	SEA
492	903	151	SEA
494	903	191	SEA
500	903	330	SEA
507	903	252	SEA
508	903	291	SEA
512	903	358	SEA
520	903	316	SEA
529	903	474	SEA
543	903	317	SEA
549	903	545	SEA
554	903	354	SEA
568	903	413	SEA
570	903	658	SEA
578	903	579	SEA
593	903	432	SEA
606	903	275	SEA
607	903	260	SEA
624	903	121	SEA
629	903	627	SEA
630	903	627	SEA
637	903	275	SEA
667	903	489	SEA
672	903	217	SEA
684	903	401	SEA
692	903	499	SEA
694	903	578	SEA
710	903	332	SEA
718	903	339	SEA
720	903	484	SEA
727	903	99	SEA
729	903	69	SEA
739	903	492	SEA
740	903	503	SEA
749	903	84	SEA
751	903	161	SEA
757	903	280	SEA
759	903	252	SEA
760	903	246	SEA
761	903	181	SEA
765	903	149	SEA
768	903	496	SEA
770	903	513	SEA
771	903	551	SEA
772	903	551	SEA
773	903	415	SEA
774	903	365	SEA
775	903	365	SEA
778	903	334	SEA
779	903	288	SEA
783	903	417	SEA
791	903	760	SEA
798	903	414	SEA
801	903	404	SEA
804	903	495	SEA
808	903	360	SEA
810	903	392	SEA
819	903	573	SEA
834	903	869	SEA
840	903	123	SDA
847	903	129	SEA
853	903	125	SEA
859	903	294	SEA
863	903	247	SEA
871	903	393	SEA
876	903	306	SEA
887	903	477	SEA
889	903	496	SEA
893	903	482	SEA
895	903	370	SEA
901	903	382	SEA
908	903	291	SEA
918	903	371	SEA
920	903	346	SEA
922	903	315	SEA
923	903	300	SEA
924	903	282	SEA
926	903	337	SEA
932	903	17	SEA
933	903	51	SEA
936	903	107	SEA
937	903	437	SEA
940	903	413	SEA
943	903	448	SEA
944	903	306	SEA
950	903	428	SDA
952	903	393	SDA
953	903	394	SDA
965	903	420	SEA
967	903	467	SEA
972	903	239	SEA
986	903	298	SEA
987	903	584	SEA
989	903	592	SEA
992	903	230	SEA
1000	903	272	SEA
1006	903	295	SEA
1007	903	295	SEA
1008	903	462	SEA
1010	903	486	SEA
1013	903	157	SEA
1014	903	184	SEA
1016	903	273	SEA
1019	903	223	SEA
1023	903	536	SEA
1026	903	633	SDA
1028	903	630	SEA
1033	903	54	SEA
1037	903	9	SDA
1040	903	61	SEA
1042	903	459	SEA
1048	903	591	SEA
1049	903	229	SEA
1051	903	269	SEA
1053	903	326	SEA
1057	903	594	SEA
1063	903	298	SDA
1064	903	256	SDA
1067	903	276	SDA
1069	903	290	SDA
1071	903	293	SEA
1074	903	302	SEA
1075	903	269	SEA
1090	903	374	SEA
1093	903	314	SEA
1099	903	331	SEA
1103	903	236	SEA
1105	903	97	SEA
1108	903	555	SEA
1112	903	300	SEA
1119	903	472	SDA
1127	903	270	SEA
1130	903	484	SEA
1132	903	475	SEA
1136	903	459	SEA
1140	903	455	SEA
1146	903	282	SEA
1149	903	670	SEA
1153	903	199	SDA
1154	903	181	SDA
1157	903	150	SEA
1164	903	131	SEA
1168	903	605	SEA
1181	903	302	SEA
1183	903	318	SEA
1188	903	281	SEA
1190	903	589	SEA
1200	903	465	SEA
1205	903	536	SEA
1209	903	496	SEA
1210	903	449	SEA
1214	903	598	SEA
1228	903	366	SEA
1239	903	428	SEA
1240	903	436	SEA
1243	903	374	SEA
1248	903	484	SEA
1252	903	700	SEA
1255	903	710	SEA
1257	903	97	SEA
1264	903	161	SEA
1265	903	123	SEA
1275	903	698	SEA
1278	903	232	SEA
1280	903	260	SEA
1284	903	280	SEA
1295	903	552	SEA
1296	903	552	SEA
1301	903	537	SEA
1306	903	529	SEA
1308	903	528	SEA
1312	903	497	SEA
