385	965	305	SEA
408	965	68	SEA
409	965	108	SEA
421	965	924	SDA
422	965	1018	SDA
435	965	39	SEA
439	965	26	SEA
448	965	140	SEA
458	965	831	SDA
463	965	748	SDA
494	965	878	SDA
529	965	899	SEA
543	965	492	SEA
549	965	48	SEA
554	965	731	SEA
568	965	126	SEA
593	965	804	SEA
606	965	661	SEA
607	965	1101	SEA
629	965	709	SEA
637	965	830	SEA
694	965	784	SEA
710	965	452	SEA
718	965	403	SEA
727	965	565	SEA
729	965	606	SEA
751	965	575	SEA
757	965	1069	SEA
759	965	1081	SEA
760	965	1070	SEA
761	965	1063	SEA
765	965	513	SEA
768	965	562	SEA
770	965	529	SEA
771	965	510	SEA
772	965	510	SEA
774	965	436	SEA
778	965	556	SEA
791	965	902	SEA
798	965	689	SEA
801	965	620	SEA
804	965	576	SEA
808	965	474	SEA
810	965	437	SEA
819	965	897	SEA
834	965	665	SEA
840	965	679	SEA
847	965	634	SEA
853	965	575	SEA
859	965	541	SEA
863	965	489	SEA
871	965	731	SEA
876	965	796	SEA
887	965	727	SEA
889	965	670	SEA
893	965	625	SEA
895	965	642	SEA
901	965	581	SEA
908	965	257	SEA
918	965	929	SEA
920	965	873	SEA
922	965	927	SEA
923	965	903	SEA
924	965	941	SEA
926	965	945	SEA
932	965	547	SEA
933	965	507	SEA
936	965	352	SEA
937	965	351	SEA
940	965	374	SEA
941	965	408	SEA
943	965	784	SEA
944	965	764	SEA
950	965	1326	SEA
952	965	1346	SEA
953	965	1351	SEA
965	965	405	SEA
967	965	411	SDA
972	965	341	SEA
986	965	820	SDA
987	965	825	SDA
989	965	830	SDA
992	965	886	SEA
1000	965	135	SEA
1006	965	151	SEA
1007	965	151	SEA
1008	965	113	SEA
1010	965	140	SEA
1013	965	1083	SEA
1014	965	1089	SEA
1016	965	1123	SEA
1019	965	360	SDA
1023	965	489	SDA
1026	965	663	SDA
1028	965	627	SDA
1033	965	551	SEA
1037	965	376	SEA
1040	965	501	SEA
1042	965	432	SEA
1048	965	1175	SEA
1049	965	1327	SEA
1051	965	673	SEA
1053	965	656	SEA
1057	965	775	SEA
1059	965	791	SEA
1063	965	977	SEA
1064	965	976	SEA
1067	965	898	SEA
1069	965	944	SEA
1071	965	276	SDA
1074	965	211	SDA
1075	965	175	SDA
1090	965	1587	SDA
1093	965	1566	SDA
1099	965	1446	SEA
1103	965	484	SDA
1105	965	380	SDA
1108	965	425	SDA
1112	965	421	SDA
1119	965	395	SDA
1127	965	796	SEA
1130	965	828	SEA
1132	965	777	SEA
1136	965	328	SEA
1140	965	208	SEA
1146	965	263	SEA
1149	965	1088	SEA
1153	965	1218	SEA
1154	965	166	SEA
1157	965	60	SEA
1164	965	172	SEA
1168	965	108	SEA
1181	965	136	SEA
1183	965	211	SEA
1188	965	215	SEA
1190	965	187	SEA
1200	965	344	SEA
1205	965	233	SEA
1209	965	252	SEA
1210	965	416	SEA
1214	965	817	SEA
1228	965	773	SEA
1239	965	637	SEA
1240	965	668	SEA
1243	965	714	SEA
1248	965	683	SEA
1252	965	573	SEA
1255	965	1304	SEA
1257	965	1301	SEA
1264	965	1169	SEA
1265	965	310	SDA
1275	965	125	SEA
1278	965	92	SEA
1279	965	92	SEA
1280	965	98	SEA
1284	965	141	SEA
1289	965	633	SEA
1295	965	680	SEA
1296	965	680	SEA
1301	965	826	SEA
1306	965	802	SEA
1308	965	814	SEA
1312	965	932	SEA
1319	965	1017	SEA
