363	138	438	SEA
375	138	663	SEA
385	138	678	SEA
408	138	790	SEA
409	138	768	SEA
414	138	500	SDA
421	138	602	SDA
422	138	575	SDA
435	138	1073	SDA
439	138	563	SDA
448	138	709	SDA
457	138	683	SDA
458	138	623	SDA
463	138	412	LSD
490	138	792	SDA
494	138	684	SDA
517	138	738	SEA
520	138	780	SEA
529	138	811	SEA
536	138	464	SEA
543	138	362	SEA
549	138	1050	SEA
554	138	155	SDA
568	138	994	SEA
570	138	1017	SEA
593	138	709	SEA
596	138	622	SEA
606	138	790	SEA
607	138	855	SEA
610	138	865	SEA
623	138	686	SEA
624	138	700	SEA
637	138	839	SEA
654	138	685	SEA
667	138	618	SEA
684	138	619	SEA
694	138	856	SEA
710	138	616	SEA
718	138	639	SEA
727	138	888	SEA
729	138	867	SEA
740	138	1454	SEA
757	138	714	SEA
759	138	729	SEA
760	138	737	SEA
761	138	756	SEA
765	138	777	SEA
768	138	765	SEA
770	138	828	SEA
771	138	1027	SEA
772	138	1027	SEA
773	138	1009	SEA
778	138	858	SEA
783	138	975	SEA
791	138	730	SEA
798	138	894	SEA
801	138	699	SEA
804	138	715	SEA
808	138	706	SEA
810	138	683	SEA
819	138	937	SEA
834	138	970	SEA
840	138	976	SEA
847	138	865	SEA
853	138	826	SEA
859	138	748	SEA
863	138	950	SEA
871	138	1046	SEA
876	138	938	SEA
887	138	893	SEA
889	138	902	SEA
893	138	875	SEA
895	138	944	SEA
901	138	1016	SEA
908	138	503	SEA
918	138	576	SEA
920	138	563	SEA
922	138	631	SEA
923	138	700	SEA
924	138	710	SEA
926	138	739	SEA
932	138	744	SEA
933	138	774	SEA
936	138	891	SEA
937	138	863	SEA
940	138	821	SEA
941	138	825	SEA
943	138	798	SEA
944	138	847	SEA
950	138	857	SEA
952	138	844	SEA
953	138	859	SEA
965	138	228	SEA
967	138	269	SEA
972	138	309	SEA
986	138	345	SEA
987	138	379	SEA
989	138	370	SEA
992	138	634	SEA
1000	138	447	SEA
1006	138	398	SEA
1007	138	398	SEA
1008	138	376	SEA
1010	138	439	SEA
1013	138	605	SEA
1014	138	613	SEA
1016	138	543	SEA
1019	138	557	SEA
1023	138	643	SEA
1026	138	662	SEA
1028	138	671	SEA
1033	138	640	SEA
1037	138	693	SEA
1040	138	692	SEA
1042	138	503	SEA
1048	138	471	SEA
1049	138	461	SEA
1051	138	455	SEA
1053	138	832	SEA
1057	138	833	SEA
1059	138	796	SEA
1063	138	465	SEA
1064	138	508	SEA
1067	138	506	SEA
1069	138	555	SEA
1071	138	573	SEA
1074	138	688	SEA
1075	138	709	SEA
1090	138	749	SEA
1093	138	737	SEA
1099	138	708	SEA
1103	138	687	SEA
1105	138	746	SEA
1108	138	712	SEA
1112	138	748	SEA
1119	138	938	SEA
1127	138	1006	SEA
1130	138	989	SEA
1132	138	1016	SEA
1136	138	378	SDA
1140	138	410	SDA
1146	138	426	SDA
1149	138	377	SDA
1153	138	771	SEA
1154	138	773	SEA
1157	138	784	SEA
1164	138	450	SEA
1168	138	417	SEA
1181	138	980	SEA
1183	138	937	SEA
1188	138	989	SEA
1190	138	1024	SEA
1200	138	1096	SEA
1205	138	1079	SEA
1209	138	1029	SEA
1210	138	1054	SEA
1214	138	464	SEA
1228	138	683	SEA
1239	138	1022	SEA
1240	138	1027	SEA
1243	138	631	SEA
1248	138	580	SEA
1252	138	597	SEA
1255	138	606	SEA
1256	138	619	SEA
1257	138	619	SEA
1264	138	479	SEA
1265	138	434	SEA
1275	138	401	SEA
1278	138	368	SEA
1279	138	368	SEA
1280	138	432	SEA
1284	138	963	SEA
1295	138	589	SEA
1296	138	589	SEA
1301	138	587	SEA
1306	138	591	SEA
1308	138	523	SEA
1312	138	586	SEA
1319	138	688	SEA
