363	925	264	SEA
408	925	346	SEA
409	925	394	SEA
421	925	749	SEA
422	925	669	SEA
435	925	479	SEA
439	925	422	SDA
448	925	590	SDA
458	925	635	SDA
463	925	661	SDA
494	925	422	SDA
507	925	380	SEA
529	925	738	SEA
543	925	638	SEA
549	925	161	SEA
554	925	52	SEA
568	925	706	SEA
593	925	787	SEA
606	925	703	SEA
607	925	730	SEA
629	925	876	SEA
637	925	894	SEA
694	925	824	SEA
710	925	632	SEA
727	925	739	SEA
729	925	731	SEA
751	925	1189	SEA
757	925	983	SEA
759	925	1066	SEA
760	925	1073	SEA
765	925	1188	SEA
768	925	1121	SEA
770	925	769	SEA
771	925	701	SEA
772	925	701	SEA
774	925	588	SEA
778	925	638	SEA
791	925	845	SEA
798	925	1203	SEA
801	925	1256	SEA
804	925	1240	SEA
808	925	1232	SEA
810	925	1181	SEA
819	925	1046	SEA
834	925	716	SEA
840	925	690	SEA
847	925	647	SEA
853	925	832	SEA
859	925	734	SEA
863	925	907	SEA
871	925	913	SEA
876	925	710	SEA
887	925	687	SEA
889	925	677	SEA
893	925	1002	SEA
895	925	1003	SEA
901	925	968	SEA
908	925	802	SEA
918	925	959	SEA
920	925	937	SEA
922	925	899	SEA
923	925	902	SEA
924	925	908	SEA
926	925	818	SEA
932	925	858	SEA
933	925	848	SEA
936	925	769	SEA
937	925	781	SEA
940	925	830	SEA
941	925	831	SEA
943	925	833	SEA
944	925	865	SEA
950	925	916	SEA
952	925	911	SEA
953	925	866	SEA
965	925	1151	SEA
967	925	1098	SEA
972	925	1016	SEA
986	925	988	SEA
987	925	964	SEA
989	925	988	SEA
992	925	826	SEA
1000	925	941	SEA
1006	925	867	SEA
1007	925	867	SEA
1008	925	894	SEA
1010	925	832	SEA
1013	925	827	SEA
1014	925	814	SEA
1016	925	735	SEA
1019	925	744	SEA
1023	925	722	SEA
1026	925	756	SEA
1028	925	805	SEA
1033	925	876	SEA
1037	925	825	SEA
1040	925	935	SEA
1042	925	994	SEA
1048	925	865	SEA
1049	925	920	SEA
1051	925	862	SEA
1053	925	890	SEA
1057	925	974	SEA
1059	925	978	SEA
1063	925	580	SEA
1064	925	615	SEA
1067	925	552	SEA
1069	925	561	SEA
1071	925	485	SEA
1074	925	511	SEA
1075	925	542	SEA
1090	925	999	SEA
1093	925	1020	SEA
1099	925	821	SEA
1103	925	941	SEA
1105	925	894	SEA
1108	925	820	SEA
1112	925	784	SEA
1119	925	439	SEA
1127	925	875	SEA
1130	925	746	SEA
1132	925	749	SEA
1136	925	767	SEA
1140	925	847	SEA
1146	925	879	SEA
1149	925	827	SEA
1153	925	699	SEA
1154	925	689	SEA
1157	925	664	SEA
1164	925	774	SEA
1168	925	642	SEA
1181	925	587	SEA
1183	925	612	SEA
1188	925	561	SEA
1190	925	556	SEA
1200	925	988	SEA
1205	925	984	SEA
1209	925	988	SEA
1210	925	920	SEA
1214	925	858	SEA
