363	57	757	SEA
385	57	841	SEA
408	57	660	SEA
409	57	660	SEA
421	57	367	SEA
422	57	354	SEA
435	57	301	SEA
439	57	277	SEA
448	57	347	SEA
453	57	257	SEA
458	57	251	SEA
463	57	251	SEA
494	57	408	SEA
507	57	539	SEA
512	57	219	SEA
529	57	280	SEA
543	57	381	SEA
549	57	634	SEA
554	57	1020	SEA
568	57	1144	SEA
593	57	955	SEA
606	57	906	SEA
607	57	906	SEA
629	57	773	SEA
637	57	780	SEA
654	57	680	SEA
694	57	659	SEA
710	57	423	SEA
720	57	759	SEA
727	57	347	SEA
729	57	239	SEA
751	57	793	SEA
757	57	1010	SEA
759	57	1010	SEA
760	57	1010	SEA
765	57	949	SEA
768	57	935	SEA
770	57	932	SEA
771	57	908	SDA
772	57	908	SDA
774	57	1022	SEA
778	57	1022	SEA
783	57	901	SEA
791	57	677	SEA
798	57	1019	SEA
801	57	899	SEA
804	57	847	SEA
808	57	1082	SEA
810	57	1082	SEA
819	57	901	SEA
834	57	895	SEA
840	57	763	SEA
847	57	843	SEA
853	57	733	SEA
859	57	840	SEA
863	57	839	SEA
871	57	567	SEA
876	57	840	SEA
887	57	840	SEA
889	57	840	SEA
893	57	779	SEA
895	57	679	SEA
901	57	562	SEA
908	57	615	SEA
918	57	719	SEA
920	57	659	SEA
922	57	534	SEA
923	57	555	SEA
924	57	557	SEA
926	57	537	SEA
932	57	659	SEA
933	57	599	SEA
936	57	359	SEA
937	57	208	SEA
940	57	152	SEA
941	57	139	SEA
943	57	135	SEA
944	57	250	SEA
950	57	529	SEA
952	57	780	SEA
953	57	780	SEA
965	57	780	SEA
967	57	780	SEA
972	57	499	SEA
986	57	556	SEA
987	57	556	SEA
989	57	570	SEA
992	57	780	SEA
1000	57	548	SEA
1006	57	779	SEA
1007	57	779	SEA
1008	57	719	SEA
1010	57	619	SEA
1013	57	356	SEA
1014	57	359	SEA
1016	57	296	SEA
1019	57	315	SEA
1023	57	590	SEA
1026	57	552	SEA
1028	57	536	SEA
1033	57	659	SEA
1037	57	479	SEA
1040	57	342	SEA
1042	57	331	SEA
1048	57	552	SEA
1049	57	489	SEA
1051	57	467	SEA
1053	57	463	SEA
1057	57	780	SEA
1059	57	617	SEA
1063	57	600	SEA
1064	57	602	SEA
1067	57	900	SEA
1069	57	900	SEA
1071	57	900	SEA
1074	57	714	SEA
1075	57	736	SEA
1090	57	676	SEA
1093	57	730	SEA
1099	57	900	SEA
1103	57	719	SEA
1105	57	551	SEA
1108	57	521	SEA
1112	57	524	SEA
1119	57	779	SEA
1127	57	960	SEA
1130	57	960	SEA
1132	57	796	SEA
1136	57	765	SEA
1140	57	739	SEA
1146	57	960	SEA
1149	57	839	SEA
1153	57	654	SEA
1154	57	605	SEA
1157	57	618	SEA
1164	57	959	SEA
1168	57	659	SEA
1181	57	839	SEA
1183	57	830	SEA
1188	57	828	SEA
1190	57	960	SEA
1200	57	779	SEA
1205	57	465	SEA
1209	57	375	SEA
1210	57	370	SEA
1214	57	785	SEA
1228	57	799	SEA
1239	57	840	SEA
1240	57	840	SEA
1243	57	779	SEA
1248	57	669	SEA
1252	57	840	SEA
1255	57	840	SEA
1257	57	779	SEA
1264	57	677	SEA
1265	57	840	SEA
1275	57	737	SEA
1278	57	840	SEA
1279	57	840	SEA
1280	57	840	SEA
1284	57	748	SEA
1289	57	740	SEA
1295	57	840	SEA
1296	57	840	SEA
1301	57	824	SEA
1306	57	780	SEA
1308	57	780	SEA
1312	57	739	SEA
1319	57	616	SEA
