385	59	477	SDA
408	59	619	SEA
409	59	647	SEA
421	59	756	SEA
422	59	726	SEA
435	59	635	SEA
439	59	646	SEA
448	59	722	SEA
458	59	812	SEA
463	59	846	SDA
494	59	472	SEA
529	59	804	SEA
543	59	669	SEA
549	59	788	SEA
554	59	693	SDA
568	59	271	SEA
593	59	253	SEA
606	59	536	SEA
607	59	621	SEA
629	59	938	SEA
637	59	762	SEA
654	59	2005	SEA
694	59	746	SEA
710	59	703	SEA
718	59	715	SEA
727	59	618	SEA
729	59	580	SEA
751	59	336	SEA
757	59	494	SEA
760	59	426	SEA
765	59	1155	SEA
768	59	1197	SEA
770	59	686	SEA
771	59	638	SEA
772	59	638	SEA
774	59	554	SEA
778	59	354	SEA
791	59	355	SEA
798	59	1064	SEA
801	59	1098	SEA
804	59	1083	SEA
808	59	1265	SEA
810	59	1198	SEA
819	59	956	SEA
834	59	949	SEA
840	59	1405	SEA
847	59	1361	SEA
853	59	1323	SEA
859	59	843	SEA
863	59	915	SEA
871	59	958	SEA
876	59	1580	SEA
887	59	1333	SDA
889	59	1326	SDA
893	59	1308	SEA
895	59	983	SEA
901	59	1026	SEA
908	59	1051	SEA
918	59	800	SEA
920	59	790	SEA
922	59	740	SEA
923	59	718	SEA
924	59	800	SEA
926	59	723	SEA
932	59	593	SEA
933	59	573	SEA
936	59	1466	SEA
937	59	1460	SEA
940	59	1446	SEA
941	59	1469	SEA
943	59	1502	SEA
944	59	136	SEA
950	59	248	SEA
952	59	200	SEA
953	59	199	SEA
965	59	288	SEA
967	59	897	SEA
972	59	932	SEA
986	59	1057	SEA
987	59	1043	SEA
989	59	1055	SEA
992	59	1147	SEA
1000	59	997	SEA
1006	59	1037	SEA
1007	59	1037	SEA
1008	59	974	SEA
1010	59	924	SEA
1013	59	823	SEA
1014	59	771	SEA
1016	59	751	SEA
1019	59	762	SEA
1023	59	250	SEA
1026	59	280	SEA
1028	59	267	SEA
1033	59	1264	SEA
1037	59	1241	SEA
1040	59	343	SEA
1042	59	388	SEA
1048	59	363	SEA
1049	59	310	SEA
1051	59	274	SEA
1053	59	293	SEA
1057	59	371	SEA
1059	59	1223	SEA
1063	59	1228	SEA
1064	59	1186	SEA
1067	59	1194	SEA
1069	59	1142	SEA
1071	59	574	SEA
1074	59	602	SEA
1075	59	601	SEA
1090	59	1237	SEA
1093	59	1299	SEA
1099	59	556	SDA
1103	59	571	SDA
1105	59	540	SEA
1108	59	439	SEA
1112	59	372	SEA
1119	59	966	SEA
1127	59	1018	SEA
1130	59	897	SEA
1132	59	896	SEA
1136	59	890	SEA
1140	59	391	SDA
1146	59	350	SDA
1149	59	165	SEA
1153	59	102	SEA
1154	59	90	SEA
1157	59	524	SEA
1164	59	408	SEA
1168	59	480	SEA
1181	59	848	SEA
1183	59	917	SEA
1188	59	931	SEA
1190	59	993	SEA
1200	59	1005	SEA
1205	59	855	SEA
1209	59	1134	SEA
1210	59	1166	SEA
1214	59	1133	SEA
1228	59	1517	SEA
1239	59	1491	SEA
1240	59	1477	SEA
1243	59	412	SEA
1248	59	356	SEA
1252	59	339	SEA
1255	59	366	SEA
1257	59	378	SEA
1264	59	393	SEA
1265	59	427	SEA
1275	59	1412	SEA
1278	59	1378	SEA
1279	59	1378	SEA
1280	59	1413	SEA
1284	59	1389	SEA
1295	59	1309	SDA
1296	59	1309	SDA
1301	59	1391	SDA
1306	59	1510	SEA
1308	59	1491	SEA
1312	59	1410	SEA
1319	59	895	SEA
