363	186	660	SEA
385	186	780	SEA
408	186	780	SEA
409	186	780	SEA
421	186	720	SEA
422	186	720	SEA
435	186	720	SEA
439	186	720	SEA
448	186	600	SEA
458	186	600	SEA
463	186	600	SEA
494	186	1080	SEA
507	186	1080	SEA
520	186	1080	SEA
529	186	1080	SEA
543	186	1200	SEA
549	186	1200	SEA
554	186	1200	SEA
568	186	1200	SEA
593	186	1200	SEA
606	186	1200	SEA
607	186	1200	SEA
629	186	1020	SEA
637	186	1020	SEA
654	186	1020	SEA
694	186	900	SEA
710	186	960	SEA
727	186	960	SEA
729	186	960	SEA
751	186	1140	SEA
757	186	1140	SEA
759	186	1140	SEA
760	186	1140	SEA
765	186	1140	SEA
768	186	1200	SEA
770	186	1200	SEA
771	186	1200	SEA
772	186	1200	SEA
774	186	1200	SEA
791	186	1200	SEA
798	186	1200	SEA
801	186	1200	SEA
804	186	1200	SEA
808	186	1140	SEA
810	186	1140	SEA
819	186	1140	SEA
834	186	1140	SEA
840	186	1140	SEA
847	186	960	SEA
853	186	960	SEA
859	186	960	SEA
863	186	960	SEA
871	186	1080	SEA
876	186	1080	SEA
887	186	1080	SEA
889	186	1080	SEA
893	186	1080	SEA
895	186	1080	SEA
901	186	1080	SEA
908	186	1080	SEA
920	186	900	SEA
922	186	900	SEA
923	186	900	SEA
924	186	900	SEA
926	186	900	SEA
932	186	900	SEA
933	186	900	SEA
936	186	900	SEA
937	186	900	SEA
940	186	900	SEA
941	186	900	SEA
943	186	900	SEA
944	186	900	SEA
950	186	960	SEA
952	186	960	SEA
953	186	960	SEA
965	186	960	SEA
967	186	960	SEA
972	186	960	SEA
986	186	960	SEA
987	186	960	SEA
989	186	960	SEA
992	186	960	SEA
1000	186	900	SEA
1006	186	900	SEA
1007	186	900	SEA
1008	186	900	SEA
1010	186	900	SEA
1013	186	900	SEA
1014	186	840	SEA
1016	186	840	SEA
1019	186	840	SEA
1023	186	840	SEA
1026	186	840	SEA
1028	186	900	SEA
1033	186	900	SEA
1037	186	900	SEA
1040	186	900	SEA
1042	186	900	SEA
1048	186	840	SEA
1049	186	840	SEA
1051	186	840	SEA
1053	186	840	SEA
1057	186	840	SEA
1059	186	900	SEA
1063	186	900	SEA
1064	186	900	SEA
1067	186	960	SEA
1069	186	900	SEA
1071	186	960	SEA
1074	186	960	SEA
1075	186	960	SEA
1090	186	1200	SEA
1093	186	1200	SEA
1099	186	1200	SEA
1103	186	1260	SEA
1105	186	1260	SEA
1108	186	1260	SEA
1112	186	1260	SEA
1119	186	1260	SEA
1127	186	1380	SEA
1130	186	1380	SEA
1132	186	1380	SEA
1136	186	1380	SEA
1140	186	1380	SEA
1146	186	1320	SEA
1149	186	1320	SEA
1153	186	1320	SEA
1154	186	1320	SEA
1157	186	1320	SEA
1164	186	1320	SEA
1168	186	1380	SEA
1181	186	1380	SEA
1183	186	1380	SEA
1188	186	1380	SEA
1190	186	1380	SEA
1200	186	1380	SEA
1205	186	1380	SEA
1209	186	1380	SEA
1210	186	1380	SEA
1214	186	1200	SEA
1228	186	1200	SEA
1239	186	1140	SEA
1240	186	1140	SEA
1243	186	1140	SEA
1248	186	1140	SEA
1252	186	1140	SEA
1255	186	1260	SEA
1257	186	1260	SEA
1264	186	1260	SEA
1265	186	1260	SEA
1275	186	1440	SEA
1278	186	1440	SEA
1279	186	1440	SEA
1280	186	1440	SEA
1284	186	1440	SEA
1289	186	1440	SEA
1301	186	1560	SEA
1306	186	1560	SEA
1308	186	1560	SEA
1312	186	1560	SEA
