363	90	553	SEA
385	90	720	SEA
408	90	457	SEA
409	90	720	SEA
421	90	660	SEA
422	90	660	SEA
435	90	673	SEA
439	90	433	SEA
448	90	553	SEA
458	90	633	SEA
463	90	373	SEA
494	90	613	SEA
512	90	634	SEA
529	90	660	SEA
543	90	600	SEA
549	90	437	SEA
554	90	573	SEA
568	90	468	SEA
593	90	660	SEA
606	90	660	SEA
607	90	613	SEA
629	90	373	SEA
637	90	433	SEA
694	90	1020	SEA
710	90	1020	SEA
727	90	1020	SEA
729	90	1020	SEA
751	90	913	SEA
757	90	1080	SEA
759	90	1080	SEA
760	90	1080	SEA
765	90	1080	SEA
768	90	913	SEA
770	90	793	SEA
771	90	878	SEA
772	90	878	SEA
778	90	1080	SEA
791	90	1020	SEA
798	90	1020	SEA
801	90	1020	SEA
804	90	873	SEA
808	90	832	SEA
810	90	1020	SEA
819	90	1020	SEA
834	90	900	SEA
840	90	613	SEA
847	90	900	SEA
853	90	733	SEA
859	90	674	SEA
863	90	900	SEA
871	90	553	SEA
876	90	900	SEA
887	90	731	SEA
889	90	900	SEA
893	90	900	SEA
895	90	900	SEA
901	90	732	SEA
908	90	900	SEA
918	90	960	SEA
920	90	960	SEA
922	90	960	SEA
923	90	960	SEA
924	90	960	SEA
926	90	933	SEA
932	90	613	SEA
933	90	553	SEA
936	90	313	SEA
937	90	253	SEA
940	90	960	SEA
941	90	960	SEA
943	90	913	SEA
944	90	853	SEA
950	90	960	SEA
952	90	420	SEA
953	90	960	SEA
965	90	420	SEA
967	90	420	SEA
972	90	420	SEA
986	90	748	SEA
987	90	748	SEA
989	90	1	SEA
992	90	1	SEA
1000	90	253	SEA
1006	90	373	SEA
1007	90	373	SEA
1008	90	313	SEA
1010	90	213	SEA
1013	90	473	SEA
1014	90	373	SEA
1016	90	253	SEA
1019	90	248	SEA
1023	90	373	SEA
1026	90	326	SEA
1028	90	420	SEA
1033	90	310	SEA
1037	90	373	SEA
1040	90	193	SEA
1042	90	53	SEA
1048	90	93	SEA
1049	90	13	SEA
1051	90	313	SEA
1053	90	273	SEA
1057	90	245	SEA
1059	90	313	SEA
1063	90	317	SEA
1064	90	600	SEA
1067	90	493	SEA
1069	90	413	SEA
1071	90	407	SEA
1074	90	600	SEA
1075	90	553	SEA
1090	90	393	SEA
1093	90	456	SEA
1099	90	513	SEA
1103	90	449	SEA
1105	90	660	SEA
1108	90	553	SEA
1112	90	476	SEA
1119	90	613	SEA
1127	90	660	SEA
1130	90	553	SEA
1132	90	453	SEA
1136	90	253	SEA
1140	90	720	SEA
1146	90	550	SEA
1149	90	720	SEA
1153	90	613	SEA
1154	90	573	SEA
1157	90	564	SEA
1164	90	780	SEA
1168	90	630	SEA
1181	90	573	SEA
1183	90	433	SEA
1188	90	1200	SEA
1190	90	1200	SEA
1200	90	1200	SEA
1205	90	1200	SEA
1209	90	1200	SEA
1210	90	1200	SEA
1214	90	973	SEA
1228	90	1200	SEA
1239	90	1200	SEA
1240	90	1200	SEA
1243	90	1200	SEA
1248	90	1200	SEA
1252	90	1113	SEA
1255	90	1078	SEA
1257	90	1380	SEA
1264	90	1380	SEA
1265	90	1380	SEA
1275	90	1242	SEA
1278	90	1380	SEA
1279	90	1380	SEA
1280	90	1380	SEA
1284	90	1380	SEA
1289	90	1380	SEA
1295	90	1273	SEA
1296	90	1273	SEA
1301	90	1213	SEA
1306	90	1380	SEA
1308	90	1380	SEA
1312	90	1380	SEA
1319	90	1293	SEA
