363	74	645	SEA
385	74	167	SEA
408	74	929	SEA
409	74	888	SEA
421	74	460	SEA
422	74	446	SEA
435	74	749	SEA
439	74	343	SEA
448	74	401	SDA
453	74	757	SEA
458	74	1114	SEA
463	74	1211	SEA
494	74	416	SDA
507	74	395	SEA
512	74	369	SEA
529	74	241	SEA
543	74	443	SEA
549	74	678	SEA
554	74	555	SEA
568	74	131	SDA
593	74	257	SEA
606	74	44	SEA
607	74	3	SEA
629	74	180	SEA
637	74	222	SEA
654	74	523	SEA
694	74	909	SEA
710	74	841	SEA
720	74	1313	SEA
727	74	831	SEA
729	74	835	SEA
749	74	753	SEA
751	74	730	SEA
757	74	654	SEA
760	74	701	SEA
761	74	724	SEA
765	74	686	SEA
768	74	733	SEA
770	74	834	SEA
771	74	807	SEA
772	74	807	SEA
774	74	729	SEA
778	74	758	SEA
783	74	831	SEA
791	74	536	SEA
798	74	1132	SEA
801	74	1130	SEA
804	74	1092	SEA
808	74	1099	SEA
810	74	996	SEA
819	74	1097	SEA
834	74	52	SEA
840	74	106	SEA
847	74	545	SEA
853	74	104	SEA
859	74	629	SEA
863	74	579	SEA
871	74	224	SEA
876	74	501	SEA
887	74	278	SEA
889	74	188	SEA
893	74	154	SEA
895	74	180	SEA
901	74	353	SEA
908	74	236	SDA
918	74	353	SEA
920	74	292	SEA
922	74	877	SEA
923	74	915	SEA
924	74	904	SEA
926	74	621	SEA
932	74	721	SEA
933	74	734	SEA
936	74	772	SEA
937	74	803	SEA
940	74	534	SEA
941	74	591	SEA
943	74	595	SEA
944	74	702	SEA
950	74	601	SEA
952	74	621	SEA
953	74	580	SEA
965	74	425	SEA
967	74	469	SEA
972	74	20	SEA
986	74	641	SEA
987	74	692	SEA
989	74	616	SEA
992	74	625	SEA
1000	74	274	SEA
1006	74	305	SEA
1007	74	305	SEA
1008	74	290	SEA
1010	74	740	SEA
1013	74	157	SEA
1014	74	245	SEA
1016	74	176	SEA
1019	74	163	SEA
1023	74	408	SEA
1026	74	576	SEA
1028	74	690	SEA
1033	74	844	SEA
1037	74	885	SEA
1040	74	853	SEA
1042	74	43	SEA
1048	74	6	SEA
1049	74	6	SEA
1051	74	11	SEA
1053	74	19	SEA
1057	74	204	SEA
1059	74	24	SDA
1063	74	27	SDA
1064	74	33	SDA
1067	74	453	SEA
1069	74	438	SEA
1071	74	417	SEA
1074	74	286	SEA
1075	74	252	SEA
1090	74	696	SEA
1093	74	681	SEA
1099	74	826	SDA
1103	74	590	SEA
1105	74	694	SEA
1108	74	707	SDA
1112	74	761	SEA
1119	74	763	SEA
1127	74	318	SDA
1130	74	373	LSD
1132	74	386	SDA
1136	74	217	SEA
1140	74	121	SEA
1146	74	476	SDA
1149	74	682	SDA
1153	74	197	SEA
1154	74	92	SEA
1157	74	65	SEA
1164	74	17	SEA
1168	74	111	SEA
1181	74	538	SEA
1183	74	595	SEA
1188	74	489	SEA
1190	74	719	SEA
1200	74	997	SEA
1205	74	566	SEA
1209	74	546	SEA
1210	74	539	SEA
1214	74	379	SEA
1228	74	982	SEA
1239	74	599	SEA
1240	74	578	SEA
1243	74	527	SEA
1248	74	532	SDA
1252	74	931	SEA
1255	74	810	SDA
1257	74	856	SEA
1264	74	847	SDA
1265	74	812	SDA
1275	74	604	SEA
1278	74	631	SEA
1279	74	631	SEA
1280	74	620	SEA
1284	74	683	SEA
1289	74	938	SEA
1295	74	907	SEA
1296	74	907	SEA
1301	74	660	SEA
1306	74	631	SEA
1308	74	545	SEA
1312	74	685	SEA
1319	74	647	SEA
