363	70	359	SEA
375	70	159	SEA
395	70	196	SEA
408	70	339	SEA
409	70	408	SEA
421	70	248	SEA
422	70	188	SEA
435	70	513	SEA
439	70	419	SEA
448	70	481	SEA
458	70	404	SEA
494	70	352	SEA
529	70	540	SEA
542	70	399	SEA
554	70	739	SEA
568	70	419	SEA
593	70	714	SEA
606	70	720	SEA
607	70	720	SEA
623	70	649	SEA
624	70	608	SEA
637	70	659	SEA
654	70	639	SEA
663	70	544	SEA
667	70	600	SEA
694	70	671	SEA
710	70	659	SEA
718	70	658	SEA
720	70	840	SEA
727	70	821	SEA
729	70	840	SEA
736	70	799	SEA
757	70	359	SEA
760	70	900	SEA
761	70	900	SEA
768	70	927	SEA
770	70	900	SEA
771	70	900	SEA
775	70	900	SEA
778	70	899	SEA
791	70	900	SEA
798	70	930	SEA
801	70	840	SEA
804	70	840	SEA
808	70	839	SEA
810	70	719	SEA
819	70	840	SEA
834	70	900	SEA
840	70	659	SEA
847	70	900	SEA
853	70	779	SEA
859	70	900	SEA
863	70	900	SEA
871	70	599	SEA
876	70	900	SEA
887	70	861	SEA
889	70	900	SEA
893	70	900	SEA
895	70	900	SEA
901	70	900	SEA
908	70	900	SEA
918	70	900	SEA
920	70	900	SEA
922	70	900	SEA
923	70	900	SEA
924	70	900	SEA
926	70	900	SEA
932	70	773	SEA
933	70	772	SEA
936	70	900	SEA
937	70	900	SEA
940	70	900	SEA
941	70	900	SEA
943	70	876	SEA
944	70	982	SEA
950	70	480	SEA
952	70	480	SEA
953	70	480	SEA
965	70	419	SEA
967	70	552	SEA
972	70	379	SEA
986	70	419	SEA
987	70	359	SEA
989	70	299	SEA
992	70	358	SEA
1000	70	419	SEA
1006	70	420	SEA
1007	70	420	SEA
1008	70	419	SEA
1010	70	319	SEA
1013	70	99	SEA
1014	70	359	SEA
1016	70	381	SEA
1019	70	270	SEA
1023	70	239	SEA
1026	70	357	SEA
1028	70	359	SEA
1033	70	294	SEA
1037	70	239	SEA
1040	70	311	SEA
1042	70	371	SEA
1048	70	319	SEA
1049	70	239	SEA
1051	70	268	SEA
1053	70	238	SEA
1057	70	599	SEA
1059	70	348	SEA
1063	70	347	SEA
1064	70	787	SEA
1067	70	366	SEA
1069	70	339	SEA
1071	70	480	SEA
1074	70	359	SEA
1075	70	299	SEA
