363	811	393	SEA
375	811	260	SEA
385	811	715	SEA
400	811	25	SDA
408	811	821	SEA
409	811	197	SEA
414	811	284	SEA
421	811	209	SDA
422	811	273	SDA
435	811	339	SEA
439	811	577	SEA
448	811	165	SEA
453	811	170	SEA
457	811	452	SEA
458	811	227	SEA
463	811	175	SEA
490	811	511	SDA
494	811	570	SEA
500	811	248	SEA
501	811	257	SEA
507	811	180	SEA
508	811	207	SEA
512	811	936	SEA
513	811	129	SEA
517	811	321	SEA
520	811	545	SEA
529	811	710	SEA
531	811	725	SEA
536	811	322	SEA
541	811	297	SEA
542	811	262	SEA
543	811	262	SEA
549	811	492	SEA
554	811	78	SEA
564	811	66	SEA
568	811	79	SEA
578	811	143	SEA
593	811	130	SEA
606	811	255	SEA
607	811	214	SEA
610	811	142	SEA
615	811	510	SEA
624	811	253	SEA
629	811	182	SEA
637	811	608	SEA
654	811	626	SEA
663	811	126	SEA
667	811	47	SEA
694	811	228	SEA
701	811	88	SEA
710	811	350	SEA
718	811	556	SEA
720	811	603	SEA
727	811	156	SEA
729	811	177	SEA
736	811	4	SEA
739	811	34	SEA
740	811	136	SEA
745	811	464	SEA
749	811	222	SEA
750	811	210	SEA
757	811	157	SEA
759	811	185	SEA
760	811	196	SEA
761	811	112	SEA
765	811	447	SEA
768	811	438	SEA
770	811	381	SEA
771	811	325	SEA
772	811	325	SEA
773	811	646	SEA
774	811	576	SEA
775	811	576	SEA
778	811	539	SEA
783	811	183	SEA
791	811	120	SEA
801	811	280	SEA
804	811	232	SEA
808	811	275	SEA
810	811	345	SEA
819	811	482	SEA
834	811	642	SEA
840	811	209	SEA
847	811	529	SEA
853	811	413	SEA
859	811	124	SEA
863	811	163	SEA
871	811	505	SEA
876	811	620	SEA
887	811	128	SEA
889	811	118	SEA
893	811	164	SEA
895	811	160	SEA
901	811	706	SEA
908	811	244	SDA
918	811	38	SEA
920	811	93	SEA
922	811	195	SEA
923	811	597	SEA
924	811	604	SEA
926	811	94	SEA
932	811	118	SEA
933	811	143	SEA
936	811	279	SEA
937	811	229	SEA
940	811	233	SEA
941	811	243	SEA
943	811	289	SEA
944	811	344	SEA
950	811	350	SEA
952	811	602	SEA
953	811	650	SEA
965	811	250	SEA
967	811	153	SEA
972	811	21	SEA
986	811	540	SEA
987	811	491	SEA
989	811	547	SEA
992	811	480	SEA
1000	811	96	SDA
1006	811	27	SEA
1007	811	27	SEA
1008	811	87	SEA
1010	811	51	SEA
1013	811	706	SEA
1014	811	773	SEA
1016	811	718	SEA
1019	811	121	SDA
1023	811	105	SDA
1026	811	109	SEA
1028	811	102	SEA
1033	811	537	SEA
1037	811	173	SEA
1040	811	24	SEA
1042	811	10	SEA
1048	811	604	SEA
1049	811	530	SEA
1051	811	539	SDA
1053	811	607	SEA
1057	811	239	SEA
1059	811	120	SEA
1063	811	460	SEA
1064	811	493	SEA
1067	811	267	SEA
1069	811	348	SEA
1071	811	273	SEA
1074	811	204	SEA
1075	811	234	SEA
1090	811	212	SDA
1093	811	83	SDA
1099	811	31	SDA
1103	811	33	SEA
1105	811	187	SEA
1108	811	84	SEA
1112	811	384	SEA
1119	811	167	SEA
1127	811	402	SEA
1130	811	561	SEA
1132	811	619	SEA
1136	811	305	SDA
1140	811	357	SEA
1146	811	11	SEA
1149	811	61	SEA
1153	811	368	SEA
1154	811	407	SEA
1157	811	320	SEA
1164	811	36	SEA
1168	811	25	SEA
1181	811	63	SEA
1183	811	51	SEA
1188	811	162	SEA
1190	811	574	SEA
1200	811	292	SEA
1205	811	426	SEA
1209	811	272	SEA
1210	811	229	SEA
1214	811	293	SEA
1228	811	494	SEA
1239	811	186	SEA
1240	811	264	SEA
1243	811	632	SEA
1248	811	210	SDA
1252	811	321	SEA
1255	811	392	SEA
1256	811	446	SEA
1257	811	446	SEA
1264	811	315	SEA
1265	811	298	SEA
1275	811	242	SEA
1278	811	251	SEA
1279	811	251	SEA
1280	811	276	SEA
1284	811	501	SEA
1289	811	527	SEA
1295	811	322	SEA
1296	811	322	SEA
1301	811	344	SEA
1306	811	435	SEA
1308	811	544	SEA
1312	811	441	SEA
1319	811	394	SEA
