363	882	832	SEA
385	882	788	SEA
408	882	145	SEA
409	882	100	SEA
421	882	326	SEA
422	882	315	SEA
435	882	612	SEA
439	882	669	SEA
448	882	635	SEA
458	882	822	SEA
463	882	465	SEA
494	882	670	SEA
507	882	1071	SEA
512	882	465	SEA
529	882	862	SEA
543	882	678	SEA
549	882	936	SEA
554	882	970	SEA
568	882	756	SEA
593	882	619	SEA
606	882	536	SEA
607	882	577	SEA
629	882	360	SEA
637	882	844	SEA
654	882	568	SEA
694	882	774	SEA
710	882	869	SEA
720	882	774	SEA
727	882	792	SEA
729	882	830	SEA
751	882	431	SEA
757	882	714	SEA
759	882	718	SEA
760	882	804	SEA
761	882	765	SEA
765	882	583	SEA
768	882	564	SEA
770	882	568	SEA
771	882	523	SEA
772	882	523	SEA
774	882	547	SEA
778	882	759	SEA
791	882	667	SEA
798	882	616	SEA
801	882	672	SEA
804	882	669	SEA
808	882	683	SEA
810	882	782	SEA
819	882	627	SEA
834	882	559	SEA
840	882	607	SEA
847	882	783	SEA
853	882	1132	SEA
859	882	478	SEA
863	882	468	SDA
871	882	815	SEA
876	882	270	SEA
887	882	428	SEA
889	882	456	SEA
893	882	870	SEA
895	882	862	SEA
901	882	423	SEA
908	882	646	SEA
918	882	769	SEA
920	882	760	SEA
922	882	812	SEA
923	882	862	SEA
924	882	413	SDA
926	882	745	SEA
932	882	418	SEA
933	882	419	SEA
936	882	459	SEA
937	882	443	SEA
940	882	1028	SEA
941	882	832	SEA
943	882	788	SEA
944	882	795	SEA
950	882	871	SEA
952	882	830	SEA
953	882	866	SEA
965	882	881	SEA
967	882	717	SEA
972	882	660	SEA
986	882	786	SEA
987	882	715	SEA
989	882	717	SEA
992	882	737	SEA
1000	882	720	SEA
1006	882	639	SEA
1007	882	639	SEA
1008	882	600	SEA
1010	882	569	SEA
1013	882	791	SEA
1014	882	764	SEA
1016	882	795	SEA
1019	882	685	SEA
1023	882	901	SEA
1026	882	764	SEA
1028	882	773	SEA
1033	882	605	SEA
1037	882	868	SEA
1040	882	876	SEA
1042	882	898	SEA
1048	882	573	SDA
1049	882	626	SEA
1051	882	546	SEA
1053	882	563	SEA
1057	882	611	SEA
1059	882	807	SEA
1063	882	1059	SEA
1064	882	1144	SEA
1067	882	293	SEA
1069	882	280	SEA
1071	882	291	SEA
1074	882	224	SEA
1075	882	519	SEA
1090	882	540	SEA
1093	882	608	SEA
1099	882	604	SEA
1103	882	596	SEA
1105	882	605	SEA
1108	882	553	SEA
1112	882	758	SEA
1119	882	392	SDA
1127	882	209	SDA
1130	882	213	SEA
1132	882	136	SEA
1136	882	147	SEA
1140	882	716	SEA
1146	882	828	SEA
1149	882	596	SEA
1153	882	538	SEA
1154	882	563	SEA
1157	882	573	SEA
1164	882	690	SEA
1168	882	755	SEA
1181	882	527	SEA
1183	882	475	SEA
1188	882	478	SEA
1190	882	477	SEA
1200	882	489	SDA
1205	882	449	SEA
1209	882	453	SEA
1210	882	434	SEA
1214	882	495	SEA
1228	882	497	SEA
1239	882	597	SEA
1240	882	595	SEA
1243	882	601	SEA
1248	882	638	SEA
1252	882	502	SEA
1255	882	376	SEA
1257	882	322	SEA
1264	882	302	SEA
1265	882	766	SEA
1275	882	659	SEA
1278	882	674	SEA
1279	882	674	SEA
1280	882	673	SEA
1284	882	431	SEA
1289	882	361	SEA
1295	882	717	SEA
1296	882	717	SEA
1301	882	650	SEA
1306	882	583	SEA
1308	882	552	SEA
1312	882	592	SEA
1319	882	514	SEA
