385	981	600	SEA
395	981	600	SEA
408	981	519	SEA
409	981	459	SEA
414	981	324	SEA
421	981	270	SEA
422	981	334	SEA
435	981	508	SEA
439	981	572	SDA
448	981	387	SDA
450	981	329	SEA
453	981	238	SEA
458	981	511	SEA
463	981	318	SDA
465	981	302	SDA
488	981	546	SEA
490	981	669	SEA
494	981	732	SEA
500	981	561	SEA
507	981	535	SEA
508	981	593	SEA
512	981	154	SEA
513	981	275	SEA
516	981	362	SEA
517	981	293	SEA
520	981	358	SEA
529	981	729	SEA
531	981	624	SEA
536	981	485	SEA
542	981	615	SEA
543	981	615	SEA
549	981	284	SEA
554	981	722	SEA
