363	859	266	SEA
375	859	339	SEA
385	859	55	SEA
392	859	134	SEA
395	859	32	SEA
400	859	59	SEA
408	859	279	SEA
409	859	219	SEA
421	859	133	SEA
422	859	193	SEA
435	859	597	SEA
436	859	579	SEA
439	859	450	SEA
448	859	305	SEA
458	859	199	SEA
463	859	682	SEA
465	859	698	SEA
488	859	179	SEA
490	859	59	SEA
494	859	177	SEA
500	859	59	SEA
501	859	499	SEA
507	859	209	SEA
508	859	249	SEA
512	859	294	SEA
513	859	293	SEA
516	859	179	SEA
517	859	119	SEA
520	859	98	SEA
529	859	1320	SEA
531	859	1279	SEA
536	859	77	SEA
541	859	619	SEA
542	859	653	SEA
543	859	653	SEA
549	859	660	SEA
554	859	147	SEA
564	859	661	SEA
566	859	565	SEA
568	859	660	SEA
578	859	219	SEA
593	859	119	SEA
596	859	209	SEA
597	859	281	SEA
606	859	128	SEA
607	859	249	SEA
610	859	327	SEA
615	859	60	SEA
623	859	119	SEA
624	859	599	SEA
629	859	300	SEA
630	859	300	SEA
637	859	184	SEA
654	859	660	SEA
663	859	119	SEA
667	859	539	SEA
672	859	243	SEA
673	859	179	SEA
684	859	179	SEA
694	859	239	SEA
701	859	265	SEA
710	859	599	SEA
718	859	219	SEA
720	859	660	SEA
726	859	325	SEA
727	859	259	SEA
729	859	179	SEA
739	859	179	SEA
740	859	139	SEA
745	859	439	SEA
749	859	119	SEA
750	859	59	SEA
751	859	59	SEA
757	859	239	SEA
759	859	199	SEA
760	859	79	SEA
761	859	121	SEA
765	859	299	SEA
768	859	179	SEA
770	859	59	SEA
771	859	599	SEA
772	859	599	SEA
773	859	479	SEA
774	859	439	SEA
778	859	172	SEA
779	859	277	SEA
783	859	52	SEA
791	859	599	SEA
798	859	600	SEA
801	859	600	SEA
804	859	131	SEA
808	859	307	SEA
810	859	59	SEA
819	859	179	SEA
834	859	479	SEA
840	859	59	SEA
847	859	299	SEA
853	859	181	SEA
859	859	262	SEA
863	859	919	SEA
871	859	660	SEA
876	859	170	SEA
887	859	291	SEA
889	859	303	SEA
893	859	798	SEA
895	859	707	SEA
901	859	660	SEA
908	859	660	SEA
918	859	759	SEA
920	859	759	SEA
922	859	729	SEA
923	859	660	SEA
924	859	660	SEA
926	859	660	SEA
932	859	252	SEA
933	859	292	SEA
936	859	239	SEA
937	859	119	SEA
940	859	177	SEA
941	859	218	SEA
943	859	729	SEA
944	859	660	SEA
950	859	659	SEA
952	859	174	SEA
953	859	215	SEA
965	859	715	SEA
967	859	655	SEA
972	859	116	SEA
986	859	375	SEA
987	859	613	SEA
989	859	584	SEA
992	859	119	SEA
1000	859	179	SEA
1006	859	479	SEA
1007	859	479	SEA
1008	859	73	SEA
1010	859	78	SEA
1013	859	99	SEA
1014	859	812	SEA
1016	859	811	SEA
1019	859	682	SEA
1023	859	660	SEA
1026	859	599	SEA
1028	859	652	SEA
1033	859	660	SEA
1037	859	659	SEA
1040	859	660	SEA
1042	859	660	SEA
1048	859	137	SDA
1049	859	111	SDA
1051	859	733	SEA
1053	859	672	SEA
1057	859	600	SEA
1059	859	539	SEA
1063	859	319	SEA
1064	859	239	SEA
1067	859	119	SEA
1069	859	39	SEA
1071	859	56	SEA
1074	859	239	SEA
1075	859	179	SEA
1090	859	559	SEA
1093	859	560	SEA
1099	859	600	SEA
1103	859	299	SEA
1105	859	179	SEA
1108	859	1332	SEA
1112	859	1267	SEA
1119	859	599	SEA
1127	859	600	SEA
1130	859	479	SEA
1132	859	379	SEA
1136	859	334	SEA
1140	859	298	SEA
1146	859	97	SEA
1149	859	58	SEA
1153	859	294	SEA
1154	859	304	SEA
1157	859	119	SEA
1164	859	802	SEA
1168	859	840	SEA
1181	859	22	SEA
1183	859	1089	SEA
1188	859	1029	SEA
1190	859	989	SEA
1200	859	1560	SEA
1205	859	1633	SEA
1209	859	780	SEA
1210	859	780	SEA
1214	859	780	SEA
1228	859	970	SEA
1239	859	900	SEA
1240	859	900	SEA
1243	859	60	SEA
1248	859	479	SEA
1252	859	1080	SEA
1255	859	1239	SEA
1256	859	1239	SEA
1257	859	1239	SEA
1264	859	1200	SEA
1265	859	1200	SEA
1275	859	1079	SEA
1278	859	840	SEA
1280	859	840	SEA
1284	859	840	SEA
1289	859	840	SEA
1295	859	773	SEA
1296	859	773	SEA
1301	859	840	SEA
1306	859	840	SEA
1308	859	978	SEA
1312	859	850	SEA
1319	859	780	SEA
