363	962	397	SEA
408	962	254	SEA
409	962	371	SEA
414	962	633	SEA
421	962	263	SEA
422	962	295	SEA
427	962	160	SEA
435	962	554	SEA
439	962	70	SDA
448	962	227	SEA
458	962	793	SEA
463	962	160	SEA
488	962	1079	SEA
494	962	266	SDA
512	962	367	SEA
513	962	679	SEA
517	962	585	SEA
529	962	231	SDA
531	962	494	SEA
549	962	374	SEA
554	962	349	SEA
568	962	403	SEA
570	962	306	SEA
593	962	576	SEA
596	962	575	SEA
606	962	587	SEA
607	962	764	SEA
610	962	726	SEA
623	962	379	SEA
624	962	451	SEA
663	962	858	SEA
667	962	895	SEA
694	962	449	SEA
710	962	824	SEA
718	962	501	SEA
720	962	629	SEA
727	962	572	SEA
729	962	405	SEA
736	962	484	SEA
740	962	524	SEA
751	962	829	SEA
757	962	805	SEA
760	962	841	SEA
765	962	336	SEA
768	962	402	SEA
770	962	413	SEA
771	962	370	SEA
774	962	355	SEA
775	962	355	SEA
778	962	316	SEA
791	962	678	SEA
798	962	548	SEA
801	962	265	SEA
804	962	352	SEA
808	962	457	SEA
810	962	463	SEA
819	962	576	SEA
834	962	733	SEA
840	962	829	SEA
847	962	610	SEA
853	962	680	SEA
859	962	520	SEA
863	962	573	SEA
871	962	177	SEA
876	962	196	SEA
887	962	627	SEA
889	962	600	SEA
893	962	688	SEA
895	962	815	SEA
901	962	620	SEA
908	962	624	SEA
918	962	449	SEA
920	962	281	SEA
922	962	323	SEA
923	962	366	SEA
924	962	417	SEA
926	962	492	SEA
932	962	400	SEA
933	962	445	SEA
936	962	347	SEA
937	962	312	SEA
940	962	421	SEA
941	962	426	SEA
943	962	361	SEA
944	962	343	SEA
950	962	441	SEA
952	962	444	SEA
953	962	362	SEA
965	962	402	SEA
967	962	580	SEA
972	962	452	SEA
986	962	923	SEA
987	962	944	SEA
989	962	971	SEA
992	962	129	SEA
1000	962	172	SEA
1006	962	94	SEA
1007	962	94	SEA
1008	962	425	SEA
1010	962	279	SEA
1013	962	413	SEA
1014	962	192	SEA
1016	962	245	SEA
1019	962	217	SEA
1023	962	422	SEA
1026	962	217	SEA
1028	962	526	SEA
1033	962	489	SEA
1037	962	454	SEA
1040	962	519	SEA
1042	962	438	SEA
1048	962	362	SEA
1049	962	331	SEA
1051	962	371	SEA
1053	962	401	SEA
1057	962	275	SEA
1059	962	377	SEA
1063	962	683	SDA
1064	962	790	SDA
1067	962	697	SEA
1069	962	39	SDA
1071	962	92	SDA
1074	962	128	SDA
1075	962	115	SDA
1090	962	580	SEA
1093	962	36	SEA
1099	962	5	SEA
1103	962	4	SEA
1105	962	251	SEA
1108	962	408	SEA
1112	962	447	SEA
1119	962	315	SEA
1127	962	374	SEA
1130	962	359	SEA
1132	962	360	SEA
1136	962	228	SEA
1140	962	769	SEA
1146	962	383	SEA
1149	962	375	SEA
1153	962	331	SDA
1154	962	271	SDA
1157	962	335	SDA
1164	962	541	SEA
1168	962	215	SEA
1181	962	379	SEA
1183	962	316	SEA
1188	962	743	SEA
1190	962	819	SEA
1200	962	336	SEA
1205	962	593	SEA
1209	962	574	SEA
1210	962	652	SEA
1214	962	716	SEA
1228	962	467	SDA
1239	962	639	SEA
1240	962	620	SEA
1243	962	646	SEA
1248	962	485	SEA
1252	962	499	SEA
1255	962	720	SEA
1257	962	760	SEA
1264	962	947	SEA
1265	962	894	SEA
1275	962	716	SEA
1278	962	751	SEA
1279	962	751	SEA
1280	962	774	SEA
1284	962	784	SEA
1289	962	774	SEA
1295	962	713	SEA
1296	962	713	SEA
1301	962	558	SEA
1306	962	463	SEA
1308	962	534	SEA
1312	962	497	SEA
1319	962	451	SEA
