363	169	165	SEA
392	169	739	SEA
408	169	683	SEA
409	169	629	SEA
414	169	113	SEA
421	169	372	SEA
422	169	367	SEA
435	169	106	SEA
439	169	140	SEA
448	169	570	SEA
453	169	478	SEA
458	169	219	SEA
463	169	287	SEA
490	169	15	SEA
494	169	102	SEA
500	169	6	SEA
507	169	609	SEA
512	169	453	SEA
520	169	407	SEA
529	169	382	SEA
536	169	405	SEA
542	169	436	SEA
543	169	436	SEA
549	169	276	SEA
554	169	313	SEA
564	169	276	SEA
568	169	311	SEA
578	169	441	SEA
593	169	421	SEA
596	169	392	SEA
606	169	473	SEA
607	169	456	SEA
610	169	381	SEA
623	169	504	SEA
624	169	495	SEA
654	169	386	SEA
684	169	594	SEA
694	169	545	SEA
701	169	165	SEA
710	169	796	SEA
718	169	283	SEA
720	169	218	SEA
727	169	568	SEA
729	169	573	SEA
757	169	271	SEA
760	169	497	SEA
761	169	492	SEA
765	169	332	SEA
768	169	304	SEA
770	169	264	SEA
771	169	237	SEA
772	169	237	SEA
773	169	467	SEA
774	169	472	SEA
775	169	472	SEA
778	169	887	SEA
779	169	857	SEA
783	169	759	SEA
791	169	213	SEA
798	169	199	SEA
801	169	205	SEA
804	169	384	SEA
808	169	417	SEA
810	169	453	SEA
819	169	563	SEA
834	169	585	SEA
840	169	340	SEA
847	169	248	SDA
853	169	244	SDA
859	169	361	SEA
863	169	415	SEA
871	169	157	SEA
876	169	718	SEA
887	169	5	SEA
889	169	10	SEA
893	169	12	SEA
895	169	8	SEA
901	169	368	SEA
908	169	160	SEA
918	169	378	SEA
920	169	343	SEA
922	169	376	SEA
923	169	337	SEA
924	169	469	SEA
926	169	513	SEA
932	169	167	SEA
933	169	213	SEA
936	169	164	SEA
937	169	199	SEA
940	169	419	SEA
941	169	734	SEA
943	169	765	SEA
944	169	636	SEA
950	169	207	SEA
952	169	220	SEA
953	169	205	SEA
965	169	439	SEA
967	169	355	SEA
972	169	294	SEA
986	169	291	SEA
987	169	177	SEA
989	169	398	SEA
992	169	487	SEA
1000	169	48	SEA
1006	169	185	SEA
1007	169	185	SEA
1008	169	577	SEA
1010	169	592	SEA
1013	169	408	SEA
1014	169	434	SEA
1016	169	529	SEA
1019	169	535	SEA
1023	169	238	SEA
1026	169	330	SEA
1028	169	277	SEA
1033	169	121	SEA
1037	169	697	SEA
1040	169	652	SEA
1042	169	102	SEA
1048	169	143	SEA
1049	169	82	SDA
1051	169	128	SDA
1053	169	74	SDA
1057	169	131	SEA
1059	169	184	SEA
1063	169	171	SDA
1064	169	123	SDA
1067	169	332	SEA
1069	169	248	SEA
1071	169	689	SEA
1074	169	447	SEA
1075	169	359	SEA
1090	169	749	SEA
1093	169	658	SEA
1099	169	668	SEA
1103	169	723	SEA
1105	169	684	SEA
1108	169	180	SEA
1112	169	295	SEA
1119	169	770	SEA
1127	169	530	SEA
1130	169	559	SEA
1132	169	466	SEA
1136	169	32	SEA
1140	169	507	SEA
1146	169	416	SEA
1149	169	581	SEA
1153	169	474	SEA
1154	169	445	SEA
1157	169	409	SEA
1164	169	699	SEA
1168	169	604	SEA
1181	169	469	SEA
1183	169	473	SEA
1188	169	451	SEA
1190	169	523	SEA
1200	169	778	SEA
1205	169	900	SEA
1209	169	308	SEA
1210	169	269	SEA
1214	169	288	SEA
1228	169	850	SEA
1239	169	811	SEA
1240	169	811	SEA
1243	169	839	SEA
1248	169	734	SEA
1252	169	707	SEA
1255	169	713	SEA
1257	169	721	SEA
1264	169	666	SEA
1265	169	618	SEA
1275	169	622	SEA
1278	169	714	SEA
1279	169	714	SEA
1280	169	732	SEA
1284	169	552	SEA
1289	169	567	SEA
1295	169	679	SEA
1296	169	679	SEA
1301	169	489	SEA
1306	169	902	SEA
1308	169	774	SEA
1312	169	863	SEA
1319	169	282	SEA
