363	103	713	SEA
375	103	762	SEA
385	103	465	SEA
392	103	445	SEA
395	103	413	SEA
408	103	379	SEA
409	103	974	SEA
414	103	984	SEA
421	103	493	SEA
422	103	495	SEA
435	103	558	SEA
436	103	618	SEA
439	103	1074	SEA
441	103	1122	SEA
448	103	704	SDA
457	103	730	SEA
458	103	679	SEA
463	103	719	SEA
465	103	692	SEA
490	103	489	SEA
492	103	469	SEA
494	103	495	SEA
500	103	501	SEA
507	103	891	SEA
508	103	871	SEA
513	103	1002	SEA
516	103	1040	SEA
517	103	999	SEA
520	103	1179	SEA
529	103	590	SEA
531	103	562	SEA
536	103	545	SEA
541	103	608	SEA
542	103	606	SEA
543	103	606	SEA
549	103	997	SEA
554	103	550	SEA
558	103	469	SEA
564	103	431	SEA
566	103	434	SEA
568	103	391	SEA
578	103	811	SEA
593	103	897	SEA
596	103	425	SEA
597	103	414	SEA
606	103	191	SEA
607	103	173	SEA
615	103	783	SEA
623	103	776	SEA
624	103	787	SEA
629	103	868	SEA
630	103	868	SEA
637	103	891	SEA
654	103	1057	SEA
663	103	773	SEA
667	103	725	SEA
673	103	741	SEA
684	103	989	SEA
692	103	681	SEA
694	103	626	SEA
701	103	608	SEA
710	103	838	SEA
718	103	899	SEA
720	103	894	SEA
727	103	1021	SEA
729	103	1033	SEA
739	103	1000	SEA
740	103	972	SEA
745	103	741	SEA
749	103	707	SEA
750	103	729	SEA
751	103	729	SEA
757	103	826	SEA
759	103	886	SEA
760	103	868	SEA
761	103	1277	SEA
765	103	1278	SEA
768	103	1329	SEA
770	103	1272	SEA
771	103	1297	SEA
772	103	1297	SEA
773	103	1322	SEA
774	103	1239	SEA
778	103	1023	SEA
779	103	1012	SEA
783	103	1002	SEA
791	103	1043	SEA
798	103	1001	SEA
801	103	1078	SEA
804	103	998	SEA
808	103	980	SEA
810	103	1018	SEA
819	103	649	SEA
834	103	866	SEA
840	103	736	SEA
847	103	795	SEA
853	103	956	SEA
859	103	891	SEA
863	103	891	SEA
871	103	926	SEA
876	103	935	SEA
887	103	593	SEA
889	103	670	SEA
893	103	812	SEA
895	103	877	SEA
901	103	855	SEA
908	103	892	SEA
918	103	873	SEA
920	103	891	SEA
922	103	923	SEA
923	103	845	SEA
924	103	799	SEA
926	103	867	SEA
932	103	886	SEA
933	103	866	SEA
936	103	805	SEA
937	103	790	SEA
940	103	804	SEA
941	103	732	SEA
943	103	712	SEA
944	103	720	SEA
950	103	597	SEA
952	103	607	SEA
953	103	557	SEA
965	103	911	SEA
967	103	627	SEA
972	103	554	SEA
986	103	729	SEA
987	103	766	SEA
989	103	776	SEA
992	103	1026	SEA
1000	103	698	SEA
1006	103	509	SEA
1007	103	509	SEA
1008	103	492	SEA
1010	103	548	SEA
1013	103	455	SEA
1014	103	993	SEA
1016	103	996	SEA
1019	103	1031	SEA
1023	103	688	SEA
1026	103	709	SEA
1028	103	731	SEA
1033	103	684	SEA
1037	103	1114	SEA
1040	103	1180	SEA
1042	103	1110	SEA
1048	103	37	SDA
1049	103	27	SEA
1051	103	70	SEA
1053	103	81	SEA
1057	103	85	SDA
1059	103	126	SDA
1063	103	92	SDA
1064	103	84	SDA
1067	103	32	SDA
1069	103	10	SDA
1071	103	506	SDA
1074	103	549	SDA
1075	103	562	SDA
1090	103	779	SEA
1093	103	520	SDA
1099	103	551	SDA
1103	103	593	SDA
1105	103	616	SDA
1108	103	589	SDA
1112	103	508	SDA
1119	103	768	SEA
1127	103	458	SEA
1130	103	622	SEA
1132	103	579	SEA
1136	103	1528	SEA
1140	103	1684	SEA
1146	103	319	SDA
1149	103	272	SEA
1153	103	337	SEA
1154	103	259	SEA
1157	103	269	SEA
1164	103	252	SEA
1168	103	74	SEA
1181	103	789	SEA
1183	103	807	SEA
1188	103	755	SDA
1190	103	827	SDA
1200	103	762	SEA
1205	103	769	SEA
1209	103	891	SEA
1210	103	855	SEA
1214	103	888	SDA
1228	103	1015	SEA
1239	103	782	SEA
1240	103	790	SEA
1243	103	805	SEA
1248	103	771	SEA
1252	103	884	SEA
1255	103	943	SEA
1256	103	1004	SEA
1257	103	1004	SEA
1264	103	874	SEA
1265	103	918	SEA
1267	103	703	SEA
1275	103	762	SEA
1278	103	788	SEA
1279	103	788	SEA
1280	103	805	SEA
1284	103	1127	SEA
1289	103	1098	SEA
1295	103	954	SEA
1296	103	954	SEA
1301	103	929	SEA
1306	103	946	SEA
1308	103	983	SEA
1312	103	969	SEA
1319	103	973	SEA
