363	133	830	SEA
375	133	550	SEA
408	133	937	SEA
409	133	881	SEA
414	133	481	SEA
421	133	590	SEA
422	133	511	SEA
435	133	833	SEA
439	133	481	SEA
458	133	1079	SEA
463	133	1120	SEA
465	133	1036	SEA
494	133	753	SEA
517	133	709	SEA
529	133	678	SEA
542	133	866	SEA
543	133	866	SEA
549	133	805	SEA
554	133	691	SEA
568	133	285	SEA
593	133	554	SEA
606	133	457	SEA
607	133	480	SEA
623	133	375	SEA
684	133	696	SEA
694	133	931	SEA
710	133	870	SEA
718	133	762	SEA
729	133	688	SEA
757	133	610	SEA
760	133	604	SEA
761	133	616	SEA
765	133	588	SEA
768	133	873	SEA
771	133	893	SEA
775	133	878	SEA
778	133	824	SEA
791	133	949	SDA
801	133	1115	SEA
804	133	408	SEA
808	133	377	SEA
810	133	356	SEA
819	133	322	SEA
834	133	890	SEA
840	133	813	SEA
847	133	930	SEA
853	133	592	SDA
859	133	528	SDA
863	133	534	SEA
871	133	816	SEA
876	133	760	SEA
887	133	662	SEA
889	133	636	SEA
893	133	705	SEA
895	133	706	SEA
901	133	693	SEA
908	133	648	SEA
918	133	1069	SEA
920	133	1052	SEA
922	133	1071	SEA
923	133	881	SEA
924	133	889	SEA
926	133	857	SEA
932	133	906	SDA
933	133	915	SDA
936	133	912	SDA
937	133	812	SDA
940	133	653	SEA
941	133	584	SEA
943	133	511	SEA
944	133	572	SEA
950	133	521	SEA
952	133	609	SEA
953	133	550	SEA
965	133	959	SEA
967	133	877	SEA
972	133	827	SEA
986	133	826	SEA
987	133	815	SEA
989	133	388	SEA
992	133	520	SEA
1000	133	624	SEA
1006	133	670	SEA
1007	133	670	SEA
1008	133	593	SEA
1010	133	567	SEA
1013	133	388	SEA
1014	133	404	SEA
1016	133	362	SEA
1019	133	281	SEA
1023	133	197	SEA
1026	133	1052	SEA
1028	133	1015	SEA
1033	133	140	SEA
1037	133	108	SDA
1040	133	60	SDA
1042	133	185	SDA
1048	133	92	SEA
1049	133	77	SEA
1051	133	327	SEA
1053	133	311	SEA
1057	133	1057	SDA
1059	133	717	SDA
1063	133	551	SDA
1064	133	579	SDA
1067	133	567	SEA
1069	133	587	SEA
1071	133	525	SEA
1074	133	480	SEA
1075	133	424	SEA
1090	133	954	SEA
1093	133	384	SDA
1099	133	481	SDA
1103	133	407	SDA
1105	133	315	SDA
1108	133	295	SDA
1112	133	734	SDA
1119	133	216	SDA
1127	133	377	SEA
1130	133	501	SEA
1132	133	514	SEA
1136	133	639	SEA
1140	133	531	SEA
1146	133	442	SDA
1149	133	430	SDA
1153	133	484	SDA
1154	133	445	SDA
1157	133	548	SDA
1164	133	660	SDA
1168	133	425	SDA
1181	133	569	SDA
1183	133	532	SDA
1188	133	627	SDA
1190	133	569	SEA
1200	133	540	SEA
1205	133	1104	SEA
1209	133	1121	SEA
1210	133	997	SEA
1214	133	908	SEA
1228	133	374	SEA
1239	133	450	SEA
1240	133	507	SEA
1243	133	564	SEA
1248	133	978	SEA
1252	133	893	SEA
1255	133	670	SDA
1257	133	571	SDA
1264	133	571	SEA
1265	133	586	SEA
1275	133	434	SEA
1278	133	606	SEA
1280	133	566	SEA
1284	133	786	SEA
1295	133	148	SDA
1296	133	148	SDA
1301	133	105	SDA
1306	133	766	SEA
1308	133	744	SEA
1312	133	530	SEA
1319	133	301	SEA
