363	43	617	SEA
375	43	490	SEA
385	43	335	SDA
408	43	748	SEA
409	43	836	SEA
421	43	717	SDA
422	43	672	SEA
435	43	709	SEA
439	43	798	SEA
448	43	706	SDA
458	43	687	SEA
463	43	47	SDA
490	43	179	SEA
494	43	261	SEA
507	43	475	SEA
529	43	202	SEA
542	43	549	SEA
554	43	1492	SEA
558	43	1382	SEA
568	43	809	SEA
593	43	803	SEA
596	43	789	SEA
606	43	940	SEA
607	43	1017	SEA
615	43	811	SEA
623	43	879	SEA
624	43	790	SEA
652	43	1213	SEA
654	43	1174	SEA
663	43	881	SEA
667	43	975	SEA
692	43	985	SEA
694	43	1033	SEA
710	43	608	SEA
718	43	608	SEA
720	43	678	SEA
727	43	606	SEA
729	43	1053	SEA
757	43	1199	SEA
760	43	1148	SEA
761	43	1127	SEA
768	43	1059	SEA
770	43	974	SEA
771	43	979	SEA
772	43	979	SEA
773	43	1020	SEA
774	43	1030	SEA
778	43	901	SEA
791	43	1020	SEA
798	43	1026	SEA
801	43	995	SEA
804	43	983	SEA
808	43	863	SEA
810	43	792	SEA
819	43	747	SEA
834	43	921	SEA
840	43	1101	SEA
847	43	1187	SEA
853	43	643	SEA
859	43	585	SEA
863	43	686	SEA
871	43	1002	SEA
876	43	1003	SEA
887	43	1021	SEA
889	43	1066	SEA
893	43	962	SEA
895	43	934	SEA
901	43	669	SEA
908	43	615	SEA
918	43	734	SEA
920	43	713	SEA
922	43	1014	SEA
923	43	961	SEA
924	43	1037	SEA
926	43	947	SEA
932	43	1032	SEA
933	43	944	SEA
936	43	1022	SEA
937	43	1031	SEA
940	43	1074	SEA
941	43	1117	SEA
943	43	1068	SEA
944	43	1043	SEA
950	43	877	SEA
952	43	1011	SEA
953	43	1062	SEA
965	43	856	SEA
967	43	853	SEA
972	43	760	SEA
986	43	848	SEA
987	43	885	SEA
989	43	868	SEA
992	43	790	SEA
1000	43	1388	SEA
1006	43	584	SEA
1007	43	584	SEA
1008	43	621	SEA
1010	43	682	SEA
1013	43	561	SEA
1014	43	543	SEA
1016	43	597	SEA
1019	43	588	SEA
1023	43	588	SEA
1026	43	562	SEA
1028	43	605	SEA
1033	43	901	SEA
1037	43	969	SEA
1040	43	1036	SEA
1042	43	692	SEA
1048	43	645	SEA
1049	43	587	SEA
1051	43	549	SEA
1053	43	557	SEA
1057	43	479	SEA
1059	43	877	SEA
1063	43	898	SEA
1064	43	801	SEA
1067	43	756	SEA
1069	43	695	SEA
1071	43	1052	SEA
1074	43	1080	SEA
1075	43	1089	SEA
1090	43	596	SEA
1093	43	551	SEA
1099	43	505	SEA
1103	43	495	SEA
1105	43	544	SEA
1108	43	614	SEA
1112	43	1083	SEA
1119	43	790	SEA
1127	43	417	SEA
1130	43	1253	SEA
1132	43	1132	SEA
1136	43	1128	SEA
1140	43	689	SEA
1146	43	794	SEA
1149	43	796	SEA
1153	43	1016	SEA
1154	43	963	SEA
1157	43	1065	SEA
1164	43	787	SEA
1168	43	785	SEA
1181	43	1257	SEA
1183	43	1225	SEA
1188	43	1234	SEA
1190	43	1258	SEA
1200	43	376	SEA
1205	43	329	SEA
1209	43	401	SEA
1210	43	335	SEA
1214	43	871	SEA
1228	43	1048	SEA
1239	43	802	SEA
1240	43	763	SEA
1243	43	767	SEA
1248	43	789	SEA
1252	43	832	SEA
1255	43	931	SEA
1257	43	905	SEA
1264	43	857	SEA
1265	43	872	SEA
1275	43	1765	SEA
1278	43	1794	SEA
1280	43	1831	SEA
1284	43	894	SEA
1295	43	875	SEA
1296	43	875	SEA
1301	43	892	SEA
1306	43	808	SEA
1308	43	750	SEA
1312	43	817	SEA
1319	43	1120	SEA
