363	329	479	SEA
375	329	280	SEA
385	329	297	SEA
395	329	303	SEA
408	329	446	SEA
409	329	481	SEA
421	329	339	SEA
422	329	338	SEA
435	329	333	SEA
439	329	249	SEA
448	329	390	SEA
450	329	345	SEA
453	329	395	SEA
458	329	200	SEA
463	329	479	SEA
465	329	191	SEA
494	329	427	SEA
507	329	71	SEA
512	329	289	SEA
520	329	475	SEA
529	329	720	SEA
541	329	660	SEA
543	329	639	SEA
549	329	243	SEA
554	329	480	SEA
568	329	419	SEA
578	329	315	SEA
593	329	419	SEA
596	329	434	SEA
606	329	455	SEA
607	329	520	SEA
615	329	351	SEA
624	329	432	SEA
629	329	328	SEA
630	329	328	SEA
637	329	534	SEA
672	329	480	SEA
692	329	482	SEA
694	329	467	SEA
710	329	337	SEA
718	329	408	SEA
720	329	369	SEA
727	329	1082	SEA
729	329	414	SEA
739	329	479	SEA
740	329	486	SEA
749	329	359	SEA
751	329	358	SEA
757	329	311	SEA
759	329	316	SEA
760	329	444	SEA
761	329	439	SEA
765	329	248	SEA
768	329	284	SEA
771	329	346	SEA
772	329	346	SEA
773	329	393	SEA
774	329	380	SEA
775	329	380	SEA
778	329	385	SEA
783	329	439	SEA
791	329	354	SEA
798	329	1137	SEA
801	329	1111	SEA
804	329	619	SEA
808	329	1070	SEA
810	329	436	SEA
819	329	438	SEA
834	329	376	SEA
840	329	1199	SEA
847	329	1118	SEA
853	329	437	SEA
859	329	386	SEA
863	329	559	SEA
871	329	382	SEA
876	329	496	SEA
887	329	1143	SDA
889	329	454	SDA
893	329	423	SDA
895	329	497	SEA
901	329	584	SEA
908	329	346	SEA
918	329	325	SEA
920	329	333	SEA
922	329	268	SEA
923	329	266	SEA
924	329	210	SEA
926	329	464	SEA
932	329	435	SEA
933	329	465	SEA
936	329	599	SEA
937	329	447	SDA
940	329	451	SDA
941	329	466	SDA
943	329	1102	SDA
944	329	449	SDA
950	329	471	SEA
952	329	376	SEA
953	329	455	SEA
965	329	433	SEA
967	329	394	SEA
972	329	491	SEA
986	329	376	SEA
987	329	432	SEA
989	329	381	SEA
992	329	473	SEA
1000	329	419	SEA
1006	329	488	SEA
1007	329	488	SEA
1008	329	427	SEA
1010	329	447	SEA
1013	329	660	SEA
1014	329	599	SEA
1016	329	518	SEA
1019	329	542	SEA
1023	329	720	SEA
1026	329	541	SEA
1028	329	505	SEA
1033	329	492	SEA
1037	329	719	SEA
1040	329	496	SDA
1048	329	506	SDA
1049	329	332	SEA
1051	329	353	SDA
1053	329	363	SDA
1057	329	340	SDA
1059	329	565	SDA
1063	329	260	SDA
1064	329	247	SEA
1067	329	262	SDA
1069	329	341	SDA
1071	329	277	SDA
1074	329	305	SDA
1075	329	315	SDA
1090	329	312	SEA
1093	329	244	SEA
1099	329	287	SDA
1103	329	296	SDA
1105	329	553	SDA
1108	329	313	SEA
1112	329	351	SEA
1119	329	357	SDA
1127	329	224	SDA
1130	329	518	SDA
1132	329	520	SDA
1136	329	357	SDA
1140	329	395	SDA
1146	329	764	SEA
1149	329	810	SEA
1153	329	114	SEA
1154	329	109	SEA
1157	329	51	SEA
1164	329	77	SEA
1168	329	317	SDA
1181	329	390	SEA
1183	329	450	SDA
1188	329	479	SEA
1190	329	359	SEA
1200	329	287	SDA
1205	329	438	SEA
1209	329	509	SEA
1210	329	542	SEA
1214	329	452	SEA
1228	329	404	SEA
1239	329	659	SEA
1240	329	619	SEA
1243	329	447	SDA
1248	329	466	SDA
1252	329	492	SEA
1255	329	496	SDA
1257	329	476	SDA
1264	329	548	SEA
1265	329	1244	SEA
1275	329	660	SEA
1278	329	247	SEA
1280	329	247	SDA
1284	329	216	SDA
1295	329	560	SEA
1296	329	560	SEA
1301	329	535	SEA
1306	329	488	SEA
1308	329	506	SDA
1312	329	486	SDA
1319	329	491	SEA
