363	101	598	SEA
408	101	643	SEA
409	101	658	SEA
421	101	504	SDA
422	101	525	SDA
435	101	622	SEA
439	101	374	SEA
448	101	375	SEA
458	101	687	SEA
463	101	866	SEA
494	101	1007	SEA
529	101	535	SDA
543	101	685	SEA
549	101	380	SEA
554	101	279	SEA
568	101	478	SEA
593	101	536	SEA
606	101	328	SEA
607	101	285	SEA
629	101	377	SEA
637	101	498	SEA
654	101	636	SEA
694	101	622	SEA
710	101	619	SDA
718	101	725	SEA
727	101	838	SEA
729	101	834	SEA
751	101	647	SEA
757	101	765	SEA
759	101	763	SEA
760	101	821	SEA
765	101	939	SEA
768	101	969	SEA
770	101	876	SEA
771	101	887	SEA
772	101	887	SEA
774	101	878	SEA
778	101	810	SEA
791	101	482	SEA
798	101	549	SEA
801	101	513	SEA
804	101	458	SEA
808	101	805	SEA
810	101	775	SEA
819	101	929	SDA
834	101	566	SEA
840	101	591	SDA
847	101	719	SEA
853	101	692	SEA
859	101	824	SEA
863	101	761	SEA
871	101	653	SEA
876	101	714	SEA
887	101	770	SEA
889	101	798	SEA
893	101	688	SEA
895	101	755	SEA
901	101	576	SEA
908	101	780	SEA
918	101	435	SEA
920	101	440	SEA
922	101	466	SEA
923	101	482	SEA
924	101	481	SEA
926	101	467	SEA
932	101	442	SEA
933	101	390	SEA
936	101	421	SEA
937	101	402	SEA
940	101	465	SEA
941	101	451	SEA
943	101	698	SEA
944	101	671	SEA
950	101	169	SEA
952	101	162	SEA
953	101	203	SEA
965	101	423	SEA
967	101	412	SEA
972	101	391	SEA
986	101	592	SEA
987	101	557	SEA
989	101	564	SEA
992	101	514	SEA
1000	101	369	SEA
1006	101	865	SEA
1007	101	865	SEA
1008	101	873	SEA
1010	101	887	SEA
1013	101	136	SDA
1014	101	193	SDA
1016	101	209	SEA
1019	101	277	SEA
1023	101	152	SEA
1026	101	154	SDA
1028	101	156	SDA
1033	101	389	SEA
1037	101	375	SEA
1040	101	250	SEA
1042	101	838	SEA
1048	101	398	SEA
1049	101	418	SEA
1051	101	388	SEA
1053	101	394	SEA
1057	101	616	SEA
1059	101	559	SEA
1063	101	293	SEA
1064	101	300	SEA
1067	101	282	SEA
1069	101	308	SEA
1071	101	334	SEA
1074	101	271	SEA
1075	101	844	SEA
1090	101	707	SEA
1093	101	611	SDA
1099	101	284	SEA
1103	101	338	SEA
1105	101	270	SEA
1108	101	780	SEA
1112	101	194	SEA
1119	101	108	SEA
1127	101	379	SEA
1130	101	937	SEA
1132	101	958	SEA
1136	101	104	SDA
1140	101	130	SEA
1146	101	205	SEA
1149	101	598	SEA
1153	101	457	SEA
1154	101	466	SEA
1157	101	417	SEA
1164	101	419	SEA
1168	101	428	SEA
1181	101	715	SEA
1183	101	723	SEA
1188	101	694	SEA
1190	101	664	SEA
1200	101	618	SEA
1205	101	167	SEA
1209	101	154	SEA
1210	101	178	SEA
1214	101	214	SEA
1228	101	747	SEA
1239	101	514	SEA
1240	101	513	SEA
1243	101	479	SEA
1248	101	969	SEA
1252	101	252	SEA
1255	101	233	SEA
1257	101	200	SEA
1264	101	226	SEA
1265	101	199	SEA
1275	101	1074	SEA
1278	101	1085	SEA
1279	101	1085	SEA
1280	101	1067	SEA
1284	101	231	SEA
1295	101	220	SEA
1296	101	220	SEA
1301	101	329	SEA
1306	101	846	SEA
1308	101	300	SDA
1312	101	280	SEA
1319	101	402	SEA
