363	386	449	SEA
385	386	459	SEA
408	386	127	SDA
409	386	151	SDA
421	386	182	SDA
422	386	386	SEA
435	386	26	SEA
439	386	15	SDA
448	386	456	SEA
458	386	58	SEA
463	386	151	SEA
494	386	511	SEA
529	386	428	SEA
543	386	563	SEA
549	386	509	SEA
554	386	32	SEA
568	386	458	SEA
593	386	541	SEA
606	386	479	SEA
607	386	547	SEA
629	386	917	SEA
637	386	600	SEA
694	386	686	SEA
710	386	531	SEA
720	386	1098	SEA
727	386	1393	SEA
729	386	1471	SEA
751	386	489	SEA
757	386	269	SEA
759	386	225	SEA
760	386	180	SEA
761	386	192	SDA
765	386	851	SEA
768	386	799	SEA
770	386	884	SEA
771	386	861	SEA
772	386	861	SEA
774	386	813	SDA
778	386	778	SDA
791	386	1239	SEA
798	386	499	SEA
801	386	500	SEA
804	386	454	SEA
808	386	384	SEA
810	386	340	SEA
819	386	272	SDA
834	386	613	SEA
840	386	1058	SDA
847	386	1088	SEA
853	386	493	SDA
859	386	406	SEA
863	386	401	SDA
871	386	405	SDA
876	386	522	SEA
887	386	1162	SEA
889	386	1500	SEA
893	386	1216	SEA
895	386	1169	SEA
901	386	562	SEA
908	386	762	SEA
918	386	880	SEA
920	386	810	SEA
922	386	879	SEA
923	386	989	SEA
924	386	961	SEA
926	386	871	SEA
932	386	876	SEA
933	386	823	SEA
936	386	724	SEA
937	386	801	SEA
940	386	667	SEA
941	386	681	SEA
943	386	722	SEA
944	386	696	SEA
950	386	627	SEA
952	386	758	SEA
953	386	779	SEA
965	386	631	SEA
967	386	689	SEA
972	386	619	SEA
986	386	747	SEA
987	386	550	SEA
989	386	576	SEA
992	386	662	SEA
1000	386	512	SEA
1006	386	1081	SEA
1007	386	1081	SEA
1008	386	1023	SEA
1010	386	1031	SEA
1013	386	707	SEA
1014	386	647	SEA
1016	386	674	SEA
1019	386	629	SEA
1023	386	561	SEA
1026	386	527	SDA
1028	386	545	SEA
1033	386	557	SEA
1037	386	532	SEA
1040	386	553	SEA
1042	386	498	SEA
1048	386	884	SEA
1049	386	1005	SEA
1051	386	1014	SEA
1053	386	1029	SEA
1057	386	286	SEA
1059	386	372	SEA
1063	386	435	SEA
1064	386	418	SEA
1067	386	569	SEA
1069	386	513	SDA
1071	386	542	SEA
1074	386	473	SDA
1075	386	456	SDA
1090	386	491	SEA
1093	386	513	SEA
1099	386	437	SEA
1103	386	210	SEA
1105	386	129	SEA
1108	386	474	SEA
1112	386	708	SEA
1119	386	227	SEA
1127	386	365	SEA
1130	386	694	SEA
1132	386	652	SEA
1136	386	349	SEA
1140	386	643	SEA
1146	386	399	SEA
1149	386	428	SEA
1153	386	320	SEA
1154	386	319	SEA
1157	386	391	SEA
1164	386	174	SEA
1168	386	273	SEA
1181	386	908	SEA
1183	386	887	SEA
1188	386	77	SEA
1190	386	238	SEA
1200	386	3	SEA
1205	386	30	SEA
1209	386	34	SEA
1210	386	129	SEA
1214	386	368	SEA
1228	386	458	SEA
1239	386	601	SEA
1240	386	622	SEA
1243	386	658	SEA
1248	386	842	SEA
1252	386	1002	SEA
1255	386	947	SEA
1257	386	315	SEA
1264	386	335	SEA
1265	386	341	SEA
1275	386	571	SEA
1278	386	719	SEA
1279	386	719	SEA
1280	386	720	SEA
1284	386	821	SEA
1289	386	327	SEA
1295	386	345	SEA
1296	386	345	SEA
1301	386	546	SEA
1306	386	841	SEA
1308	386	981	SEA
1312	386	831	SEA
1319	386	460	SEA
