363	315	698	SEA
375	315	1481	SEA
377	315	237	SEA
385	315	177	SEA
392	315	195	SEA
395	315	155	SEA
400	315	196	SEA
408	315	184	SEA
409	315	139	SEA
414	315	641	SEA
421	315	388	SEA
422	315	414	SEA
425	315	73	SEA
427	315	22	SEA
435	315	163	SEA
439	315	184	SEA
441	315	405	SEA
448	315	88	SEA
450	315	66	SEA
453	315	55	SEA
457	315	397	SEA
458	315	367	SEA
463	315	633	SEA
465	315	662	SEA
490	315	549	SEA
492	315	571	SEA
494	315	197	SEA
500	315	101	SEA
501	315	77	SDA
505	315	331	SEA
507	315	276	SEA
508	315	352	SEA
512	315	303	SEA
513	315	376	SEA
516	315	156	SEA
517	315	160	SEA
529	315	168	SDA
531	315	191	SDA
536	315	366	SEA
541	315	349	SDA
542	315	354	SEA
543	315	354	SEA
549	315	405	SEA
554	315	120	SEA
558	315	159	SEA
564	315	399	SEA
566	315	269	SEA
568	315	325	SEA
570	315	335	SEA
578	315	421	SEA
593	315	496	SEA
596	315	540	SEA
597	315	327	SEA
606	315	205	SEA
607	315	256	SEA
610	315	301	SEA
615	315	393	SEA
623	315	348	SEA
624	315	360	SEA
629	315	178	SEA
630	315	178	SEA
637	315	264	SEA
652	315	148	SEA
654	315	150	SEA
663	315	181	SEA
667	315	255	SEA
672	315	322	SEA
673	315	277	SEA
684	315	565	SEA
692	315	533	SEA
694	315	519	SEA
701	315	406	SEA
710	315	521	SEA
718	315	546	SEA
720	315	566	SEA
727	315	874	SEA
729	315	902	SEA
735	315	898	SEA
736	315	894	SEA
739	315	270	SEA
740	315	290	SEA
745	315	156	SEA
749	315	160	SEA
750	315	190	SEA
751	315	190	SEA
757	315	486	SEA
759	315	483	SEA
760	315	467	SEA
761	315	467	SEA
765	315	488	SEA
768	315	462	SEA
770	315	462	SEA
771	315	455	SEA
772	315	455	SEA
773	315	446	SEA
774	315	423	SEA
775	315	423	SEA
778	315	809	SEA
779	315	802	SEA
783	315	776	SEA
784	315	776	SEA
791	315	670	SDA
798	315	662	SDA
801	315	742	SEA
804	315	598	SEA
808	315	845	SEA
810	315	509	SEA
819	315	318	SEA
834	315	323	SDA
840	315	436	SDA
847	315	717	SEA
853	315	659	SEA
859	315	633	SEA
863	315	691	SEA
871	315	659	SEA
876	315	675	SEA
887	315	593	SEA
889	315	568	SEA
893	315	563	SEA
895	315	562	SEA
901	315	657	SEA
908	315	861	SEA
918	315	397	SEA
920	315	403	SEA
922	315	377	SEA
923	315	358	SEA
924	315	373	SEA
926	315	424	SEA
932	315	549	SEA
933	315	543	SEA
936	315	556	SEA
937	315	1190	SEA
940	315	1170	SEA
941	315	1165	SEA
943	315	1073	SEA
944	315	1057	SEA
950	315	380	SDA
952	315	410	SEA
953	315	374	SEA
965	315	407	SEA
967	315	597	SEA
972	315	320	SDA
986	315	337	SEA
987	315	406	SEA
989	315	384	SEA
992	315	398	SEA
1000	315	299	SEA
1006	315	382	SEA
1007	315	382	SEA
1008	315	395	SEA
1010	315	418	SEA
1013	315	303	SEA
1014	315	271	SEA
1016	315	247	SEA
1019	315	513	SEA
1023	315	478	SEA
1026	315	341	SEA
1028	315	398	SEA
1033	315	215	SEA
1037	315	368	SEA
1040	315	406	SEA
1042	315	606	SEA
1048	315	431	SEA
1049	315	458	SEA
1051	315	404	SEA
1053	315	403	SEA
1057	315	621	SEA
1059	315	640	SEA
1063	315	418	SDA
1064	315	402	SEA
1067	315	466	SEA
1069	315	477	SEA
1071	315	456	SEA
1074	315	261	SEA
1075	315	247	SEA
1090	315	461	SEA
1093	315	433	SEA
1099	315	295	SEA
1103	315	333	SEA
1105	315	367	SEA
1108	315	304	SEA
1112	315	394	SEA
1119	315	71	SEA
1127	315	153	SEA
1130	315	206	SEA
1132	315	398	SEA
1136	315	406	SEA
1140	315	675	SEA
1146	315	450	SDA
1149	315	442	SEA
1153	315	343	SEA
1154	315	369	SEA
1157	315	333	SEA
1164	315	377	SEA
1168	315	309	SEA
1181	315	299	SEA
1183	315	127	SEA
1188	315	453	SEA
1190	315	424	SEA
1200	315	107	SEA
1205	315	627	SEA
1209	315	608	SEA
1210	315	647	SEA
1214	315	877	SDA
1228	315	1065	SDA
1239	315	435	SDA
1240	315	433	SDA
1243	315	433	SDA
1248	315	542	SDA
1252	315	542	SEA
1255	315	598	SEA
1256	315	622	SEA
1257	315	622	SEA
1264	315	557	SDA
1265	315	538	SEA
1267	315	468	SEA
1275	315	648	SEA
1278	315	674	SEA
1279	315	674	SEA
1280	315	684	SEA
1284	315	411	SEA
1289	315	376	SEA
1295	315	596	SEA
1296	315	596	SEA
1301	315	611	SEA
1306	315	515	SEA
1308	315	551	SEA
1312	315	535	SDA
1319	315	579	SEA
