363	50	597	SEA
375	50	344	SEA
395	50	398	SEA
408	50	571	SEA
409	50	510	SEA
421	50	188	SDA
435	50	373	SEA
439	50	412	SEA
453	50	444	SEA
463	50	692	SEA
490	50	433	SEA
494	50	420	SEA
516	50	588	SEA
529	50	587	SEA
542	50	733	SEA
549	50	496	SEA
554	50	460	SEA
568	50	610	SEA
593	50	775	SEA
606	50	449	SEA
607	50	515	SEA
623	50	326	SEA
624	50	495	SEA
663	50	696	SEA
694	50	681	SEA
710	50	536	SEA
718	50	377	SEA
729	50	432	SEA
757	50	532	SEA
760	50	670	SEA
761	50	648	SEA
768	50	750	SEA
771	50	554	SEA
774	50	539	SEA
778	50	631	SEA
791	50	922	SEA
798	50	676	SEA
801	50	615	SEA
804	50	768	SEA
808	50	586	SEA
810	50	617	SEA
819	50	693	SEA
834	50	608	SEA
840	50	617	SEA
847	50	495	SEA
853	50	454	SEA
859	50	481	SEA
863	50	507	SEA
871	50	571	SEA
876	50	537	SEA
887	50	785	SEA
889	50	820	SEA
893	50	869	SEA
895	50	660	SEA
901	50	652	SEA
908	50	894	SDA
918	50	581	SEA
920	50	603	SEA
922	50	672	SEA
923	50	495	SEA
924	50	511	SEA
926	50	509	SEA
932	50	536	SEA
933	50	469	SEA
936	50	375	SEA
937	50	356	SEA
940	50	303	SEA
941	50	302	SEA
943	50	600	SEA
944	50	566	SEA
950	50	186	SEA
952	50	112	SEA
953	50	102	SEA
965	50	489	SEA
967	50	539	SEA
972	50	444	SEA
986	50	501	SEA
987	50	499	SEA
992	50	411	SEA
1000	50	763	SEA
1006	50	561	SEA
1007	50	561	SEA
1008	50	613	SEA
1010	50	756	SEA
1013	50	839	SEA
1014	50	205	SEA
1016	50	467	SEA
1019	50	467	SEA
1023	50	495	SEA
1026	50	548	SEA
1028	50	618	SEA
1033	50	1006	SEA
1037	50	886	SEA
1040	50	864	SEA
1042	50	371	SEA
1048	50	615	SEA
1049	50	584	SEA
1051	50	615	SEA
1053	50	587	SEA
1057	50	594	SEA
1059	50	525	SEA
1063	50	752	SEA
1064	50	832	SEA
1067	50	874	SEA
1069	50	440	SEA
1071	50	424	SEA
1074	50	485	SEA
1075	50	821	SEA
1090	50	599	SEA
1093	50	619	SEA
1099	50	603	SEA
1103	50	971	SEA
1105	50	249	SEA
1108	50	500	SEA
1112	50	485	SEA
1119	50	443	SEA
1127	50	347	SEA
1130	50	653	SEA
1132	50	642	SEA
1136	50	532	SEA
1140	50	549	SEA
1146	50	657	SEA
1149	50	593	SEA
1153	50	457	SEA
1154	50	810	SEA
1157	50	735	SEA
1164	50	445	SEA
1168	50	689	SEA
1181	50	590	SEA
1183	50	598	SEA
1188	50	747	SEA
1190	50	787	SEA
1200	50	848	SEA
1205	50	761	SEA
1209	50	741	SEA
1210	50	680	SEA
1214	50	884	SEA
1228	50	1056	SEA
1239	50	898	SEA
1240	50	879	SEA
1243	50	908	SEA
1248	50	875	SEA
1252	50	981	SEA
1255	50	597	SEA
1257	50	517	SEA
1264	50	1140	SEA
1265	50	1140	SEA
1275	50	238	SEA
1278	50	310	SEA
1280	50	283	SEA
1284	50	305	SEA
1295	50	906	SEA
1296	50	906	SEA
1301	50	940	SEA
1306	50	699	SEA
1308	50	662	SEA
1312	50	708	SEA
1319	50	879	SEA
