363	87	283	SEA
375	87	306	SEA
377	87	331	SEA
385	87	362	SEA
392	87	286	SEA
396	87	295	SEA
400	87	357	SEA
408	87	473	SEA
409	87	472	SEA
421	87	413	SEA
422	87	371	SEA
427	87	269	SEA
432	87	166	SEA
435	87	214	SEA
439	87	375	SEA
441	87	379	SEA
448	87	265	SEA
453	87	413	SEA
458	87	502	SEA
463	87	345	SEA
465	87	395	SEA
490	87	319	SEA
492	87	356	SEA
494	87	291	SEA
500	87	335	SEA
507	87	545	SEA
508	87	596	SEA
512	87	364	SEA
513	87	383	SEA
516	87	351	SEA
517	87	388	SEA
520	87	227	SEA
529	87	532	SEA
531	87	613	SEA
536	87	632	SEA
541	87	671	SEA
542	87	691	SEA
543	87	691	SEA
549	87	76	SEA
554	87	174	SEA
564	87	176	SEA
566	87	88	SEA
568	87	101	SEA
570	87	117	SEA
578	87	420	SEA
593	87	578	SEA
596	87	678	SEA
597	87	579	SEA
606	87	416	SEA
607	87	436	SEA
610	87	468	SEA
615	87	537	SEA
623	87	485	SEA
629	87	631	SEA
630	87	631	SEA
637	87	749	SEA
654	87	274	SEA
663	87	510	SEA
667	87	501	SEA
673	87	500	SEA
684	87	843	SEA
692	87	234	SEA
694	87	272	SEA
701	87	314	SEA
710	87	519	SEA
718	87	531	SEA
720	87	451	SEA
727	87	493	SEA
729	87	596	SEA
735	87	619	SEA
736	87	824	SEA
739	87	867	SEA
740	87	877	SEA
745	87	899	SEA
749	87	1029	SEA
750	87	1096	SEA
751	87	1096	SEA
757	87	1193	SEA
759	87	1185	SEA
760	87	638	SEA
761	87	619	SEA
765	87	603	SEA
768	87	559	SEA
770	87	601	SEA
771	87	622	SEA
772	87	622	SEA
773	87	602	SEA
774	87	636	SEA
775	87	636	SEA
778	87	589	SEA
779	87	548	SEA
783	87	726	SEA
784	87	726	SEA
791	87	674	SEA
798	87	748	SEA
801	87	1080	SEA
804	87	1002	SEA
808	87	889	SEA
810	87	939	SEA
819	87	571	SEA
834	87	1105	SEA
840	87	424	SEA
847	87	589	SEA
853	87	588	SEA
859	87	684	SEA
863	87	632	SEA
871	87	533	SEA
876	87	246	SEA
887	87	964	SEA
889	87	870	SEA
893	87	4	SEA
895	87	2	SEA
901	87	138	SEA
908	87	18	SEA
918	87	205	SEA
920	87	204	SEA
922	87	110	SEA
923	87	11	SEA
924	87	38	SEA
926	87	57	SEA
932	87	821	SEA
933	87	814	SEA
936	87	216	SEA
937	87	299	SEA
940	87	348	SEA
941	87	369	SEA
943	87	352	SEA
944	87	314	SEA
950	87	608	SEA
952	87	153	SEA
953	87	54	SEA
965	87	790	SEA
967	87	109	SEA
972	87	53	SEA
986	87	204	SEA
987	87	222	SEA
989	87	462	SEA
992	87	320	SEA
1000	87	201	SEA
1006	87	470	SEA
1007	87	470	SEA
1008	87	377	SEA
1010	87	695	SEA
1013	87	614	SEA
1014	87	628	SEA
1016	87	369	SEA
1019	87	313	SEA
1023	87	324	SEA
1026	87	380	SEA
1028	87	449	SEA
1033	87	635	SEA
1037	87	673	SEA
1040	87	599	SEA
1042	87	486	SEA
1048	87	459	SEA
1049	87	360	SEA
1051	87	300	SEA
1053	87	321	SEA
1057	87	658	SEA
1059	87	917	SEA
1063	87	861	SEA
1064	87	870	SEA
1067	87	848	SEA
1069	87	834	SEA
1071	87	709	SEA
1074	87	443	SDA
1075	87	372	SDA
1090	87	208	SEA
1093	87	204	SEA
1099	87	255	SEA
1103	87	451	SEA
1105	87	360	SEA
1108	87	102	SEA
1112	87	191	SEA
1119	87	353	SEA
1127	87	254	SEA
1130	87	230	SEA
1132	87	259	SEA
1136	87	228	SEA
1140	87	487	SEA
1146	87	130	SEA
1149	87	35	SEA
1153	87	629	SEA
1154	87	576	SEA
1157	87	555	SEA
1164	87	156	SEA
1168	87	1160	SEA
1181	87	896	SEA
1183	87	966	SEA
1188	87	1064	SEA
1190	87	1030	SEA
1200	87	1014	SEA
1205	87	1305	SEA
1209	87	1281	SEA
1210	87	1294	SEA
1214	87	1462	SEA
1228	87	964	SEA
1239	87	804	SEA
1240	87	761	SEA
1243	87	855	SEA
1248	87	860	SEA
1252	87	839	SEA
1255	87	824	SEA
1256	87	849	SEA
1257	87	849	SEA
1264	87	783	SEA
1265	87	743	SEA
1267	87	960	SEA
1275	87	975	SEA
1278	87	923	SEA
1279	87	923	SEA
1280	87	946	SEA
1284	87	1113	SEA
1289	87	1104	SEA
1295	87	1105	SEA
1296	87	1105	SEA
1301	87	1291	SEA
1306	87	1288	SEA
1308	87	1313	SEA
1312	87	1379	SEA
1319	87	871	SEA
