363	89	520	SEA
385	89	932	SEA
395	89	337	SEA
408	89	809	SEA
409	89	786	SEA
414	89	214	SEA
421	89	156	SEA
422	89	187	SEA
435	89	217	SEA
439	89	214	SEA
448	89	63	SEA
450	89	914	SEA
453	89	405	SEA
458	89	528	SEA
463	89	597	SEA
465	89	533	SEA
490	89	550	SEA
494	89	477	SEA
500	89	593	SEA
507	89	804	SEA
508	89	805	SEA
516	89	341	SEA
517	89	294	SEA
520	89	367	SEA
529	89	522	SEA
531	89	545	SEA
536	89	578	SEA
541	89	342	SEA
543	89	343	SEA
549	89	781	SEA
554	89	830	SEA
568	89	36	SEA
570	89	19	SEA
578	89	320	SEA
593	89	272	SEA
606	89	310	SEA
607	89	300	SEA
629	89	476	SEA
630	89	476	SEA
637	89	857	SEA
667	89	687	SEA
672	89	682	SEA
692	89	899	SEA
694	89	910	SEA
710	89	314	SEA
718	89	1127	SEA
720	89	1059	SEA
727	89	578	SEA
729	89	551	SEA
740	89	643	SEA
749	89	902	SEA
750	89	937	SEA
751	89	937	SEA
757	89	877	SEA
759	89	889	SEA
760	89	991	SEA
761	89	993	SEA
765	89	944	SEA
768	89	653	SEA
770	89	612	SEA
771	89	558	SEA
772	89	558	SEA
773	89	529	SEA
774	89	543	SEA
775	89	543	SEA
778	89	539	SEA
779	89	556	SEA
783	89	553	SEA
798	89	957	SEA
801	89	877	SEA
804	89	883	SEA
808	89	833	SEA
810	89	782	SEA
819	89	801	SEA
840	89	957	SEA
847	89	920	SEA
853	89	528	SEA
859	89	522	SEA
863	89	600	SEA
871	89	695	SEA
876	89	1157	SEA
887	89	1544	SEA
889	89	1513	SEA
893	89	1454	SEA
895	89	1519	SEA
901	89	8	SEA
908	89	12	SEA
918	89	106	SEA
920	89	110	SEA
922	89	107	SEA
923	89	117	SEA
924	89	1003	SEA
926	89	589	SEA
932	89	624	SEA
933	89	603	SEA
936	89	741	SEA
937	89	695	SEA
940	89	663	SEA
941	89	1091	SEA
943	89	1084	SEA
944	89	1066	SEA
950	89	1064	SEA
952	89	308	SEA
953	89	297	SEA
965	89	214	SEA
967	89	234	SEA
972	89	107	SEA
986	89	97	SEA
987	89	127	SEA
989	89	131	SEA
992	89	226	SEA
1000	89	226	SEA
1006	89	68	SEA
1007	89	68	SEA
1008	89	34	SEA
1010	89	21	SEA
1013	89	451	SEA
1014	89	440	SEA
1016	89	415	SEA
1019	89	57	SEA
1023	89	831	SEA
1026	89	194	SEA
1028	89	171	SEA
1033	89	235	SEA
1037	89	557	SEA
1040	89	579	SEA
1042	89	303	SEA
1048	89	32	SEA
1049	89	86	SEA
1051	89	641	SEA
1053	89	603	SEA
1057	89	544	SEA
1059	89	296	SEA
1063	89	302	SEA
1064	89	268	SEA
1067	89	287	SEA
1069	89	303	SEA
1071	89	319	SEA
1074	89	291	SEA
1075	89	284	SEA
1090	89	210	SEA
1093	89	179	SEA
1103	89	574	SDA
1105	89	566	SDA
1108	89	492	SDA
1112	89	570	SEA
1119	89	527	SEA
1130	89	278	SEA
1132	89	294	SEA
1136	89	241	SEA
1140	89	429	SEA
1146	89	912	SEA
1149	89	165	SDA
1153	89	117	SEA
1154	89	109	SEA
1157	89	107	SEA
1164	89	238	SEA
1168	89	246	SEA
1181	89	70	SDA
1183	89	72	SDA
1188	89	87	SEA
1190	89	65	SEA
1200	89	103	SDA
1205	89	13	SEA
1209	89	115	SEA
1210	89	111	SEA
1214	89	8	SEA
1228	89	441	SEA
1239	89	760	SEA
1240	89	1452	SEA
1243	89	1494	SEA
1248	89	1537	SEA
1255	89	1101	SDA
1257	89	1164	SDA
1264	89	1157	SDA
1265	89	1141	SDA
1275	89	1110	SEA
1278	89	1120	SDA
1280	89	1114	SDA
1284	89	1147	SEA
1295	89	1139	SEA
1296	89	1139	SEA
1301	89	1219	SEA
1306	89	1282	SEA
1308	89	1291	SEA
1312	89	1194	SEA
1319	89	897	SDA
