363	83	893	SEA
408	83	714	SEA
409	83	680	SEA
421	83	732	SEA
422	83	670	SEA
435	83	463	SEA
439	83	424	SEA
448	83	548	SEA
458	83	736	SEA
463	83	643	SEA
494	83	453	SEA
512	83	818	SEA
529	83	895	SEA
543	83	642	SEA
549	83	516	SEA
554	83	654	SEA
568	83	575	SEA
593	83	913	SEA
606	83	791	SEA
607	83	834	SEA
629	83	716	SEA
637	83	853	SEA
694	83	634	SEA
710	83	675	SEA
720	83	885	SEA
727	83	683	SEA
729	83	723	SEA
751	83	824	SEA
757	83	584	SEA
759	83	601	SEA
760	83	603	SEA
761	83	648	SEA
765	83	849	SEA
768	83	837	SEA
770	83	543	SEA
771	83	531	SEA
772	83	531	SEA
774	83	542	SEA
778	83	736	SEA
791	83	751	SEA
798	83	738	SEA
801	83	694	SEA
804	83	695	SEA
808	83	730	SEA
810	83	708	SEA
819	83	777	SEA
834	83	671	SEA
840	83	926	SEA
847	83	602	SEA
853	83	897	SEA
859	83	849	SEA
863	83	589	SEA
871	83	782	SEA
876	83	1643	SEA
887	83	807	SEA
889	83	872	SEA
893	83	851	SEA
895	83	838	SEA
901	83	850	SEA
908	83	774	SEA
918	83	780	SEA
920	83	783	SEA
922	83	720	SEA
923	83	749	SEA
924	83	754	SEA
926	83	718	SEA
932	83	150	SEA
933	83	102	SEA
936	83	713	SEA
937	83	652	SEA
940	83	617	SEA
941	83	654	SEA
943	83	680	SEA
944	83	741	SEA
950	83	939	SEA
952	83	1034	SEA
953	83	994	SEA
965	83	779	SEA
967	83	1000	SEA
972	83	819	SEA
986	83	1011	SEA
992	83	1674	SEA
1000	83	1668	SEA
1006	83	806	SEA
1007	83	806	SEA
1008	83	818	SEA
1010	83	801	SEA
1013	83	819	SEA
1014	83	767	SEA
1016	83	806	SEA
1019	83	898	SEA
1026	83	1981	SEA
1028	83	1992	SEA
1033	83	1954	SEA
1037	83	1996	SEA
1040	83	766	SEA
1042	83	742	SEA
1048	83	739	SEA
1049	83	703	SEA
1051	83	661	SEA
1053	83	704	SEA
1057	83	905	SEA
1059	83	153	SEA
1063	83	492	SEA
1064	83	507	SEA
1067	83	745	SEA
1069	83	718	SEA
1071	83	844	SEA
1074	83	866	SEA
1075	83	403	SEA
1090	83	531	SEA
1093	83	541	SEA
1099	83	664	SEA
1103	83	589	SEA
1105	83	1970	SEA
1108	83	1996	SEA
1112	83	1982	SEA
1119	83	634	SEA
1127	83	1148	SEA
1130	83	780	SEA
1132	83	12	SEA
1136	83	222	SEA
1140	83	437	SEA
1146	83	728	SEA
1149	83	819	SEA
1153	83	633	SEA
1154	83	677	SEA
1157	83	564	SEA
1164	83	860	SEA
1168	83	82	SEA
1181	83	274	SEA
1183	83	310	SEA
1188	83	275	SEA
1190	83	1081	SEA
1200	83	928	SEA
1205	83	840	SEA
1209	83	753	SEA
1210	83	711	SEA
1214	83	1106	SEA
1228	83	698	SEA
1239	83	707	SEA
1240	83	770	SEA
1243	83	723	SEA
1248	83	458	SEA
1252	83	659	SEA
1255	83	742	SEA
1257	83	752	SEA
1264	83	998	SEA
1265	83	2227	SEA
1275	83	1093	SEA
1278	83	1128	SEA
1279	83	1128	SEA
1280	83	1137	SEA
1284	83	1109	SEA
