363	85	549	SEA
385	85	370	SEA
392	85	208	SEA
408	85	883	SEA
409	85	886	SEA
421	85	686	SEA
422	85	633	SEA
435	85	836	SEA
439	85	901	SEA
448	85	553	SEA
450	85	505	SEA
458	85	791	SEA
463	85	877	SEA
494	85	438	SEA
512	85	377	SEA
520	85	308	SEA
529	85	464	SEA
531	85	450	SEA
541	85	293	SEA
543	85	296	SEA
549	85	437	SEA
554	85	341	SEA
568	85	619	SEA
593	85	768	SEA
596	85	796	SEA
606	85	775	SEA
607	85	747	SEA
610	85	621	SEA
615	85	710	SEA
623	85	666	SEA
624	85	656	SEA
629	85	765	SEA
630	85	765	SEA
637	85	854	SEA
654	85	675	SEA
667	85	619	SEA
692	85	875	SEA
694	85	862	SEA
710	85	750	SEA
718	85	883	SEA
720	85	977	SEA
770	85	1716	SEA
771	85	1657	SEA
772	85	1657	SEA
774	85	1718	SEA
778	85	889	SEA
791	85	915	SEA
798	85	950	SEA
801	85	973	SEA
804	85	959	SEA
808	85	1041	SEA
810	85	971	SEA
819	85	938	SEA
834	85	825	SEA
840	85	946	SEA
847	85	906	SEA
853	85	939	SEA
859	85	1088	SEA
863	85	1032	SEA
871	85	965	SEA
876	85	1046	SEA
887	85	1031	SEA
889	85	1031	SEA
893	85	1025	SEA
895	85	1036	SEA
901	85	1028	SEA
908	85	1108	SEA
918	85	1125	SEA
920	85	1166	SEA
922	85	1103	SEA
923	85	1117	SEA
924	85	1093	SEA
926	85	1093	SEA
932	85	1125	SEA
933	85	1171	SEA
936	85	1173	SEA
937	85	1117	SEA
940	85	933	SEA
941	85	919	SEA
943	85	943	SEA
944	85	882	SEA
950	85	866	SEA
952	85	1033	SEA
953	85	1013	SEA
965	85	691	SEA
967	85	697	SEA
972	85	757	SEA
986	85	961	SEA
987	85	915	SEA
989	85	858	SEA
992	85	547	SEA
1000	85	625	SEA
1006	85	539	SEA
1007	85	539	SEA
1008	85	549	SEA
1010	85	584	SEA
1013	85	433	SEA
1014	85	439	SEA
1016	85	345	SEA
1019	85	784	SEA
1023	85	769	SEA
1026	85	672	SEA
1028	85	692	SEA
1033	85	1038	SEA
1037	85	1073	SEA
1040	85	376	SEA
1042	85	539	SEA
1048	85	559	SEA
1049	85	574	SEA
1051	85	551	SEA
1053	85	557	SEA
1057	85	671	SEA
1059	85	604	SEA
1063	85	658	SEA
1064	85	686	SEA
1067	85	587	SEA
1069	85	599	SEA
1071	85	559	SEA
1074	85	552	SEA
1075	85	490	SEA
1090	85	576	SDA
1093	85	637	SDA
1099	85	619	SEA
1103	85	103	SDA
1105	85	97	SDA
1108	85	125	SDA
1112	85	139	SEA
1119	85	757	SDA
1127	85	992	SDA
1130	85	1122	SEA
1132	85	565	SDA
1136	85	531	SDA
1140	85	545	SDA
1146	85	464	SDA
1149	85	884	SEA
1153	85	987	SEA
1154	85	1000	SEA
1157	85	497	SDA
1164	85	949	SDA
1168	85	1136	SEA
1181	85	840	SDA
1183	85	924	SDA
1188	85	1021	SDA
1190	85	1040	SDA
1200	85	932	SDA
1205	85	1048	SEA
1209	85	1067	SEA
1210	85	995	SEA
1214	85	1036	SEA
1228	85	1046	SEA
1239	85	1105	SEA
1240	85	1076	SEA
1243	85	1102	SEA
1248	85	1077	SEA
1252	85	1065	SEA
1255	85	1075	SEA
1257	85	1110	SEA
1264	85	1172	SEA
1265	85	1047	SEA
1275	85	1006	SEA
1278	85	1030	SEA
1280	85	1069	SEA
1284	85	975	SEA
1295	85	1177	SEA
1296	85	1177	SEA
1301	85	1233	SEA
1306	85	966	SEA
1308	85	990	SEA
1312	85	987	SEA
1319	85	1126	SEA
