363	155	911	SEA
408	155	698	SEA
409	155	667	SEA
421	155	649	SEA
422	155	639	SEA
435	155	618	SDA
439	155	508	SDA
448	155	795	SDA
458	155	359	SDA
463	155	485	SDA
494	155	583	SEA
529	155	77	SEA
543	155	635	SEA
549	155	578	SEA
554	155	553	SEA
568	155	1327	SEA
593	155	432	SEA
606	155	793	SEA
607	155	821	SEA
629	155	599	SEA
637	155	835	SEA
654	155	879	SEA
694	155	664	SEA
710	155	854	SEA
727	155	1020	SEA
729	155	1020	SEA
751	155	1006	SEA
757	155	1073	SEA
760	155	804	SEA
765	155	816	SEA
768	155	857	SEA
770	155	921	SEA
771	155	958	SEA
772	155	958	SEA
774	155	1078	SEA
778	155	864	SEA
791	155	670	SDA
798	155	719	SDA
801	155	714	SDA
804	155	473	SEA
808	155	332	SDA
810	155	193	SDA
819	155	717	SEA
834	155	615	SDA
840	155	688	SDA
847	155	749	SDA
853	155	809	SDA
859	155	708	SEA
863	155	663	SDA
871	155	602	SDA
876	155	1137	SEA
887	155	491	SDA
889	155	455	SDA
893	155	424	SDA
895	155	434	SDA
901	155	472	SEA
908	155	452	SEA
918	155	742	SEA
920	155	741	SEA
922	155	700	SEA
923	155	709	SEA
924	155	856	SEA
926	155	989	SEA
932	155	1446	SEA
933	155	252	SEA
936	155	26	SEA
937	155	25	SEA
940	155	210	SEA
941	155	272	SEA
943	155	350	SEA
944	155	395	SEA
950	155	751	SEA
952	155	802	SEA
953	155	756	SEA
965	155	903	SEA
967	155	860	SEA
972	155	855	SEA
986	155	307	SEA
987	155	317	SEA
989	155	355	SEA
992	155	404	SEA
1000	155	576	SDA
1006	155	452	SEA
1007	155	452	SEA
1008	155	802	SEA
1010	155	773	SEA
1013	155	807	SEA
1014	155	772	SEA
1016	155	788	SDA
1019	155	806	SDA
1023	155	733	SDA
1026	155	711	SDA
1028	155	814	SEA
1033	155	767	SEA
1037	155	689	SEA
1040	155	671	SEA
1042	155	737	SEA
1048	155	1158	SEA
1049	155	1168	SEA
1051	155	1147	SEA
1053	155	1101	SEA
1057	155	859	SEA
1059	155	892	SDA
1063	155	831	SDA
1064	155	874	SDA
1067	155	869	SEA
1069	155	793	SEA
1071	155	838	SEA
1074	155	798	SDA
1075	155	705	SDA
1090	155	826	SEA
1093	155	816	SDA
1099	155	794	SDA
1103	155	801	SDA
1105	155	901	SDA
1108	155	637	SDA
1112	155	697	SDA
1119	155	684	SDA
1127	155	877	SEA
1130	155	737	SDA
1132	155	752	SDA
1136	155	790	SDA
1140	155	919	SEA
1146	155	702	SDA
1149	155	1409	SDA
1153	155	1320	SDA
1154	155	1278	SDA
1157	155	1225	SDA
1164	155	804	SEA
1168	155	770	SEA
1181	155	957	SDA
1183	155	881	SDA
1188	155	800	SEA
1190	155	735	SEA
1200	155	1406	SEA
1205	155	1129	SEA
1209	155	1164	SEA
1210	155	1174	SEA
1214	155	1211	SDA
1228	155	1369	SEA
1239	155	881	SEA
1240	155	881	SEA
1243	155	1930	SEA
1248	155	1042	SDA
1252	155	975	SEA
1255	155	951	SEA
1257	155	1969	SEA
1264	155	1008	SDA
1265	155	1006	SDA
1275	155	915	SEA
1278	155	965	SEA
1279	155	964	SEA
1280	155	1005	SEA
1284	155	1046	SEA
1295	155	1026	SEA
1296	155	1026	SEA
1301	155	1056	SEA
1306	155	864	SEA
1308	155	930	SEA
1312	155	1002	SEA
1319	155	948	SEA
