363	72	434	SDA
385	72	507	SDA
408	72	502	SEA
409	72	493	SEA
421	72	500	SEA
422	72	455	SEA
435	72	452	SEA
439	72	386	SEA
448	72	311	SEA
458	72	500	SDA
463	72	523	SDA
494	72	181	SEA
512	72	497	SEA
529	72	96	SEA
543	72	249	SEA
549	72	184	SEA
554	72	205	SEA
568	72	55	SDA
593	72	10	SEA
606	72	619	SEA
607	72	89	SEA
629	72	166	SEA
637	72	614	SEA
654	72	328	SEA
694	72	588	SEA
710	72	711	SEA
718	72	696	SEA
727	72	423	SEA
729	72	448	SEA
751	72	1012	SEA
757	72	912	SEA
760	72	902	SEA
765	72	653	SEA
768	72	606	SEA
770	72	600	SEA
771	72	598	SEA
772	72	598	SEA
774	72	683	SEA
778	72	673	SEA
791	72	306	SEA
798	72	526	SEA
801	72	577	SEA
804	72	484	SEA
808	72	349	SEA
810	72	312	SEA
819	72	919	SEA
834	72	399	SEA
840	72	764	SEA
847	72	435	SEA
853	72	198	SEA
859	72	645	SEA
863	72	279	SEA
871	72	400	SEA
876	72	703	SEA
887	72	481	SEA
889	72	470	SEA
893	72	217	SEA
895	72	336	SEA
901	72	620	SEA
908	72	582	SEA
918	72	464	SEA
920	72	547	SEA
922	72	586	SEA
923	72	568	SEA
924	72	530	SEA
926	72	529	SEA
932	72	323	SEA
933	72	328	SEA
936	72	520	SEA
937	72	524	SEA
940	72	664	SEA
941	72	638	SEA
943	72	573	SEA
944	72	691	SEA
950	72	487	SEA
952	72	416	SEA
953	72	418	SEA
965	72	973	SEA
967	72	887	SEA
972	72	828	SEA
986	72	365	SDA
987	72	8	SEA
989	72	35	SEA
992	72	61	SEA
1000	72	460	SEA
1006	72	513	SEA
1007	72	513	SEA
1008	72	585	SEA
1010	72	236	SEA
1013	72	255	SEA
1014	72	290	SEA
1016	72	102	SEA
1019	72	930	SEA
1023	72	96	SEA
1026	72	5	SEA
1028	72	70	SEA
1033	72	145	SDA
1037	72	242	SEA
1040	72	322	SEA
1042	72	337	SEA
1048	72	348	SEA
1049	72	324	SEA
1051	72	336	SEA
1053	72	368	SEA
1057	72	1241	SEA
1059	72	1280	SDA
1063	72	16	SDA
1064	72	43	SDA
1067	72	53	SEA
1069	72	114	SEA
1071	72	137	SEA
1074	72	49	SEA
1075	72	57	SEA
1090	72	652	SEA
1093	72	416	SEA
1099	72	392	SDA
1103	72	354	SDA
1105	72	338	SDA
1108	72	89	SEA
1112	72	65	SEA
1119	72	295	SEA
1127	72	321	SEA
1130	72	348	SEA
1132	72	307	SEA
1136	72	130	SEA
1140	72	338	SEA
1146	72	468	SEA
1149	72	198	SEA
1153	72	160	SEA
1154	72	156	SEA
1157	72	354	SEA
1164	72	291	SEA
1168	72	604	SEA
1181	72	287	SEA
1183	72	31	SEA
1188	72	588	SEA
1190	72	253	SEA
1200	72	419	SEA
1205	72	396	SEA
1209	72	417	SEA
1210	72	415	SEA
1214	72	439	SEA
1228	72	1076	SEA
1239	72	676	SDA
1240	72	658	SDA
1243	72	689	SDA
1248	72	933	SEA
1252	72	938	SEA
1255	72	906	SEA
1257	72	934	SEA
1264	72	901	SEA
1265	72	953	SEA
1275	72	1029	SEA
1278	72	1004	SEA
1279	72	1004	SEA
1280	72	988	SEA
1284	72	1039	SEA
1301	72	1645	SEA
1306	72	1575	SEA
1308	72	1175	SEA
1312	72	960	SEA
1319	72	905	SEA
