363	3	1024	SEA
385	3	553	SEA
395	3	499	SEA
408	3	399	SEA
409	3	439	SEA
421	3	379	SEA
422	3	459	SEA
435	3	446	SEA
439	3	478	SEA
448	3	302	SEA
453	3	398	SEA
458	3	129	SEA
463	3	371	SEA
494	3	600	SEA
507	3	599	SEA
512	3	641	SEA
520	3	556	SEA
529	3	679	SEA
536	3	655	SEA
543	3	639	SEA
549	3	531	SEA
554	3	679	SEA
568	3	698	SEA
578	3	699	SEA
593	3	797	SEA
606	3	714	SEA
607	3	739	SEA
615	3	687	SEA
629	3	520	SEA
637	3	659	SEA
654	3	1349	SEA
694	3	517	SEA
710	3	1467	SEA
718	3	1443	SEA
727	3	650	SEA
729	3	663	SEA
749	3	659	SEA
751	3	683	SEA
757	3	662	SEA
760	3	780	SEA
765	3	656	SEA
768	3	628	SEA
770	3	644	SEA
771	3	720	SEA
772	3	720	SEA
774	3	679	SEA
778	3	419	SEA
783	3	720	SEA
791	3	552	SEA
798	3	659	SEA
801	3	444	SEA
804	3	430	SEA
808	3	492	SDA
810	3	659	SEA
819	3	546	SEA
834	3	720	SEA
840	3	544	SEA
847	3	518	SEA
853	3	117	SDA
859	3	468	SDA
863	3	466	SEA
871	3	505	SEA
876	3	506	SEA
887	3	666	SEA
889	3	622	SEA
893	3	659	SEA
895	3	521	SEA
901	3	475	SEA
908	3	645	SEA
918	3	467	SEA
920	3	465	SEA
922	3	426	SEA
923	3	344	SEA
924	3	391	SDA
926	3	435	SDA
932	3	716	SEA
933	3	706	SEA
936	3	660	SEA
937	3	659	SEA
940	3	571	SEA
941	3	602	SEA
943	3	579	SEA
944	3	587	SEA
950	3	539	SEA
952	3	556	SEA
953	3	572	SEA
965	3	554	SEA
967	3	572	SDA
972	3	35	SEA
986	3	516	SEA
987	3	535	SEA
989	3	554	SEA
992	3	1320	SEA
1000	3	1138	SEA
1006	3	540	SEA
1007	3	540	SEA
1008	3	540	SEA
1010	3	540	SEA
1013	3	540	SEA
1014	3	539	SEA
1016	3	419	SEA
1019	3	1012	SEA
1023	3	516	SEA
1026	3	440	SEA
1028	3	360	SEA
1033	3	353	SEA
1037	3	316	SEA
1040	3	237	SEA
1042	3	215	SEA
1048	3	257	SEA
1049	3	173	SEA
1051	3	152	SEA
1053	3	175	SEA
1057	3	351	SEA
1059	3	74	SEA
1063	3	175	SEA
1064	3	254	SEA
1067	3	358	SEA
1069	3	171	SEA
1071	3	302	SEA
1074	3	446	SEA
1075	3	277	SEA
1090	3	276	SEA
1093	3	203	SEA
1099	3	430	SEA
1103	3	347	SEA
1105	3	794	SEA
1108	3	50	SEA
1112	3	116	SEA
1119	3	471	SEA
1127	3	317	SDA
1130	3	310	SEA
1132	3	206	SEA
1136	3	276	SEA
1140	3	147	SEA
1146	3	777	SEA
1149	3	246	SEA
1153	3	292	SEA
1154	3	256	SEA
1157	3	230	SEA
1164	3	194	SDA
1168	3	648	SEA
1181	3	302	SEA
1183	3	329	SEA
1188	3	719	SEA
1190	3	599	SEA
1200	3	840	SEA
1205	3	719	SDA
1209	3	725	SDA
1210	3	707	SDA
1214	3	840	SEA
1228	3	679	SEA
1239	3	779	SEA
1240	3	655	SEA
1243	3	657	SEA
1248	3	593	SEA
1252	3	79	SEA
1255	3	54	SEA
1256	3	115	SEA
1257	3	115	SEA
1264	3	525	SDA
1265	3	1116	SEA
1275	3	381	SDA
1278	3	372	SDA
1279	3	372	SDA
1280	3	445	SDA
1284	3	23	SEA
1289	3	798	SEA
1295	3	828	SDA
1296	3	828	SDA
1301	3	1103	SEA
1306	3	862	SEA
1308	3	691	SEA
1312	3	686	SEA
1319	3	592	SDA
