363	403	719	SEA
385	403	815	SEA
408	403	819	SEA
409	403	764	SEA
421	403	839	SEA
422	403	779	SEA
435	403	720	SEA
439	403	669	SEA
448	403	603	SEA
453	403	714	SEA
458	403	735	SEA
463	403	730	SEA
494	403	597	SEA
507	403	730	SEA
512	403	779	SEA
529	403	679	SEA
543	403	745	SEA
549	403	922	SEA
554	403	1140	SEA
593	403	1140	SEA
606	403	979	SEA
607	403	981	SEA
629	403	1140	SEA
637	403	984	SEA
654	403	805	SEA
694	403	730	SEA
710	403	721	SEA
720	403	781	SEA
727	403	747	SEA
729	403	839	SEA
749	403	786	SEA
751	403	759	SEA
757	403	757	SEA
760	403	718	SEA
761	403	717	SEA
765	403	679	SEA
768	403	720	SEA
770	403	693	SEA
771	403	693	SEA
772	403	693	SEA
774	403	799	SEA
778	403	748	SEA
783	403	729	SEA
791	403	759	SEA
798	403	767	SEA
801	403	795	SEA
804	403	839	SEA
808	403	709	SEA
810	403	689	SEA
819	403	746	SEA
834	403	776	SEA
840	403	654	SEA
847	403	628	SEA
853	403	845	SEA
859	403	771	SEA
863	403	899	SEA
871	403	712	SEA
876	403	795	SEA
887	403	796	SEA
889	403	846	SEA
893	403	776	SEA
895	403	804	SEA
901	403	791	SEA
908	403	873	SEA
918	403	809	SEA
920	403	837	SEA
922	403	837	SEA
923	403	840	SEA
924	403	808	SEA
926	403	960	SEA
932	403	823	SEA
933	403	837	SEA
936	403	767	SEA
937	403	867	SEA
940	403	830	SEA
941	403	831	SEA
943	403	959	SEA
944	403	818	SEA
950	403	830	SEA
952	403	802	SEA
953	403	859	SEA
965	403	881	SEA
967	403	857	SEA
972	403	887	SEA
986	403	792	SEA
987	403	791	SEA
989	403	772	SEA
992	403	1079	SEA
1000	403	947	SEA
1006	403	1140	SEA
1007	403	1140	SEA
1008	403	1140	SEA
1010	403	1140	SEA
1013	403	927	SEA
1014	403	921	SEA
1016	403	870	SEA
1019	403	902	SEA
1023	403	910	SEA
1037	403	2084	SEA
1040	403	2066	SEA
1042	403	2130	SEA
1051	403	927	SEA
1053	403	919	SEA
1057	403	774	SEA
1059	403	774	SEA
1063	403	743	SEA
1064	403	731	SEA
1067	403	778	SEA
1069	403	899	SEA
1071	403	899	SEA
1074	403	943	SEA
1075	403	911	SEA
1090	403	88	SEA
1093	403	321	SEA
1099	403	689	SEA
1103	403	719	SEA
1105	403	537	SEA
1108	403	590	SEA
1112	403	600	SEA
1119	403	610	SEA
1127	403	651	SEA
1130	403	635	SEA
1132	403	671	SEA
1136	403	205	SEA
1140	403	412	SEA
1146	403	726	SEA
1149	403	682	SEA
1153	403	714	SEA
1154	403	757	SEA
1157	403	653	SEA
1164	403	719	SEA
1168	403	622	SEA
1181	403	130	SEA
1183	403	327	SEA
1188	403	1666	SEA
1190	403	1646	SEA
1200	403	580	SEA
1205	403	737	SEA
1209	403	779	SEA
1210	403	719	SEA
1214	403	499	SEA
1228	403	894	SEA
1239	403	959	SEA
1240	403	919	SEA
1243	403	763	SEA
1248	403	663	SEA
1252	403	707	SEA
1255	403	775	SEA
1257	403	959	SEA
1264	403	157	SEA
1265	403	267	SEA
1275	403	899	SEA
1278	403	786	SEA
1279	403	786	SEA
1280	403	888	SEA
1284	403	900	SEA
1289	403	826	SEA
1295	403	1254	SEA
1296	403	1254	SEA
1301	403	1207	SEA
1306	403	1294	SEA
1308	403	1500	SEA
1312	403	1500	SEA
1319	403	1339	SEA
