363	359	672	SEA
375	359	795	SEA
408	359	392	SEA
409	359	338	SEA
421	359	62	SEA
422	359	73	SEA
435	359	487	SEA
439	359	178	SEA
448	359	214	SEA
458	359	242	SEA
463	359	331	SEA
490	359	163	SEA
494	359	304	SEA
512	359	394	SEA
517	359	325	SEA
529	359	184	SEA
536	359	147	SDA
542	359	96	SEA
543	359	96	SEA
554	359	130	SEA
568	359	576	SEA
593	359	566	SEA
596	359	83	SEA
606	359	541	SEA
607	359	751	SEA
610	359	761	SEA
637	359	853	SEA
654	359	314	SEA
663	359	806	SEA
694	359	75	SEA
710	359	763	SEA
718	359	191	SEA
720	359	209	SEA
727	359	667	SEA
729	359	670	SEA
757	359	6	SEA
760	359	34	SEA
761	359	50	SEA
765	359	80	SEA
768	359	494	SEA
771	359	343	SEA
773	359	381	SDA
775	359	384	SDA
791	359	746	SEA
801	359	80	SEA
804	359	1352	SEA
808	359	529	SEA
810	359	538	SEA
819	359	414	SDA
834	359	119	SDA
840	359	874	SDA
847	359	420	SEA
853	359	351	SEA
859	359	376	SEA
863	359	269	SEA
871	359	965	SEA
876	359	902	SEA
887	359	167	SEA
889	359	229	SEA
893	359	297	SEA
895	359	889	SEA
901	359	368	SEA
908	359	466	SEA
918	359	125	SDA
920	359	139	SDA
922	359	226	SEA
923	359	310	SEA
924	359	16	SEA
926	359	14	SEA
932	359	14	SEA
933	359	144	SEA
936	359	82	SEA
937	359	75	SEA
940	359	24	SEA
941	359	2	SEA
943	359	22	SEA
944	359	32	SEA
950	359	662	SEA
952	359	88	SEA
953	359	135	SEA
965	359	198	SEA
967	359	770	SEA
972	359	20	SEA
986	359	639	SEA
987	359	574	SEA
989	359	561	SEA
992	359	214	SEA
1000	359	136	SEA
1006	359	397	SEA
1007	359	397	SEA
1008	359	365	SEA
1010	359	328	SEA
1013	359	257	SEA
1014	359	307	SEA
1016	359	289	SEA
1019	359	210	SEA
1023	359	134	SEA
1026	359	56	SEA
1028	359	722	SEA
1033	359	716	SEA
1037	359	703	SEA
1040	359	736	SEA
1042	359	779	SDA
1048	359	1087	SEA
1049	359	1092	SEA
1051	359	1059	SEA
1053	359	1020	SEA
1057	359	1058	SEA
1059	359	132	SEA
1063	359	155	SEA
1064	359	181	SEA
1067	359	125	SEA
1069	359	72	SEA
1071	359	45	SEA
1074	359	53	SEA
1075	359	74	SEA
1090	359	18	SDA
1093	359	38	SEA
1099	359	65	SDA
1103	359	857	SEA
1105	359	905	SEA
1108	359	190	SEA
1112	359	93	SEA
1119	359	122	SEA
1127	359	440	SEA
1130	359	369	SEA
1132	359	394	SEA
1136	359	86	SEA
1140	359	2	SEA
1146	359	32	SEA
1149	359	622	SEA
1153	359	656	SEA
1154	359	644	SEA
1157	359	706	SEA
1168	359	168	SEA
1181	359	259	SEA
1183	359	271	SEA
1188	359	179	SEA
1190	359	225	SEA
1200	359	102	SEA
1205	359	257	SEA
1209	359	326	SEA
1210	359	307	SEA
1214	359	165	SEA
1228	359	369	SEA
1239	359	175	SEA
1240	359	154	SEA
1243	359	26	SEA
1248	359	263	SEA
1252	359	631	SEA
1255	359	654	SEA
1257	359	1101	SEA
1264	359	822	SEA
1265	359	816	SEA
1275	359	516	SEA
1278	359	530	SEA
1280	359	528	SEA
1284	359	846	SEA
1289	359	1022	SEA
1295	359	353	SEA
1296	359	353	SEA
1301	359	337	SEA
1306	359	658	SEA
1308	359	744	SEA
1312	359	936	SEA
1319	359	865	SEA
