363	46	477	SEA
385	46	580	SEA
392	46	471	SEA
408	46	720	SEA
409	46	720	SEA
421	46	635	SEA
422	46	517	SEA
435	46	575	SEA
439	46	534	SEA
448	46	1299	SEA
450	46	589	SEA
453	46	720	SEA
458	46	595	SEA
463	46	399	SEA
494	46	483	SEA
500	46	385	SEA
507	46	786	SEA
508	46	791	SEA
512	46	900	SEA
517	46	900	SEA
520	46	695	SEA
529	46	900	SEA
531	46	900	SEA
536	46	772	SEA
543	46	900	SEA
549	46	815	SEA
554	46	900	SEA
564	46	815	SEA
568	46	755	SEA
593	46	875	SEA
606	46	900	SEA
607	46	875	SEA
610	46	735	SEA
615	46	900	SEA
624	46	755	SEA
629	46	553	SEA
630	46	553	SEA
637	46	875	SEA
654	46	815	SEA
667	46	1775	SEA
684	46	755	SEA
692	46	900	SEA
694	46	900	SEA
701	46	792	SEA
710	46	900	SEA
718	46	686	SEA
720	46	900	SEA
727	46	895	SEA
729	46	777	SEA
739	46	900	SEA
740	46	900	SEA
749	46	900	SEA
750	46	900	SEA
751	46	900	SEA
757	46	875	SEA
760	46	715	SEA
761	46	633	SEA
765	46	604	SEA
768	46	562	SEA
770	46	900	SEA
771	46	900	SEA
772	46	900	SEA
773	46	787	SEA
774	46	787	SEA
778	46	711	SEA
779	46	900	SEA
783	46	900	SEA
791	46	738	SEA
798	46	900	SEA
801	46	900	SEA
804	46	767	SEA
808	46	761	SEA
810	46	900	SEA
819	46	815	SEA
834	46	785	SEA
840	46	900	SEA
847	46	900	SEA
853	46	900	SEA
859	46	900	SEA
863	46	895	SEA
871	46	676	SEA
876	46	900	SEA
887	46	900	SEA
889	46	900	SEA
893	46	875	SEA
895	46	722	SEA
901	46	900	SEA
908	46	815	SEA
918	46	900	SEA
920	46	900	SEA
922	46	900	SEA
923	46	835	SEA
924	46	706	SEA
926	46	706	SEA
932	46	900	SEA
933	46	900	SEA
936	46	900	SEA
937	46	875	SEA
941	46	1138	SEA
943	46	964	SEA
944	46	964	SEA
950	46	1317	SEA
952	46	1317	SEA
953	46	1317	SEA
965	46	1206	SEA
967	46	900	SEA
972	46	900	SEA
986	46	674	SEA
987	46	638	SEA
989	46	585	SEA
992	46	780	SEA
1000	46	575	SEA
1006	46	720	SEA
1007	46	720	SEA
1008	46	720	SEA
1010	46	720	SEA
1013	46	555	SEA
1014	46	455	SEA
1016	46	413	SEA
1019	46	430	SEA
1023	46	695	SEA
1026	46	356	SEA
1028	46	324	SEA
1033	46	720	SEA
1037	46	487	SEA
1040	46	477	SEA
1042	46	451	SEA
1048	46	595	SEA
1049	46	515	SEA
1051	46	291	SEA
1053	46	293	SEA
1057	46	263	SEA
1059	46	458	SEA
1063	46	556	SEA
1064	46	560	SEA
1067	46	720	SEA
1069	46	720	SEA
1071	46	720	SEA
1074	46	519	SEA
1075	46	555	SEA
1090	46	771	SEA
1093	46	960	SEA
1099	46	960	SEA
1103	46	676	SEA
1105	46	667	SEA
1108	46	952	SEA
1112	46	952	SEA
1119	46	695	SEA
1127	46	720	SEA
1130	46	695	SEA
1132	46	595	SEA
1136	46	448	SEA
1140	46	349	SEA
1146	46	743	SEA
1149	46	708	SEA
1153	46	960	SEA
1154	46	960	SEA
1157	46	960	SEA
1164	46	767	SEA
1168	46	960	SEA
1181	46	719	SEA
1183	46	625	SEA
1188	46	963	SEA
1190	46	963	SEA
1200	46	555	SEA
1205	46	960	SEA
1209	46	818	SEA
1210	46	758	SEA
1214	46	619	SEA
1228	46	677	SEA
1239	46	1000	SEA
1240	46	960	SEA
1243	46	820	SEA
1248	46	520	SEA
1252	46	838	SEA
1255	46	838	SEA
1256	46	818	SEA
1257	46	818	SEA
1264	46	631	SEA
1265	46	957	SEA
1267	46	957	SEA
1275	46	789	SEA
1278	46	1200	SEA
1279	46	1200	SEA
1280	46	1200	SEA
1284	46	1200	SEA
1289	46	1001	SEA
1295	46	1200	SEA
1296	46	1200	SEA
1301	46	1200	SEA
1306	46	1175	SEA
1308	46	1011	SEA
1312	46	1030	SEA
1319	46	1200	SEA
