363	358	903	SEA
375	358	134	SEA
377	358	1002	SEA
385	358	226	SEA
392	358	545	SEA
395	358	800	SEA
400	358	248	SEA
408	358	513	SEA
409	358	814	SEA
414	358	326	SEA
421	358	339	SEA
422	358	377	SEA
427	358	435	SEA
432	358	297	SEA
435	358	247	SDA
439	358	359	SEA
441	358	249	SEA
448	358	513	SEA
450	358	172	SEA
453	358	146	SEA
458	358	320	SEA
463	358	319	SEA
465	358	365	SEA
488	358	366	SEA
490	358	309	SEA
492	358	641	SEA
494	358	587	SEA
500	358	255	SEA
505	358	284	SEA
508	358	53	SEA
512	358	294	SEA
513	358	302	SEA
516	358	307	SEA
517	358	328	SEA
520	358	320	SEA
529	358	822	SEA
531	358	611	SEA
536	358	562	SEA
542	358	297	SEA
543	358	297	SEA
549	358	74	SEA
554	358	193	SEA
558	358	354	SEA
564	358	761	SEA
566	358	548	SEA
568	358	852	SEA
578	358	140	SEA
593	358	616	SEA
596	358	472	SEA
597	358	255	SEA
606	358	222	SEA
607	358	1111	SEA
610	358	132	SEA
615	358	697	SEA
623	358	324	SEA
624	358	303	SEA
629	358	832	SEA
630	358	832	SEA
637	358	578	SEA
652	358	1136	SEA
654	358	1147	SEA
663	358	377	SEA
667	358	1456	SEA
672	358	161	SEA
673	358	13	SEA
684	358	18	SEA
692	358	670	SEA
694	358	671	SEA
701	358	221	SEA
710	358	775	SEA
718	358	971	SEA
720	358	1105	SEA
726	358	866	SEA
727	358	882	SEA
729	358	917	SEA
735	358	536	SEA
736	358	608	SEA
739	358	96	SEA
740	358	106	SEA
749	358	949	SEA
750	358	999	SEA
751	358	999	SEA
757	358	779	SEA
759	358	814	SEA
760	358	727	SEA
761	358	428	SEA
765	358	1079	SEA
768	358	1094	SEA
770	358	1143	SEA
771	358	1154	SEA
772	358	1154	SEA
773	358	1233	SEA
774	358	208	SEA
775	358	208	SEA
778	358	818	SEA
779	358	920	SEA
783	358	976	SEA
791	358	546	SEA
798	358	259	SEA
801	358	297	SEA
804	358	1001	SEA
808	358	1070	SDA
810	358	1096	SEA
819	358	1079	SEA
834	358	612	SEA
840	358	231	SEA
847	358	211	SEA
853	358	1046	SEA
859	358	964	SEA
863	358	133	SEA
871	358	54	SEA
876	358	235	SEA
887	358	32	SEA
889	358	64	SEA
893	358	925	SEA
895	358	874	SEA
901	358	683	SEA
908	358	565	SEA
918	358	1399	SEA
920	358	1420	SEA
922	358	1382	SEA
923	358	1338	SEA
924	358	1314	SEA
926	358	508	SEA
932	358	818	SEA
933	358	796	SEA
936	358	862	SEA
937	358	479	SEA
940	358	458	SEA
941	358	982	SEA
943	358	930	SEA
944	358	973	SEA
950	358	120	SEA
952	358	165	SEA
953	358	111	SEA
965	358	235	SEA
967	358	305	SEA
972	358	386	SEA
986	358	906	SEA
987	358	937	SEA
989	358	734	SEA
992	358	497	SEA
1000	358	1207	SEA
1006	358	1087	SEA
1007	358	1087	SEA
1008	358	1004	SEA
1010	358	1102	SEA
1013	358	190	SEA
1014	358	590	SEA
1016	358	633	SEA
1019	358	743	SEA
1023	358	290	SEA
1026	358	1085	SEA
1028	358	1137	SEA
1033	358	169	SEA
1037	358	222	SEA
1040	358	286	SEA
1042	358	474	SEA
1048	358	1304	SEA
1049	358	1255	SEA
1051	358	1360	SEA
1053	358	1358	SEA
1057	358	137	SEA
1059	358	353	SEA
1063	358	744	SEA
1064	358	528	SEA
1067	358	241	SEA
1069	358	313	SEA
1071	358	223	SEA
1074	358	475	SEA
1075	358	881	SEA
1090	358	224	SEA
1093	358	1162	SEA
1099	358	4	SEA
1103	358	59	SEA
1105	358	87	SEA
1108	358	220	SEA
1112	358	179	SEA
1119	358	247	SEA
1127	358	420	SEA
1130	358	68	SEA
1132	358	105	SEA
1136	358	304	SEA
1140	358	317	SEA
1146	358	407	SEA
1149	358	359	SEA
1153	358	423	SEA
1154	358	474	SEA
1157	358	419	SEA
1164	358	312	SEA
1168	358	555	SEA
1181	358	47	SEA
1183	358	144	SEA
1188	358	214	SEA
1190	358	120	SEA
1200	358	825	SEA
1205	358	577	SEA
1209	358	600	SEA
1210	358	305	SEA
1214	358	296	SEA
1228	358	83	SEA
1239	358	921	SDA
1240	358	863	SDA
1243	358	895	SEA
1248	358	559	SEA
1252	358	793	SEA
1255	358	394	SEA
1256	358	373	SEA
1257	358	373	SEA
1264	358	522	SEA
1265	358	554	SEA
1267	358	884	SEA
1275	358	782	SEA
1278	358	836	SEA
1279	358	836	SEA
1280	358	856	SEA
1284	358	539	SEA
1289	358	89	SDA
1295	358	769	SEA
1296	358	769	SEA
1301	358	1061	SEA
1306	358	1059	SEA
1308	358	481	SEA
1312	358	769	SDA
1319	358	380	SEA
