363	10	852	SEA
385	10	600	SEA
408	10	637	SDA
409	10	649	SDA
421	10	668	SEA
422	10	694	SEA
435	10	551	SEA
439	10	611	SEA
448	10	677	SEA
458	10	1142	SEA
463	10	1193	SEA
494	10	327	SDA
529	10	620	SEA
543	10	613	SEA
549	10	1367	SDA
554	10	647	SEA
568	10	657	SDA
593	10	1006	SEA
606	10	761	SEA
607	10	772	SEA
629	10	746	SEA
637	10	1160	SEA
694	10	1047	SEA
710	10	699	SEA
727	10	564	SEA
729	10	543	SEA
751	10	592	SEA
757	10	1009	SEA
759	10	1048	SEA
760	10	1102	SEA
765	10	716	SEA
768	10	701	SEA
770	10	671	SEA
771	10	692	SEA
772	10	692	SEA
778	10	586	SEA
791	10	535	SEA
798	10	1521	SEA
801	10	1607	SEA
804	10	514	SEA
808	10	421	SEA
810	10	411	SEA
819	10	568	SEA
834	10	1127	SEA
840	10	993	SEA
847	10	1032	SDA
853	10	996	SDA
859	10	1111	SEA
863	10	330	SEA
871	10	428	SDA
876	10	379	SDA
887	10	703	SEA
889	10	731	SEA
893	10	602	SEA
895	10	567	SEA
901	10	755	SEA
908	10	849	SDA
918	10	981	SEA
920	10	893	SEA
922	10	911	SEA
923	10	988	SEA
924	10	1022	SEA
926	10	1039	SEA
932	10	834	SEA
933	10	886	SEA
936	10	866	SEA
937	10	857	SEA
940	10	861	SEA
941	10	912	SEA
943	10	888	SEA
944	10	926	SEA
950	10	231	SEA
952	10	263	SEA
953	10	238	SEA
965	10	62	SEA
967	10	85	SEA
972	10	119	SEA
986	10	687	SEA
987	10	648	SEA
989	10	667	SEA
992	10	733	SEA
1000	10	367	SEA
1006	10	337	SEA
1007	10	337	SEA
1008	10	274	SEA
1010	10	722	SEA
1013	10	490	SEA
1014	10	263	SEA
1016	10	235	SEA
1019	10	251	SEA
1023	10	1150	SEA
1026	10	21	SEA
1028	10	26	SEA
1033	10	157	SEA
1037	10	146	SEA
1040	10	217	SEA
1042	10	217	SEA
1048	10	983	SEA
1049	10	1003	SEA
1051	10	978	SEA
1053	10	946	SEA
1057	10	957	SEA
1059	10	1001	SEA
1063	10	1017	SEA
1064	10	919	SEA
1067	10	593	SDA
1069	10	537	SDA
1071	10	617	SDA
1074	10	590	SDA
1075	10	585	SDA
1090	10	809	SEA
1093	10	795	SEA
1099	10	759	SEA
1103	10	822	SEA
1105	10	933	SEA
1108	10	299	SEA
1112	10	337	SEA
1119	10	412	SEA
1127	10	1075	SEA
1130	10	390	SEA
1132	10	449	SEA
1136	10	480	SDA
1140	10	542	SDA
1146	10	419	SEA
1149	10	336	SDA
1153	10	947	SEA
1154	10	997	SEA
1157	10	977	SEA
1164	10	937	SDA
1168	10	917	SDA
1181	10	1273	SEA
1183	10	1339	SEA
1188	10	1336	SEA
1190	10	1292	SEA
1200	10	389	SEA
1205	10	396	SEA
1209	10	463	SEA
1210	10	494	SEA
1214	10	807	SEA
1228	10	1160	SEA
1239	10	213	SEA
1240	10	181	SEA
1243	10	189	SEA
1248	10	194	SEA
1252	10	310	SEA
1255	10	1373	SEA
1257	10	1294	SEA
1264	10	800	SEA
1265	10	751	SEA
1275	10	645	SEA
1278	10	645	SEA
1279	10	645	SEA
1280	10	626	SEA
1284	10	642	SEA
1289	10	657	SEA
1295	10	1120	SEA
1296	10	1120	SEA
1301	10	1042	SEA
1306	10	974	SEA
1308	10	936	SEA
1312	10	936	SEA
1319	10	910	SEA
