363	134	605	SEA
385	134	611	SEA
392	134	594	SEA
395	134	544	SEA
408	134	921	SEA
409	134	979	SEA
414	134	1119	SEA
421	134	963	SEA
422	134	935	SDA
435	134	758	SEA
439	134	779	SEA
441	134	823	SEA
448	134	421	SEA
450	134	478	SEA
457	134	765	SEA
458	134	810	SEA
463	134	1156	SEA
490	134	372	SEA
492	134	413	SEA
494	134	289	SEA
507	134	324	SEA
512	134	613	SEA
517	134	531	SEA
520	134	912	SEA
529	134	847	SEA
531	134	782	SEA
536	134	1456	SEA
542	134	1326	SEA
543	134	1326	SEA
549	134	150	SEA
554	134	307	SEA
564	134	338	SEA
566	134	376	SEA
568	134	248	SEA
570	134	218	SEA
578	134	529	SEA
593	134	928	SEA
606	134	2281	SEA
607	134	2373	SEA
615	134	229	SEA
623	134	309	SEA
624	134	358	SEA
629	134	413	SEA
630	134	413	SEA
637	134	394	SEA
654	134	558	SEA
673	134	684	SEA
694	134	137	SEA
701	134	525	SEA
710	134	533	SEA
718	134	245	SEA
720	134	378	SEA
727	134	415	SEA
729	134	375	SEA
740	134	579	SDA
749	134	205	SEA
751	134	298	SEA
757	134	730	SEA
760	134	788	SEA
761	134	207	SEA
765	134	228	SEA
768	134	431	SEA
770	134	522	SEA
771	134	530	SEA
772	134	530	SEA
774	134	630	SEA
775	134	630	SEA
778	134	251	SEA
791	134	221	SEA
798	134	80	SEA
801	134	462	SEA
804	134	593	SEA
808	134	677	SEA
810	134	621	SEA
819	134	204	SEA
834	134	673	SEA
840	134	612	SEA
847	134	348	SEA
853	134	271	SEA
859	134	587	SEA
863	134	842	SDA
871	134	142	SEA
876	134	353	SEA
887	134	257	SEA
889	134	237	SEA
893	134	132	SEA
895	134	186	SEA
901	134	491	SEA
908	134	156	SEA
918	134	469	SEA
920	134	548	SEA
922	134	650	SEA
923	134	708	SDA
924	134	736	SDA
926	134	46	SEA
932	134	114	SEA
933	134	150	SEA
936	134	92	SEA
937	134	48	SEA
940	134	15	SEA
941	134	286	SEA
943	134	310	SEA
944	134	429	SEA
950	134	461	SEA
952	134	1612	SEA
953	134	1659	SEA
965	134	751	SEA
967	134	778	SEA
972	134	780	SEA
986	134	877	SEA
987	134	827	SEA
989	134	844	SEA
992	134	801	SEA
1000	134	732	SEA
1006	134	206	SEA
1007	134	206	SEA
1008	134	177	SEA
1010	134	27	SEA
1013	134	53	SEA
1014	134	82	SEA
1016	134	67	SEA
1019	134	3	SEA
1023	134	1096	SEA
1026	134	1038	SEA
1028	134	1027	SEA
1033	134	907	SEA
1037	134	781	SEA
1040	134	729	SEA
1042	134	788	SEA
1048	134	1115	SEA
1049	134	1133	SEA
1051	134	1149	SEA
1053	134	1138	SEA
1057	134	1167	SEA
1059	134	701	SEA
1063	134	716	SEA
1064	134	735	SEA
1067	134	652	SEA
1069	134	683	SEA
1071	134	661	SEA
1074	134	777	SEA
1075	134	730	SEA
1090	134	654	SEA
1093	134	726	SEA
1099	134	725	SEA
1103	134	660	SEA
1105	134	674	SEA
1108	134	569	SEA
1112	134	586	SDA
1119	134	680	SDA
1127	134	721	SEA
1130	134	822	SEA
1132	134	806	SEA
1136	134	789	SEA
1140	134	782	SEA
1146	134	737	SEA
1149	134	1082	SEA
1153	134	1249	SEA
1154	134	1170	SEA
1157	134	1199	SEA
1164	134	299	SEA
1168	134	324	SEA
1181	134	712	SEA
1183	134	697	SEA
1188	134	724	SEA
1190	134	643	SEA
1200	134	361	SEA
1205	134	360	SEA
1209	134	332	SEA
1210	134	329	SEA
1214	134	958	SEA
1228	134	582	SEA
1239	134	943	SDA
1240	134	937	SDA
1243	134	957	SDA
1248	134	625	SEA
1252	134	606	SEA
1255	134	581	SEA
1256	134	596	SEA
1257	134	596	SEA
1264	134	1099	SEA
1265	134	1098	SEA
1275	134	603	SEA
1278	134	620	SEA
1280	134	607	SEA
1284	134	547	SEA
1295	134	534	SEA
1296	134	534	SEA
1301	134	526	SEA
1306	134	625	SEA
1308	134	705	SEA
1312	134	690	SDA
1319	134	334	SEA
