363	13	998	SEA
395	13	329	SEA
408	13	793	SEA
409	13	733	SEA
414	13	733	SEA
421	13	584	SEA
435	13	809	SEA
439	13	796	SEA
448	13	298	SEA
490	13	442	SEA
494	13	515	SEA
512	13	399	SEA
516	13	308	SEA
529	13	761	SEA
543	13	141	SEA
554	13	493	SEA
568	13	655	SEA
593	13	1218	SEA
606	13	45	SEA
607	13	22	SEA
654	13	710	SEA
694	13	708	SEA
710	13	744	SEA
718	13	811	SEA
729	13	711	SEA
757	13	486	SDA
760	13	483	SDA
761	13	543	SDA
768	13	299	SEA
770	13	326	SEA
771	13	366	SEA
773	13	441	SEA
774	13	470	SEA
791	13	1215	SEA
801	13	6	SEA
804	13	11	SEA
808	13	10	SEA
810	13	15	SEA
819	13	184	SEA
834	13	601	SEA
840	13	628	SEA
847	13	235	SEA
853	13	340	SEA
859	13	156	SDA
863	13	279	SEA
871	13	809	SEA
876	13	706	SEA
887	13	467	SEA
889	13	450	SEA
893	13	109	SEA
895	13	214	SEA
901	13	208	SEA
908	13	850	SEA
918	13	875	SEA
920	13	905	SEA
922	13	754	SEA
923	13	860	SEA
924	13	849	SEA
926	13	822	SEA
932	13	860	SEA
933	13	841	SEA
936	13	471	SEA
937	13	503	SEA
940	13	475	SEA
941	13	499	SEA
943	13	505	SEA
944	13	516	SEA
950	13	428	SEA
952	13	725	SDA
953	13	709	SDA
965	13	68	SEA
972	13	103	SEA
986	13	580	SEA
987	13	615	SEA
989	13	614	SEA
992	13	681	SEA
1000	13	655	SEA
1006	13	510	SEA
1007	13	510	SEA
1008	13	510	SEA
1010	13	508	SEA
1013	13	559	SEA
1014	13	637	SEA
1016	13	583	SEA
1019	13	559	SEA
1023	13	665	SEA
1026	13	692	SEA
1028	13	648	SEA
1033	13	335	SEA
1037	13	360	SEA
1040	13	423	SEA
1042	13	438	SEA
1048	13	761	SEA
1049	13	701	SEA
1051	13	462	SDA
1053	13	491	SEA
1057	13	406	SDA
1059	13	442	SDA
1063	13	524	SDA
1064	13	506	SEA
1067	13	436	SEA
1069	13	529	SEA
1071	13	590	SEA
1074	13	594	SEA
1075	13	621	SEA
1090	13	642	SEA
1093	13	661	SDA
1099	13	670	SDA
1103	13	703	SDA
1105	13	660	SDA
1108	13	527	SEA
1112	13	602	SEA
1119	13	508	SDA
1127	13	980	SEA
1130	13	580	SEA
1132	13	621	SEA
1136	13	645	SDA
1140	13	636	SDA
1146	13	690	SEA
1149	13	672	SEA
1153	13	739	SDA
1154	13	680	SDA
1157	13	771	SEA
1164	13	875	SDA
1168	13	1052	SEA
1181	13	786	SEA
1183	13	748	SEA
1188	13	836	SEA
1190	13	915	SEA
1200	13	996	SEA
1205	13	1027	SEA
1209	13	1076	SEA
1210	13	975	SEA
1214	13	1047	SDA
1228	13	952	SEA
1239	13	846	SEA
1240	13	814	SEA
1243	13	757	SEA
1248	13	636	SEA
1252	13	583	SEA
1255	13	465	SEA
1257	13	473	SEA
1264	13	519	SEA
1265	13	810	SEA
1275	13	969	SEA
1278	13	839	SEA
1280	13	871	SEA
1284	13	962	SEA
1295	13	982	SEA
1296	13	982	SEA
1301	13	671	SEA
1306	13	680	SEA
1308	13	582	SEA
1312	13	461	SEA
1319	13	1077	SEA
