363	40	615	SEA
375	40	708	SEA
385	40	719	SEA
408	40	547	SEA
409	40	780	SEA
421	40	780	SEA
422	40	780	SEA
435	40	447	SEA
439	40	766	SEA
448	40	780	SEA
450	40	739	SEA
453	40	643	SEA
458	40	592	SEA
463	40	859	SEA
465	40	755	SEA
494	40	839	SEA
500	40	479	SEA
507	40	900	SEA
512	40	685	SEA
520	40	900	SEA
529	40	499	SEA
541	40	679	SEA
542	40	639	SEA
543	40	639	SEA
549	40	400	SEA
554	40	878	SEA
564	40	900	SEA
568	40	839	SEA
570	40	704	SEA
578	40	900	SEA
593	40	900	SEA
606	40	900	SEA
607	40	900	SEA
615	40	719	SEA
624	40	960	SEA
629	40	839	SEA
630	40	839	SEA
637	40	669	SEA
667	40	479	SEA
672	40	960	SEA
692	40	959	SEA
694	40	872	SEA
710	40	800	SEA
718	40	960	SEA
720	40	960	SEA
727	40	846	SEA
729	40	822	SEA
749	40	960	SEA
751	40	960	SEA
757	40	839	SEA
759	40	799	SEA
760	40	736	SEA
761	40	702	SEA
765	40	960	SEA
768	40	960	SEA
770	40	960	SEA
771	40	959	SEA
772	40	959	SEA
773	40	839	SEA
774	40	799	SEA
775	40	799	SEA
778	40	539	SEA
779	40	479	SEA
783	40	960	SEA
791	40	778	SEA
798	40	960	SEA
801	40	960	SEA
804	40	919	SEA
808	40	745	SEA
810	40	865	SEA
819	40	960	SEA
834	40	960	SEA
840	40	878	SEA
847	40	960	SEA
853	40	839	SEA
859	40	539	SEA
871	40	719	SEA
876	40	633	SEA
887	40	73	SEA
889	40	175	SEA
893	40	347	SEA
895	40	960	SEA
901	40	839	SEA
908	40	742	SEA
918	40	831	SEA
920	40	861	SEA
922	40	799	SEA
923	40	900	SEA
924	40	900	SEA
926	40	900	SEA
932	40	839	SEA
933	40	779	SEA
936	40	539	SEA
937	40	447	SEA
943	40	336	SEA
944	40	1019	SEA
950	40	778	SEA
952	40	831	SEA
953	40	840	SEA
965	40	599	SEA
967	40	419	SEA
972	40	840	SEA
986	40	1680	SEA
987	40	146	SEA
989	40	76	SEA
992	40	1696	SEA
1000	40	840	SEA
1006	40	682	SEA
1007	40	682	SEA
1008	40	633	SEA
1010	40	678	SEA
1013	40	840	SEA
1014	40	840	SEA
1016	40	839	SEA
1019	40	676	SEA
1023	40	655	SEA
1026	40	900	SEA
1028	40	900	SEA
1033	40	710	SEA
1037	40	623	SEA
1040	40	900	SEA
1042	40	900	SEA
1048	40	686	SEA
1049	40	732	SEA
1051	40	656	SEA
1053	40	678	SEA
1057	40	900	SEA
1059	40	900	SEA
1063	40	786	SEA
1064	40	706	SEA
1067	40	791	SEA
1069	40	1140	SEA
1071	40	1140	SEA
1074	40	1140	SEA
1075	40	1139	SEA
1090	40	1140	SEA
1093	40	1140	SEA
1099	40	998	SEA
1108	40	1140	SEA
1112	40	1140	SEA
1119	40	1275	SEA
1127	40	865	SEA
1130	40	865	SEA
1132	40	865	SEA
1136	40	865	SEA
1140	40	744	SEA
1146	40	492	SEA
1149	40	1140	SEA
1153	40	1015	SEA
1154	40	1010	SEA
1157	40	949	SEA
1164	40	1140	SEA
1168	40	1140	SEA
1181	40	1140	SEA
1183	40	1140	SEA
1188	40	1140	SEA
1190	40	1139	SEA
1200	40	1140	SEA
1205	40	1140	SEA
1209	40	1139	SEA
1210	40	1083	SEA
1214	40	1104	SEA
1228	40	1081	SEA
1239	40	1140	SEA
1240	40	1140	SEA
1243	40	1140	SEA
1248	40	1079	SEA
1252	40	799	SEA
1255	40	771	SEA
1257	40	725	SEA
1264	40	1140	SEA
1265	40	1140	SEA
1275	40	1200	SEA
1278	40	1200	SEA
1280	40	1200	SEA
1284	40	1199	SEA
1295	40	1200	SEA
1296	40	1200	SEA
1301	40	1200	SEA
1306	40	1167	SEA
1308	40	1149	SEA
1312	40	1200	SEA
1319	40	1200	SEA
