363	16	616	SEA
385	16	88	SEA
408	16	483	SEA
409	16	501	SDA
421	16	689	SDA
422	16	536	SEA
435	16	493	SDA
439	16	509	SEA
448	16	397	SDA
458	16	516	SEA
463	16	1088	SEA
494	16	652	SEA
507	16	912	SEA
520	16	730	SEA
529	16	569	SDA
543	16	977	SDA
549	16	626	SEA
554	16	705	SEA
568	16	900	SEA
578	16	1020	SEA
593	16	1089	SEA
606	16	1421	SEA
629	16	811	SEA
637	16	834	SEA
654	16	964	SEA
667	16	1107	SEA
694	16	948	SEA
710	16	1284	SEA
718	16	1352	SEA
720	16	1299	SEA
727	16	1510	SEA
729	16	1452	SEA
740	16	1092	SEA
749	16	992	SEA
751	16	979	SEA
761	16	1761	SEA
765	16	1598	SEA
768	16	1657	SEA
770	16	1612	SEA
771	16	1640	SEA
772	16	1640	SEA
774	16	1583	SEA
775	16	1583	SEA
778	16	894	SEA
783	16	928	SEA
791	16	1075	SEA
798	16	929	SDA
801	16	874	SDA
804	16	1261	SEA
808	16	1272	SEA
810	16	1185	SEA
834	16	1667	SEA
853	16	1758	SEA
859	16	1790	SEA
863	16	1861	SEA
871	16	204	SEA
876	16	201	SEA
887	16	21	SEA
889	16	53	SEA
893	16	139	SDA
895	16	78	SEA
901	16	17	SEA
932	16	1535	SEA
933	16	1552	SEA
936	16	1589	SEA
937	16	1513	SEA
940	16	1458	SEA
941	16	1409	SEA
943	16	1527	SDA
944	16	1489	SDA
965	16	1470	SDA
967	16	1521	SDA
972	16	1565	SDA
986	16	1170	SEA
987	16	1192	SEA
989	16	1212	SEA
992	16	1165	SDA
1010	16	2113	SEA
1013	16	2129	SEA
1014	16	2132	SEA
1016	16	2070	SEA
1019	16	1922	SEA
1023	16	581	SEA
1026	16	701	SEA
1028	16	675	SEA
1033	16	802	SEA
1037	16	824	SEA
1040	16	875	SDA
1042	16	806	SDA
1048	16	919	SDA
1049	16	915	SDA
1051	16	759	SDA
1053	16	738	SDA
1057	16	355	SDA
1059	16	349	SDA
1063	16	359	SDA
1064	16	329	SDA
1067	16	1326	SDA
1069	16	1278	SDA
1071	16	198	SEA
1074	16	169	SEA
1075	16	166	SEA
1090	16	1	SEA
1093	16	156	SEA
1099	16	950	SDA
1103	16	928	SEA
1105	16	989	SEA
1108	16	50	SDA
1112	16	62	LSD
1119	16	31	SDA
1127	16	480	SDA
1130	16	600	SDA
1132	16	634	SDA
1136	16	1977	SDA
1140	16	1978	SDA
1146	16	615	SDA
1149	16	435	SDA
1153	16	463	SDA
1154	16	527	SDA
1157	16	535	SDA
1164	16	452	SDA
1168	16	462	SDA
1181	16	665	SDA
1183	16	694	SDA
1188	16	727	SEA
1190	16	665	SEA
1200	16	696	SEA
1205	16	719	SDA
1209	16	713	SEA
1210	16	741	SEA
1214	16	537	SDA
1228	16	722	SEA
1239	16	494	SEA
1240	16	498	SEA
1243	16	973	SDA
1248	16	1096	SEA
1252	16	655	SDA
1255	16	512	SDA
1256	16	462	SDA
1257	16	462	SDA
1264	16	500	SDA
1265	16	447	SDA
1275	16	861	SEA
1278	16	565	SDA
1279	16	565	SDA
1280	16	568	SDA
1284	16	619	SDA
1289	16	659	SEA
1295	16	368	SDA
1296	16	368	SDA
1301	16	441	SEA
1306	16	1076	SEA
1308	16	1048	SEA
1312	16	691	SDA
1319	16	618	SDA
