363	150	779	SEA
375	150	798	SEA
385	150	1016	SEA
395	150	719	SEA
408	150	679	SEA
409	150	638	SEA
421	150	760	SEA
422	150	619	SEA
435	150	829	SEA
439	150	803	SEA
448	150	826	SEA
458	150	499	SEA
463	150	900	SEA
494	150	180	SEA
507	150	1997	SEA
520	150	2129	SEA
529	150	960	SEA
536	150	2154	SEA
549	150	874	SEA
564	150	1903	SEA
568	150	1990	SEA
578	150	1091	SEA
593	150	480	SEA
606	150	286	SEA
607	150	228	SEA
629	150	966	SEA
637	150	824	SEA
654	150	1524	SEA
672	150	1224	SEA
694	150	1402	SEA
710	150	1094	SEA
718	150	1217	SEA
727	150	1159	SEA
729	150	1079	SEA
740	150	1134	SEA
749	150	1019	SEA
751	150	1012	SEA
757	150	1279	SEA
759	150	1295	SEA
760	150	1200	SEA
761	150	1200	SEA
765	150	1200	SEA
768	150	1280	SEA
770	150	1096	SEA
771	150	1103	SEA
772	150	1103	SEA
774	150	1281	SEA
775	150	1281	SEA
778	150	1261	SEA
791	150	956	SEA
798	150	957	SEA
801	150	963	SEA
804	150	1140	SEA
808	150	1100	SEA
810	150	1048	SEA
819	150	1149	SEA
834	150	1328	SEA
840	150	1140	SEA
847	150	939	SEA
853	150	1016	SEA
859	150	1037	SEA
863	150	1140	SEA
871	150	1078	SEA
876	150	1033	SEA
887	150	1004	SEA
889	150	1025	SEA
893	150	1082	SEA
895	150	1040	SEA
901	150	1219	SEA
908	150	1086	SEA
918	150	1140	SEA
920	150	1139	SEA
922	150	1019	SEA
923	150	1053	SEA
924	150	989	SEA
926	150	873	SEA
932	150	914	SEA
933	150	847	SEA
936	150	884	SEA
937	150	1140	SEA
940	150	1019	SEA
941	150	979	SEA
943	150	899	SEA
944	150	1024	SEA
950	150	1026	SEA
952	150	1062	SEA
953	150	1055	SEA
965	150	1002	SEA
967	150	1026	SEA
972	150	1010	SEA
986	150	1145	SEA
987	150	1149	SEA
989	150	1148	SEA
992	150	1140	SEA
1000	150	979	SEA
1006	150	1168	SEA
1007	150	1168	SEA
1008	150	1169	SEA
1010	150	1140	SEA
1013	150	1140	SEA
1014	150	1139	SEA
1016	150	1019	SEA
1019	150	899	SEA
1023	150	1085	SEA
1026	150	1041	SEA
1028	150	1004	SEA
1033	150	959	SEA
1037	150	779	SEA
1040	150	599	SEA
1042	150	529	SEA
1048	150	688	SEA
1049	150	645	SEA
1051	150	760	SEA
1053	150	799	SEA
1057	150	1021	SEA
1059	150	1011	SEA
1063	150	900	SEA
1064	150	900	SEA
1067	150	839	SEA
1069	150	759	SEA
1071	150	742	SEA
1074	150	684	SEA
1075	150	735	SEA
1090	150	929	SEA
1093	150	934	SEA
1099	150	792	SEA
1103	150	535	SEA
1105	150	668	SEA
1108	150	680	SEA
1112	150	777	SEA
1119	150	628	SEA
1127	150	900	SEA
1130	150	599	SEA
1132	150	499	SEA
1136	150	1458	SEA
1140	150	1527	SDA
1146	150	739	SEA
1149	150	832	SEA
1153	150	826	SEA
1154	150	818	SEA
1157	150	839	SEA
1164	150	542	SEA
1168	150	608	SDA
1181	150	870	SEA
1183	150	807	SEA
1188	150	1175	SEA
1190	150	1084	SEA
1200	150	1060	SEA
1205	150	1199	SEA
1209	150	1019	SEA
1210	150	959	SEA
1214	150	1084	SEA
1228	150	1201	SEA
1239	150	1159	SEA
1240	150	1129	SEA
1243	150	1200	SEA
1248	150	1269	SEA
1252	150	1191	SEA
1255	150	1208	SEA
1256	150	1208	SEA
1257	150	1208	SEA
1275	150	1416	SDA
1278	150	1367	SDA
1279	150	1367	SDA
1280	150	1377	SDA
1284	150	1440	SEA
1295	150	1341	SEA
1296	150	1341	SEA
1301	150	1343	SEA
1308	150	1440	SEA
1312	150	1440	SEA
1319	150	1416	SEA
