363	2	566	SEA
385	2	843	SEA
408	2	946	SEA
409	2	935	SEA
421	2	817	SEA
422	2	878	SEA
435	2	627	SEA
439	2	620	SEA
448	2	747	SEA
458	2	789	SEA
463	2	418	SEA
494	2	735	SEA
529	2	54	SEA
543	2	678	SEA
549	2	863	SEA
554	2	865	SEA
568	2	615	SEA
593	2	971	SEA
606	2	722	SEA
607	2	769	SEA
629	2	928	SEA
637	2	840	SEA
654	2	788	SEA
694	2	943	SEA
710	2	977	SEA
727	2	871	SEA
729	2	944	SEA
751	2	1314	SEA
757	2	5	SEA
759	2	57	SEA
760	2	239	SEA
765	2	569	SEA
768	2	710	SEA
770	2	837	SEA
771	2	852	SEA
772	2	852	SEA
774	2	865	SEA
778	2	845	SEA
791	2	1028	SEA
798	2	769	SEA
801	2	762	SEA
804	2	853	SEA
808	2	819	SEA
810	2	808	SEA
819	2	1038	SEA
834	2	770	SEA
840	2	845	SEA
847	2	716	SEA
853	2	736	SEA
859	2	862	SEA
863	2	1757	SEA
871	2	898	SEA
876	2	814	SEA
887	2	806	SEA
889	2	818	SEA
893	2	699	SEA
895	2	888	SEA
901	2	1169	SEA
908	2	900	SEA
918	2	767	SEA
920	2	757	SEA
922	2	762	SEA
923	2	770	SEA
924	2	813	SEA
926	2	774	SEA
932	2	1144	SEA
933	2	1136	SEA
936	2	587	SEA
937	2	591	SEA
940	2	592	SEA
941	2	575	SEA
943	2	633	SEA
944	2	660	SEA
950	2	1114	SEA
952	2	1416	SEA
953	2	1440	SEA
965	2	419	SEA
967	2	840	SEA
972	2	824	SEA
986	2	839	SEA
987	2	818	SEA
989	2	903	SEA
992	2	972	SEA
1000	2	903	SEA
1006	2	845	SEA
1007	2	845	SEA
1008	2	876	SEA
1010	2	854	SEA
1013	2	869	SEA
1014	2	856	SEA
1016	2	845	SEA
1019	2	916	SEA
1023	2	1016	SEA
1026	2	644	SEA
1028	2	711	SEA
1033	2	760	SDA
1037	2	772	SDA
1040	2	774	SEA
1042	2	488	SEA
1048	2	419	SEA
1049	2	420	SEA
1051	2	452	SEA
1053	2	454	SEA
1057	2	849	SEA
1059	2	842	SEA
1063	2	681	SEA
1064	2	674	SEA
1067	2	629	SEA
1069	2	536	SEA
1071	2	556	SDA
1074	2	627	SDA
1075	2	583	SEA
1090	2	671	SEA
1093	2	582	SDA
1099	2	559	SDA
1103	2	642	SEA
1105	2	647	SEA
1108	2	574	SEA
1112	2	765	SDA
1119	2	846	SEA
1127	2	614	SEA
1130	2	622	SDA
1132	2	607	SDA
1136	2	795	SEA
1140	2	924	SEA
1146	2	618	SEA
1149	2	685	SEA
1153	2	829	SEA
1154	2	843	SEA
1157	2	946	SEA
1164	2	714	SEA
1168	2	725	SEA
1181	2	886	SEA
1183	2	882	SEA
1188	2	1573	SEA
1190	2	1594	SEA
1200	2	724	SEA
1205	2	843	SEA
1209	2	952	SEA
1210	2	966	SEA
1214	2	985	SEA
1228	2	1136	SEA
1239	2	719	SEA
1240	2	679	SEA
1243	2	539	SEA
1248	2	326	SEA
1252	2	358	SEA
1255	2	550	SEA
1257	2	612	SEA
1264	2	1192	SEA
1265	2	1215	SEA
1275	2	631	SEA
1278	2	1903	SEA
1279	2	1903	SEA
1280	2	1906	SEA
1284	2	901	SEA
1289	2	985	SEA
1295	2	981	SEA
1296	2	981	SEA
1301	2	947	SEA
1306	2	925	SEA
1308	2	926	SEA
1312	2	934	SEA
1319	2	951	SEA
